TimeStamp,X,Y,Event
10:21:12.0381,475.8,197.6,fixation
10:21:12.0386,476.6,195.9,fixation
10:21:12.0391,477.0,194.1,fixation
10:21:12.0396,476.1,195.9,fixation
10:21:12.0401,475.1,198.3,fixation
10:21:12.0406,474.0,200.6,fixation
10:21:12.0411,474.0,200.3,fixation
10:21:12.0416,474.1,197.9,fixation
10:21:12.0421,474.2,195.8,fixation
10:21:12.0426,474.6,194.1,fixation
10:21:12.0431,474.8,195.6,fixation
10:21:12.0436,475.0,197.0,fixation
10:21:12.0441,474.2,197.9,fixation
10:21:12.0446,473.5,197.7,fixation
10:21:12.0451,473.2,197.7,fixation
10:21:12.0456,473.8,196.8,fixation
10:21:12.0461,474.6,195.9,fixation
10:21:12.0466,474.7,195.2,fixation
10:21:12.0471,474.7,195.1,fixation
10:21:12.0476,474.9,195.2,fixation
10:21:12.0481,475.3,196.4,fixation
10:21:12.0486,475.5,197.9,fixation
10:21:12.0491,474.8,199.4,fixation
10:21:12.0496,474.3,199.6,fixation
10:21:12.0501,473.9,198.8,fixation
10:21:12.0506,474.0,198.1,fixation
10:21:12.0511,474.0,197.9,fixation
10:21:12.0516,473.8,198.7,fixation
10:21:12.0521,473.6,199.3,fixation
10:21:12.0526,473.7,199.6,fixation
10:21:12.0531,474.0,200.2,fixation
10:21:12.0536,473.6,200.9,fixation
10:21:12.0541,472.9,201.5,fixation
10:21:12.0546,472.2,199.8,fixation
10:21:12.0551,472.0,197.8,fixation
10:21:12.0556,472.5,195.3,fixation
10:21:12.0561,473.2,194.7,fixation
10:21:12.0566,474.0,194.1,fixation
10:21:12.0571,474.1,195.9,fixation
10:21:12.0576,474.2,197.9,fixation
10:21:12.0581,474.2,199.8,fixation
10:21:12.0586,474.2,200.2,fixation
10:21:12.0591,473.8,200.6,fixation
10:21:12.0596,473.6,199.5,fixation
10:21:12.0601,474.2,198.1,fixation
10:21:12.0606,475.2,197.7,fixation
10:21:12.0611,475.9,199.0,fixation
10:21:12.0616,475.8,200.2,fixation
10:21:12.0621,475.7,200.6,fixation
10:21:12.0626,475.8,200.9,fixation
10:21:12.0631,475.9,200.6,fixation
10:21:12.0636,476.0,200.1,fixation
10:21:12.0641,476.0,199.6,fixation
10:21:12.0646,476.0,199.7,fixation
10:21:12.0651,475.9,199.6,fixation
10:21:12.0656,475.8,198.9,fixation
10:21:12.0661,476.0,198.3,fixation
10:21:12.0666,476.2,198.5,fixation
10:21:12.0671,476.1,199.7,fixation
10:21:12.0676,476.0,201.0,fixation
10:21:12.0681,475.9,200.6,fixation
10:21:12.0686,476.2,199.2,fixation
10:21:12.0691,476.2,197.9,fixation
10:21:12.0696,476.4,197.1,fixation
10:21:12.0701,476.5,196.6,fixation
10:21:12.0706,476.3,197.2,fixation
10:21:12.0711,476.5,199.3,fixation
10:21:12.0716,476.8,201.3,fixation
10:21:12.0721,477.1,202.5,fixation
10:21:12.0726,477.0,202.9,fixation
10:21:12.0731,477.5,203.5,fixation
10:21:12.0736,478.2,203.7,fixation
10:21:12.0741,479.0,202.5,fixation
10:21:12.0746,478.8,200.8,fixation
10:21:12.0751,478.5,199.1,fixation
10:21:12.0756,477.7,198.6,fixation
10:21:12.0761,477.3,198.5,fixation
10:21:12.0766,477.6,198.6,fixation
10:21:12.0771,478.3,198.9,fixation
10:21:12.0776,478.1,199.1,fixation
10:21:12.0781,477.3,199.4,fixation
10:21:12.0786,476.6,199.6,fixation
10:21:12.0791,476.9,199.6,fixation
10:21:12.0796,477.1,198.2,fixation
10:21:12.0801,477.2,196.7,fixation
10:21:12.0806,477.5,197.3,fixation
10:21:12.0811,478.0,198.9,fixation
10:21:12.0816,478.3,200.8,fixation
10:21:12.0821,478.2,201.3,fixation
10:21:12.0826,478.1,201.9,fixation
10:21:12.0831,478.1,202.4,fixation
10:21:12.0836,478.2,202.7,fixation
10:21:12.0841,478.3,203.0,fixation
10:21:12.0846,478.3,202.6,fixation
10:21:12.0851,478.1,202.2,fixation
10:21:12.0856,477.9,201.9,fixation
10:21:12.0861,477.7,201.8,fixation
10:21:12.0866,477.7,201.8,fixation
10:21:12.0871,477.6,202.6,fixation
10:21:12.0876,476.9,203.2,fixation
10:21:12.0881,476.2,202.7,fixation
10:21:12.0886,475.5,201.5,fixation
10:21:12.0891,475.5,198.6,fixation
10:21:12.0896,475.7,196.9,fixation
10:21:12.0901,476.0,196.0,fixation
10:21:12.0906,476.2,197.5,fixation
10:21:12.0911,476.4,198.8,fixation
10:21:12.0916,475.9,199.1,fixation
10:21:12.0921,475.4,198.8,fixation
10:21:12.0926,475.0,198.6,fixation
10:21:12.0931,475.7,198.6,fixation
10:21:12.0936,476.2,198.5,fixation
10:21:12.0941,476.5,198.3,fixation
10:21:12.0946,475.8,195.9,fixation
10:21:12.0951,475.2,193.6,fixation
10:21:12.0956,474.9,192.1,fixation
10:21:12.0961,475.1,192.5,fixation
10:21:12.0966,475.0,192.8,fixation
10:21:12.0971,474.1,194.5,fixation
10:21:12.0976,473.2,196.5,fixation
10:21:12.0981,472.6,198.4,fixation
10:21:12.0986,472.6,198.4,fixation
10:21:12.0991,473.1,198.5,fixation
10:21:12.0996,473.6,198.6,fixation
10:21:12.1001,474.3,198.9,fixation
10:21:12.1006,474.4,199.0,fixation
10:21:12.1011,474.2,198.5,fixation
10:21:12.1016,473.7,197.9,fixation
10:21:12.1021,473.2,197.2,fixation
10:21:12.1026,473.1,196.8,fixation
10:21:12.1031,472.9,196.6,fixation
10:21:12.1036,472.6,196.3,fixation
10:21:12.1041,472.4,196.4,fixation
10:21:12.1046,472.1,196.5,fixation
10:21:12.1051,471.6,196.2,fixation
10:21:12.1056,471.2,196.0,fixation
10:21:12.1061,471.3,195.9,fixation
10:21:12.1066,472.1,196.3,fixation
10:21:12.1071,472.8,196.7,fixation
10:21:12.1076,473.4,197.6,fixation
10:21:12.1081,473.9,199.3,fixation
10:21:12.1086,475.1,201.1,fixation
10:21:12.1091,476.1,201.0,fixation
10:21:12.1096,476.8,199.6,fixation
10:21:12.1101,476.7,198.7,fixation
10:21:12.1106,476.6,199.1,fixation
10:21:12.1111,476.3,199.3,fixation
10:21:12.1116,476.1,199.0,fixation
10:21:12.1121,475.9,198.9,fixation
10:21:12.1126,476.2,200.1,fixation
10:21:12.1131,476.7,201.2,fixation
10:21:12.1136,477.4,201.2,fixation
10:21:12.1141,478.6,200.4,fixation
10:21:12.1146,479.8,199.6,fixation
10:21:12.1151,481.1,199.7,fixation
10:21:12.1156,481.4,199.6,fixation
10:21:12.1161,480.3,199.3,fixation
10:21:12.1166,479.0,200.1,fixation
10:21:12.1171,477.6,200.7,fixation
10:21:12.1176,477.6,201.5,fixation
10:21:12.1181,477.8,202.4,fixation
10:21:12.1186,477.9,203.4,fixation
10:21:12.1191,477.9,202.0,fixation
10:21:12.1196,477.6,199.7,fixation
10:21:12.1201,477.1,197.3,fixation
10:21:12.1206,476.3,197.3,fixation
10:21:12.1211,475.4,197.5,fixation
10:21:12.1216,474.2,197.8,fixation
10:21:12.1221,473.3,198.2,fixation
10:21:12.1226,473.2,198.5,fixation
10:21:12.1231,473.8,198.8,fixation
10:21:12.1236,474.1,197.8,fixation
10:21:12.1241,473.9,196.8,fixation
10:21:12.1246,473.4,199.1,fixation
10:21:12.1251,472.4,202.2,fixation
10:21:12.1256,471.8,202.8,fixation
10:21:12.1261,471.6,200.2,fixation
10:21:12.1266,472.0,197.7,fixation
10:21:12.1271,472.0,199.1,fixation
10:21:12.1276,472.0,200.5,fixation
10:21:12.1281,471.8,201.8,fixation
10:21:12.1286,471.7,202.2,fixation
10:21:12.1291,471.5,202.5,fixation
10:21:12.1296,471.6,202.7,fixation
10:21:12.1301,471.9,201.7,fixation
10:21:12.1306,471.8,200.8,fixation
10:21:12.1311,471.3,200.1,fixation
10:21:12.1316,470.7,200.4,fixation
10:21:12.1321,470.5,200.9,fixation
10:21:12.1326,470.8,199.9,fixation
10:21:12.1331,471.4,198.5,fixation
10:21:12.1336,472.2,198.4,fixation
10:21:12.1341,473.0,199.9,fixation
10:21:12.1346,473.7,200.5,fixation
10:21:12.1351,473.6,199.5,fixation
10:21:12.1356,472.9,198.7,fixation
10:21:12.1361,472.1,199.0,fixation
10:21:12.1366,472.4,199.5,fixation
10:21:12.1371,472.9,199.8,fixation
10:21:12.1376,473.6,201.0,fixation
10:21:12.1381,473.9,202.1,fixation
10:21:12.1386,474.2,203.3,fixation
10:21:12.1391,474.2,203.5,fixation
10:21:12.1396,474.0,202.7,fixation
10:21:12.1401,473.8,201.2,fixation
10:21:12.1406,473.6,199.4,fixation
10:21:12.1411,473.6,198.3,fixation
10:21:12.1416,473.8,196.0,fixation
10:21:12.1421,474.0,194.1,fixation
10:21:12.1426,474.1,192.8,fixation
10:21:12.1431,474.1,193.5,fixation
10:21:12.1436,475.0,195.7,fixation
10:21:12.1441,476.3,197.6,fixation
10:21:12.1446,477.6,199.0,fixation
10:21:12.1451,477.9,199.0,fixation
10:21:12.1456,477.7,199.0,fixation
10:21:12.1461,477.4,200.0,fixation
10:21:12.1466,476.6,200.7,fixation
10:21:12.1471,475.9,201.4,fixation
10:21:12.1476,475.6,198.6,fixation
10:21:12.1481,476.0,196.0,fixation
10:21:12.1486,476.2,194.8,fixation
10:21:12.1491,476.2,196.1,fixation
10:21:12.1496,476.3,198.4,fixation
10:21:12.1501,476.6,199.4,fixation
10:21:12.1506,476.8,200.4,fixation
10:21:12.1511,476.9,200.4,fixation
10:21:12.1516,476.7,200.5,fixation
10:21:12.1521,476.0,200.6,fixation
10:21:12.1526,475.3,200.9,fixation
10:21:12.1531,474.5,201.4,fixation
10:21:12.1536,474.2,201.8,fixation
10:21:12.1541,474.5,202.0,fixation
10:21:12.1546,474.9,202.1,fixation
10:21:12.1551,475.3,202.0,fixation
10:21:12.1556,474.6,201.8,fixation
10:21:12.1561,474.0,202.7,fixation
10:21:12.1566,473.2,203.6,fixation
10:21:12.1571,473.0,203.9,fixation
10:21:12.1576,472.9,202.5,fixation
10:21:12.1581,472.8,201.3,fixation
10:21:12.1586,472.5,200.9,fixation
10:21:12.1591,472.2,201.2,fixation
10:21:12.1596,472.2,201.5,fixation
10:21:12.1601,472.3,200.8,fixation
10:21:12.1606,472.3,199.5,fixation
10:21:12.1611,472.1,198.2,fixation
10:21:12.1616,472.0,197.7,fixation
10:21:12.1621,471.6,198.9,fixation
10:21:12.1626,471.7,200.7,fixation
10:21:12.1631,471.6,203.5,fixation
10:21:12.1636,471.9,205.0,fixation
10:21:12.1641,472.0,205.6,fixation
10:21:12.1646,471.4,203.8,fixation
10:21:12.1651,470.5,202.1,fixation
10:21:12.1656,469.5,200.9,fixation
10:21:12.1661,469.6,200.9,fixation
10:21:12.1666,469.9,202.0,fixation
10:21:12.1671,470.3,202.7,fixation
10:21:12.1676,470.4,203.3,fixation
10:21:12.1681,470.3,202.8,fixation
10:21:12.1686,470.2,201.5,fixation
10:21:12.1691,470.2,200.2,fixation
10:21:12.1696,470.2,199.0,fixation
10:21:12.1701,470.4,199.4,fixation
10:21:12.1706,470.7,200.5,fixation
10:21:12.1711,471.0,201.7,fixation
10:21:12.1716,470.5,200.6,fixation
10:21:12.1721,469.8,198.8,fixation
10:21:12.1726,469.0,198.3,fixation
10:21:12.1731,468.9,199.6,fixation
10:21:12.1736,468.8,201.7,fixation
10:21:12.1741,469.7,202.7,fixation
10:21:12.1746,470.6,203.1,fixation
10:21:12.1751,471.7,201.7,fixation
10:21:12.1756,471.9,200.3,fixation
10:21:12.1761,472.1,199.5,fixation
10:21:12.1766,472.2,199.7,fixation
10:21:12.1771,472.0,199.4,fixation
10:21:12.1776,472.0,198.8,fixation
10:21:12.1781,471.8,198.1,fixation
10:21:12.1786,471.8,197.8,fixation
10:21:12.1791,471.9,197.4,fixation
10:21:12.1796,472.1,197.0,fixation
10:21:12.1801,472.7,196.7,fixation
10:21:12.1806,473.2,196.8,fixation
10:21:12.1811,473.7,197.1,fixation
10:21:12.1816,473.8,197.5,fixation
10:21:12.1821,473.3,197.8,fixation
10:21:12.1826,472.7,197.8,fixation
10:21:12.1831,471.9,198.3,fixation
10:21:12.1836,471.7,198.8,fixation
10:21:12.1841,472.0,200.0,fixation
10:21:12.1846,472.4,200.5,fixation
10:21:12.1851,471.9,200.9,fixation
10:21:12.1856,471.1,200.3,fixation
10:21:12.1861,470.3,199.6,fixation
10:21:12.1866,470.2,199.1,fixation
10:21:12.1871,470.1,199.4,fixation
10:21:12.1876,470.3,200.1,fixation
10:21:12.1881,470.4,201.4,fixation
10:21:12.1886,470.6,202.3,fixation
10:21:12.1891,470.5,201.8,fixation
10:21:12.1896,470.7,200.2,fixation
10:21:12.1901,470.8,198.1,fixation
10:21:12.1906,470.9,196.8,fixation
10:21:12.1911,471.0,196.1,fixation
10:21:12.1916,471.2,196.1,fixation
10:21:12.1921,471.4,196.6,fixation
10:21:12.1926,471.6,197.6,fixation
10:21:12.1931,471.6,198.3,fixation
10:21:12.1936,471.8,199.1,fixation
10:21:12.1941,473.2,199.7,fixation
10:21:12.1946,474.6,200.3,fixation
10:21:12.1951,475.7,200.7,fixation
10:21:12.1956,475.3,199.5,fixation
10:21:12.1961,474.8,198.7,fixation
10:21:12.1966,474.4,198.1,fixation
10:21:12.1971,474.4,198.7,fixation
10:21:12.1976,474.4,198.8,fixation
10:21:12.1981,474.2,198.6,fixation
10:21:12.1986,473.8,199.2,fixation
10:21:12.1991,474.1,200.5,fixation
10:21:12.1996,474.6,201.8,fixation
10:21:12.2001,475.1,202.1,fixation
10:21:12.2006,475.1,202.0,fixation
10:21:12.2011,474.8,201.7,fixation
10:21:12.2016,474.4,201.9,fixation
10:21:12.2021,474.0,202.1,fixation
10:21:12.2026,474.0,202.3,fixation
10:21:12.2031,474.0,201.9,fixation
10:21:12.2036,474.3,200.0,fixation
10:21:12.2041,474.8,197.9,fixation
10:21:12.2046,475.2,195.9,fixation
10:21:12.2051,475.4,197.1,fixation
10:21:12.2056,475.5,198.2,fixation
10:21:12.2061,475.6,199.3,fixation
10:21:12.2066,475.6,199.1,fixation
10:21:12.2071,476.2,199.6,fixation
10:21:12.2076,476.8,199.6,fixation
10:21:12.2081,477.4,199.2,fixation
10:21:12.2086,477.3,198.8,fixation
10:21:12.2091,477.4,198.8,fixation
10:21:12.2096,477.3,199.9,fixation
10:21:12.2101,477.4,201.0,fixation
10:21:12.2106,477.3,200.8,fixation
10:21:12.2111,477.2,199.5,fixation
10:21:12.2116,477.0,198.8,fixation
10:21:12.2121,476.7,199.3,fixation
10:21:12.2126,476.4,200.2,fixation
10:21:12.2131,476.6,200.8,fixation
10:21:12.2136,477.4,201.6,fixation
10:21:12.2141,478.1,201.3,fixation
10:21:12.2146,478.6,200.6,fixation
10:21:12.2151,478.9,199.8,fixation
10:21:12.2156,479.2,199.9,fixation
10:21:12.2161,479.0,200.2,fixation
10:21:12.2166,478.4,200.7,fixation
10:21:12.2171,477.9,201.0,fixation
10:21:12.2176,478.0,200.9,fixation
10:21:12.2181,478.3,200.6,fixation
10:21:12.2186,478.6,200.3,fixation
10:21:12.2191,478.3,200.0,fixation
10:21:12.2196,477.8,199.7,fixation
10:21:12.2201,477.3,200.2,fixation
10:21:12.2206,476.9,201.0,fixation
10:21:12.2211,476.5,201.7,fixation
10:21:12.2216,476.0,201.8,fixation
10:21:12.2221,475.8,201.1,fixation
10:21:12.2226,475.8,200.5,fixation
10:21:12.2231,476.1,199.9,fixation
10:21:12.2236,476.4,199.9,fixation
10:21:12.2241,476.5,199.5,fixation
10:21:12.2246,476.5,199.3,fixation
10:21:12.2251,476.5,199.3,fixation
10:21:12.2256,476.2,200.5,fixation
10:21:12.2261,476.0,201.6,fixation
10:21:12.2266,475.7,202.6,fixation
10:21:12.2271,475.6,202.6,fixation
10:21:12.2276,475.5,203.2,fixation
10:21:12.2281,475.4,203.7,fixation
10:21:12.2286,475.1,203.5,fixation
10:21:12.2291,474.9,202.8,fixation
10:21:12.2296,474.7,202.1,fixation
10:21:12.2301,474.6,202.3,fixation
10:21:12.2306,474.6,202.5,fixation
10:21:12.2311,474.7,202.3,fixation
10:21:12.2316,475.0,201.6,fixation
10:21:12.2321,475.4,200.9,fixation
10:21:12.2326,475.8,200.1,fixation
10:21:12.2331,476.0,199.2,fixation
10:21:12.2336,476.2,198.2,fixation
10:21:12.2341,476.1,199.3,fixation
10:21:12.2346,475.0,200.7,fixation
10:21:12.2351,474.0,201.1,fixation
10:21:12.2356,473.1,200.3,fixation
10:21:12.2361,473.2,199.7,fixation
10:21:12.2366,473.3,200.0,fixation
10:21:12.2371,473.1,199.9,fixation
10:21:12.2376,472.9,200.0,fixation
10:21:12.2381,472.6,200.1,fixation
10:21:12.2386,472.5,200.2,fixation
10:21:12.2391,472.6,199.5,fixation
10:21:12.2396,472.6,198.8,fixation
10:21:12.2401,472.9,198.0,fixation
10:21:12.2406,473.2,197.8,fixation
10:21:12.2411,473.4,197.6,fixation
10:21:12.2416,473.3,197.8,fixation
10:21:12.2421,473.0,198.1,fixation
10:21:12.2426,472.9,198.0,fixation
10:21:12.2431,473.0,197.5,fixation
10:21:12.2436,473.5,197.0,fixation
10:21:12.2441,474.0,196.9,fixation
10:21:12.2446,473.9,197.2,fixation
10:21:12.2451,473.7,197.5,fixation
10:21:12.2456,473.6,196.9,fixation
10:21:12.2461,473.8,196.2,fixation
10:21:12.2466,474.0,196.4,fixation
10:21:12.2471,473.9,198.2,fixation
10:21:12.2476,473.9,199.9,fixation
10:21:12.2481,473.4,200.7,fixation
10:21:12.2486,473.1,200.6,fixation
10:21:12.2491,473.2,200.6,fixation
10:21:12.2496,473.6,202.3,fixation
10:21:12.2501,474.1,204.0,fixation
10:21:12.2506,474.2,205.7,fixation
10:21:12.2511,474.6,204.2,fixation
10:21:12.2516,474.8,202.8,fixation
10:21:12.2521,475.0,201.3,fixation
10:21:12.2526,475.0,201.3,fixation
10:21:12.2531,475.4,201.5,fixation
10:21:12.2536,475.8,201.7,fixation
10:21:12.2541,476.2,201.7,fixation
10:21:12.2546,476.2,201.0,fixation
10:21:12.2551,476.8,200.6,fixation
10:21:12.2556,477.4,200.3,fixation
10:21:12.2561,478.0,200.9,fixation
10:21:12.2566,478.0,201.4,fixation
10:21:12.2571,478.3,201.7,fixation
10:21:12.2576,478.7,201.6,fixation
10:21:12.2581,478.1,201.0,fixation
10:21:12.2586,477.1,200.5,fixation
10:21:12.2591,476.2,200.1,fixation
10:21:12.2596,475.5,200.2,fixation
10:21:12.2601,474.9,198.9,fixation
10:21:12.2606,476.1,197.0,fixation
10:21:12.2611,478.0,194.7,fixation
10:21:12.2616,478.7,193.5,fixation
10:21:12.2621,477.7,193.0,fixation
10:21:12.2626,476.6,192.8,fixation
10:21:12.2631,476.6,193.0,fixation
10:21:12.2636,476.5,193.5,fixation
10:21:12.2641,476.5,194.1,fixation
10:21:12.2646,476.4,194.4,fixation
10:21:12.2651,475.6,195.3,fixation
10:21:12.2656,474.8,196.5,fixation
10:21:12.2661,473.9,198.5,fixation
10:21:12.2666,473.9,199.9,fixation
10:21:12.2671,473.8,200.9,fixation
10:21:12.2676,474.1,199.2,fixation
10:21:12.2681,474.2,197.7,fixation
10:21:12.2686,473.9,196.5,fixation
10:21:12.2691,473.4,196.4,fixation
10:21:12.2696,473.1,196.0,fixation
10:21:12.2701,473.3,195.4,fixation
10:21:12.2706,473.3,195.3,fixation
10:21:12.2711,473.1,194.5,fixation
10:21:12.2716,473.0,193.8,fixation
10:21:12.2721,473.1,193.2,fixation
10:21:12.2726,472.8,193.3,fixation
10:21:12.2731,472.3,195.5,fixation
10:21:12.2736,471.8,197.7,fixation
10:21:12.2741,471.6,199.9,fixation
10:21:12.2746,471.6,199.9,fixation
10:21:12.2751,471.8,198.7,fixation
10:21:12.2756,472.1,197.5,fixation
10:21:12.2761,472.1,198.1,fixation
10:21:12.2766,471.5,200.2,fixation
10:21:12.2771,470.8,202.2,fixation
10:21:12.2776,470.8,202.6,fixation
10:21:12.2781,472.2,202.9,fixation
10:21:12.2786,473.5,203.1,fixation
10:21:12.2791,474.3,203.2,fixation
10:21:12.2796,474.7,203.2,fixation
10:21:12.2801,475.5,203.2,fixation
10:21:12.2806,476.4,202.2,fixation
10:21:12.2811,476.8,201.2,fixation
10:21:12.2816,477.3,201.1,fixation
10:21:12.2821,477.7,201.7,fixation
10:21:12.2826,477.8,202.0,fixation
10:21:12.2831,477.5,200.9,fixation
10:21:12.2836,477.4,200.4,fixation
10:21:12.2841,477.4,200.5,fixation
10:21:12.2846,477.4,200.8,fixation
10:21:12.2851,477.3,201.0,fixation
10:21:12.2856,477.8,200.8,fixation
10:21:12.2861,478.1,200.6,fixation
10:21:12.2866,478.1,201.8,fixation
10:21:12.2871,477.7,203.1,fixation
10:21:12.2876,477.6,204.4,fixation
10:21:12.2881,477.8,204.5,fixation
10:21:12.2886,477.9,201.8,fixation
10:21:12.2891,477.6,199.0,fixation
10:21:12.2896,476.9,198.9,fixation
10:21:12.2901,476.3,201.4,fixation
10:21:12.2906,476.0,203.7,fixation
10:21:12.2911,476.0,203.5,fixation
10:21:12.2916,475.3,202.6,fixation
10:21:12.2921,473.8,201.9,fixation
10:21:12.2926,472.3,201.4,fixation
10:21:12.2931,472.1,201.6,fixation
10:21:12.2936,472.7,202.1,fixation
10:21:12.2941,472.8,202.3,fixation
10:21:12.2946,472.5,200.7,fixation
10:21:12.2951,473.0,198.9,fixation
10:21:12.2956,474.0,197.2,fixation
10:21:12.2961,474.9,197.8,fixation
10:21:12.2966,475.1,198.8,fixation
10:21:12.2971,475.8,199.9,fixation
10:21:12.2976,476.3,200.5,fixation
10:21:12.2981,476.3,200.6,fixation
10:21:12.2986,475.7,200.9,fixation
10:21:12.2991,475.0,201.3,fixation
10:21:12.2996,474.9,202.1,fixation
10:21:12.3001,475.5,202.6,fixation
10:21:12.3006,476.3,201.9,fixation
10:21:12.3011,477.4,200.9,fixation
10:21:12.3016,477.7,199.9,fixation
10:21:12.3021,477.9,199.9,fixation
10:21:12.3026,477.9,200.0,fixation
10:21:12.3031,478.0,200.0,fixation
10:21:12.3036,478.5,198.8,fixation
10:21:12.3041,479.0,197.5,fixation
10:21:12.3046,479.3,197.5,fixation
10:21:12.3051,479.1,200.3,fixation
10:21:12.3056,479.0,203.1,fixation
10:21:12.3061,479.3,204.3,fixation
10:21:12.3066,479.7,204.0,fixation
10:21:12.3071,479.9,203.7,fixation
10:21:12.3076,479.8,203.6,fixation
10:21:12.3081,479.8,203.4,fixation
10:21:12.3086,479.9,201.9,fixation
10:21:12.3091,480.1,200.4,fixation
10:21:12.3096,480.1,199.8,fixation
10:21:12.3101,480.6,200.8,fixation
10:21:12.3106,481.1,201.3,fixation
10:21:12.3111,480.7,201.1,fixation
10:21:12.3116,479.7,200.8,fixation
10:21:12.3121,478.7,201.0,fixation
10:21:12.3126,478.6,201.3,fixation
10:21:12.3131,478.7,202.6,fixation
10:21:12.3136,478.6,203.2,fixation
10:21:12.3141,478.2,203.2,fixation
10:21:12.3146,477.8,202.6,fixation
10:21:12.3151,477.7,203.0,fixation
10:21:12.3156,477.0,203.9,fixation
10:21:12.3161,476.3,204.5,fixation
10:21:12.3166,476.0,204.7,fixation
10:21:12.3171,476.4,205.1,fixation
10:21:12.3176,476.9,205.2,fixation
10:21:12.3181,476.6,205.1,fixation
10:21:12.3186,476.3,204.7,fixation
10:21:12.3191,476.0,204.3,fixation
10:21:12.3196,475.3,203.8,fixation
10:21:12.3201,474.4,203.5,fixation
10:21:12.3206,473.3,203.5,fixation
10:21:12.3211,472.9,203.7,fixation
10:21:12.3216,473.0,203.9,fixation
10:21:12.3221,473.3,204.0,fixation
10:21:12.3226,473.7,203.7,fixation
10:21:12.3231,474.0,203.0,fixation
10:21:12.3236,474.4,202.2,fixation
10:21:12.3241,474.3,201.6,fixation
10:21:12.3246,474.1,199.6,fixation
10:21:12.3251,474.6,197.9,fixation
10:21:12.3256,475.5,196.3,fixation
10:21:12.3261,476.2,196.4,fixation
10:21:12.3266,476.2,196.7,fixation
10:21:12.3271,476.4,197.7,fixation
10:21:12.3276,476.7,199.0,fixation
10:21:12.3281,477.0,200.2,fixation
10:21:12.3286,477.4,200.8,fixation
10:21:12.3291,477.9,200.4,fixation
10:21:12.3296,478.4,199.7,fixation
10:21:12.3301,479.2,198.6,fixation
10:21:12.3306,480.0,198.3,fixation
10:21:12.3311,479.9,199.9,fixation
10:21:12.3316,479.0,201.9,fixation
10:21:12.3321,477.8,203.8,fixation
10:21:12.3326,477.6,203.7,fixation
10:21:12.3331,478.2,203.5,fixation
10:21:12.3336,479.2,201.8,fixation
10:21:12.3341,479.8,199.6,fixation
10:21:12.3346,479.7,197.5,fixation
10:21:12.3351,479.3,196.8,fixation
10:21:12.3356,479.2,197.7,fixation
10:21:12.3361,479.0,199.8,fixation
10:21:12.3366,479.3,201.6,fixation
10:21:12.3371,479.6,202.6,fixation
10:21:12.3376,479.6,202.2,fixation
10:21:12.3381,479.3,202.0,fixation
10:21:12.3386,479.0,201.9,fixation
10:21:12.3391,479.0,201.8,fixation
10:21:12.3396,479.2,199.6,fixation
10:21:12.3401,479.3,197.5,fixation
10:21:12.3406,479.4,195.6,fixation
10:21:12.3411,479.2,195.9,fixation
10:21:12.3416,479.0,196.2,fixation
10:21:12.3421,478.0,196.0,fixation
10:21:12.3426,476.7,198.1,fixation
10:21:12.3431,475.8,200.3,fixation
10:21:12.3436,475.8,202.7,fixation
10:21:12.3441,475.3,202.7,fixation
10:21:12.3446,474.6,202.2,fixation
10:21:12.3451,473.8,201.7,fixation
10:21:12.3456,473.8,202.4,fixation
10:21:12.3461,473.7,203.4,fixation
10:21:12.3466,473.7,204.3,fixation
10:21:12.3471,473.8,203.3,fixation
10:21:12.3476,474.0,202.0,fixation
10:21:12.3481,474.1,201.0,fixation
10:21:12.3486,474.1,200.6,fixation
10:21:12.3491,474.1,200.0,fixation
10:21:12.3496,474.1,199.6,fixation
10:21:12.3501,474.8,199.4,fixation
10:21:12.3506,475.5,199.6,fixation
10:21:12.3511,476.0,199.8,fixation
10:21:12.3516,475.8,199.9,fixation
10:21:12.3521,475.3,199.8,fixation
10:21:12.3526,475.0,199.5,fixation
10:21:12.3531,474.8,199.1,fixation
10:21:12.3536,475.8,198.8,fixation
10:21:12.3541,476.8,198.6,fixation
10:21:12.3546,477.6,198.4,fixation
10:21:12.3551,477.2,199.4,fixation
10:21:12.3556,476.7,200.7,fixation
10:21:12.3561,476.4,201.9,fixation
10:21:12.3566,476.6,200.1,fixation
10:21:12.3571,476.8,198.3,fixation
10:21:12.3576,476.8,197.8,fixation
10:21:12.3581,476.8,199.2,fixation
10:21:12.3586,477.3,199.7,fixation
10:21:12.3591,478.1,198.8,fixation
10:21:12.3596,478.6,199.5,fixation
10:21:12.3601,478.6,201.2,fixation
10:21:12.3606,478.5,202.5,fixation
10:21:12.3611,478.7,201.7,fixation
10:21:12.3616,478.7,201.0,fixation
10:21:12.3621,478.7,200.8,fixation
10:21:12.3626,478.7,201.9,fixation
10:21:12.3631,478.9,202.9,fixation
10:21:12.3636,479.1,203.0,fixation
10:21:12.3641,479.3,201.8,fixation
10:21:12.3646,479.6,200.3,fixation
10:21:12.3651,479.4,199.5,fixation
10:21:12.3656,479.0,199.1,fixation
10:21:12.3661,478.5,200.6,fixation
10:21:12.3666,478.3,202.1,fixation
10:21:12.3671,478.2,203.0,fixation
10:21:12.3676,478.0,201.6,fixation
10:21:12.3681,477.3,200.4,fixation
10:21:12.3686,476.5,200.0,fixation
10:21:12.3691,476.4,201.0,fixation
10:21:12.3696,476.9,201.4,fixation
10:21:12.3701,476.8,201.7,fixation
10:21:12.3706,476.1,201.2,fixation
10:21:12.3711,475.3,199.7,fixation
10:21:12.3716,475.3,198.5,fixation
10:21:12.3721,475.4,197.7,fixation
10:21:12.3726,475.6,198.0,fixation
10:21:12.3731,475.6,197.9,fixation
10:21:12.3736,475.2,199.0,fixation
10:21:12.3741,474.3,200.4,fixation
10:21:12.3746,473.6,201.0,fixation
10:21:12.3751,473.2,199.6,fixation
10:21:12.3756,473.4,198.2,fixation
10:21:12.3761,473.4,197.6,fixation
10:21:12.3766,473.8,197.5,fixation
10:21:12.3771,474.3,196.6,fixation
10:21:12.3776,474.8,195.8,fixation
10:21:12.3781,475.1,195.1,fixation
10:21:12.3786,475.2,195.2,fixation
10:21:12.3791,475.2,195.8,fixation
10:21:12.3796,475.3,196.3,fixation
10:21:12.3801,475.5,196.6,fixation
10:21:12.3806,476.1,196.4,fixation
10:21:12.3811,476.4,196.5,fixation
10:21:12.3816,476.5,196.8,fixation
10:21:12.3821,476.7,196.7,fixation
10:21:12.3826,478.3,196.3,fixation
10:21:12.3831,479.9,195.7,fixation
10:21:12.3836,480.5,195.2,fixation
10:21:12.3841,479.8,196.1,fixation
10:21:12.3846,479.0,197.1,fixation
10:21:12.3851,478.0,198.0,fixation
10:21:12.3856,477.2,198.2,fixation
10:21:12.3861,476.4,198.5,fixation
10:21:12.3866,476.4,199.0,fixation
10:21:12.3871,476.6,199.1,fixation
10:21:12.3876,476.9,199.1,fixation
10:21:12.3881,477.1,199.7,fixation
10:21:12.3886,477.1,200.2,fixation
10:21:12.3891,477.0,200.2,fixation
10:21:12.3896,477.3,199.3,fixation
10:21:12.3901,477.5,198.7,fixation
10:21:12.3906,477.5,198.5,fixation
10:21:12.3911,477.2,198.2,fixation
10:21:12.3916,476.8,197.4,fixation
10:21:12.3921,476.6,197.3,fixation
10:21:12.3926,476.5,198.3,fixation
10:21:12.3931,476.3,199.7,fixation
10:21:12.3936,475.9,201.1,fixation
10:21:12.3941,475.4,201.7,fixation
10:21:12.3946,475.1,202.3,fixation
10:21:12.3951,475.0,200.4,fixation
10:21:12.3956,475.1,198.9,fixation
10:21:12.3961,475.2,197.3,fixation
10:21:12.3966,475.2,196.5,fixation
10:21:12.3971,474.3,195.3,fixation
10:21:12.3976,472.9,194.0,fixation
10:21:12.3981,471.5,193.9,fixation
10:21:12.3986,471.2,194.2,fixation
10:21:12.3991,471.5,194.6,fixation
10:21:12.3996,471.9,194.9,fixation
10:21:12.4001,472.2,195.2,fixation
10:21:12.4006,472.4,195.5,fixation
10:21:12.4011,472.4,195.9,fixation
10:21:12.4016,472.4,196.1,fixation
10:21:12.4021,472.4,196.3,fixation
10:21:12.4026,472.9,196.5,fixation
10:21:12.4031,473.5,196.8,fixation
10:21:12.4036,474.0,197.2,fixation
10:21:12.4041,474.3,197.4,fixation
10:21:12.4046,474.6,197.2,fixation
10:21:12.4051,475.1,197.1,fixation
10:21:12.4056,475.5,196.9,fixation
10:21:12.4061,476.3,197.5,fixation
10:21:12.4066,477.0,198.1,fixation
10:21:12.4071,477.0,198.5,fixation
10:21:12.4076,476.6,198.3,fixation
10:21:12.4081,475.9,198.6,fixation
10:21:12.4086,475.8,198.9,fixation
10:21:12.4091,475.7,199.1,fixation
10:21:12.4096,475.9,197.9,fixation
10:21:12.4101,476.0,196.5,fixation
10:21:12.4106,475.9,195.3,fixation
10:21:12.4111,475.6,196.0,fixation
10:21:12.4116,475.2,197.2,fixation
10:21:12.4121,475.2,198.1,fixation
10:21:12.4126,475.2,198.0,fixation
10:21:12.4131,475.1,197.8,fixation
10:21:12.4136,475.1,197.9,fixation
10:21:12.4141,475.1,198.2,fixation
10:21:12.4146,474.8,198.5,fixation
10:21:12.4151,474.4,197.5,fixation
10:21:12.4156,473.9,196.1,fixation
10:21:12.4161,473.7,194.8,fixation
10:21:12.4166,473.4,194.4,fixation
10:21:12.4171,473.3,194.1,fixation
10:21:12.4176,472.2,194.3,fixation
10:21:12.4181,471.2,194.9,fixation
10:21:12.4186,470.2,195.7,fixation
10:21:12.4191,470.2,196.0,fixation
10:21:12.4196,469.5,196.2,fixation
10:21:12.4201,468.8,196.6,fixation
10:21:12.4206,468.0,197.0,fixation
10:21:12.4211,467.9,197.3,fixation
10:21:12.4216,467.9,197.4,fixation
10:21:12.4221,467.8,197.3,fixation
10:21:12.4226,467.7,197.2,fixation
10:21:12.4231,469.0,196.7,fixation
10:21:12.4236,470.4,195.5,fixation
10:21:12.4241,471.6,194.3,fixation
10:21:12.4246,471.4,193.6,fixation
10:21:12.4251,471.0,193.6,fixation
10:21:12.4256,471.0,193.9,fixation
10:21:12.4261,471.6,194.3,fixation
10:21:12.4266,472.3,194.7,fixation
10:21:12.4271,473.2,195.0,fixation
10:21:12.4276,473.3,195.0,fixation
10:21:12.4281,473.4,195.9,fixation
10:21:12.4286,473.6,196.7,fixation
10:21:12.4291,474.1,195.9,fixation
10:21:12.4296,474.8,194.2,fixation
10:21:12.4301,475.0,192.8,fixation
10:21:12.4306,475.0,193.2,fixation
10:21:12.4311,475.0,193.5,fixation
10:21:12.4316,474.7,193.8,fixation
10:21:12.4321,474.4,194.0,fixation
10:21:12.4326,474.1,194.2,fixation
10:21:12.4331,473.8,194.0,fixation
10:21:12.4336,473.4,193.9,fixation
10:21:12.4341,473.1,192.8,fixation
10:21:12.4346,472.7,191.8,fixation
10:21:12.4351,472.3,190.7,fixation
10:21:12.4356,471.8,190.6,fixation
10:21:12.4361,471.8,190.9,fixation
10:21:12.4366,471.6,191.5,fixation
10:21:12.4371,471.0,191.5,fixation
10:21:12.4376,470.9,191.4,fixation
10:21:12.4381,470.8,190.9,fixation
10:21:12.4386,470.3,190.8,fixation
10:21:12.4391,469.2,193.6,fixation
10:21:12.4396,467.7,196.4,fixation
10:21:12.4401,466.6,198.2,fixation
10:21:12.4406,465.8,197.0,fixation
10:21:12.4411,465.0,195.7,fixation
10:21:12.4416,464.7,194.7,fixation
10:21:12.4421,465.4,193.8,fixation
10:21:12.4426,466.4,193.0,fixation
10:21:12.4431,468.0,193.7,fixation
10:21:12.4436,468.5,194.1,fixation
10:21:12.4441,469.0,194.1,fixation
10:21:12.4446,469.0,193.3,fixation
10:21:12.4451,468.9,192.4,fixation
10:21:12.4456,468.8,193.7,fixation
10:21:12.4461,468.7,195.3,fixation
10:21:12.4466,468.7,196.5,fixation
10:21:12.4471,469.4,196.0,fixation
10:21:12.4476,470.4,195.5,fixation
10:21:12.4481,471.3,195.3,fixation
10:21:12.4486,471.7,195.3,fixation
10:21:12.4491,471.7,195.5,fixation
10:21:12.4496,471.7,196.2,fixation
10:21:12.4501,471.7,196.6,fixation
10:21:12.4506,471.7,196.9,fixation
10:21:12.4511,471.7,196.8,fixation
10:21:12.4516,471.8,196.8,fixation
10:21:12.4521,471.8,196.8,fixation
10:21:12.4526,472.0,195.0,fixation
10:21:12.4531,472.3,193.1,fixation
10:21:12.4536,472.6,191.2,fixation
10:21:12.4541,472.2,191.5,fixation
10:21:12.4546,471.8,191.9,fixation
10:21:12.4551,471.0,191.9,fixation
10:21:12.4556,470.5,191.6,fixation
10:21:12.4561,469.8,192.7,fixation
10:21:12.4566,469.1,194.0,fixation
10:21:12.4571,468.5,195.0,fixation
10:21:12.4576,468.1,194.3,fixation
10:21:12.4581,467.9,193.8,fixation
10:21:12.4586,467.6,193.5,fixation
10:21:12.4591,467.3,193.6,fixation
10:21:12.4596,467.5,193.7,fixation
10:21:12.4601,468.0,192.9,fixation
10:21:12.4606,468.5,192.1,fixation
10:21:12.4611,468.7,191.0,fixation
10:21:12.4616,468.5,190.9,fixation
10:21:12.4621,467.6,190.6,fixation
10:21:12.4626,466.8,190.5,fixation
10:21:12.4631,467.3,190.2,fixation
10:21:12.4636,468.5,190.1,fixation
10:21:12.4641,469.7,189.9,fixation
10:21:12.4646,469.7,190.0,fixation
10:21:12.4651,469.4,189.7,fixation
10:21:12.4656,469.1,189.2,fixation
10:21:12.4661,469.9,189.0,fixation
10:21:12.4666,470.9,189.0,fixation
10:21:12.4671,472.1,187.5,fixation
10:21:12.4676,472.2,185.7,fixation
10:21:12.4681,472.3,185.2,fixation
10:21:12.4686,472.2,187.2,fixation
10:21:12.4691,472.1,189.1,fixation
10:21:12.4696,472.0,190.2,fixation
10:21:12.4701,472.0,190.6,fixation
10:21:12.4706,471.9,189.6,fixation
10:21:12.4711,471.6,188.5,fixation
10:21:12.4716,471.3,187.3,fixation
10:21:12.4721,471.0,187.4,fixation
10:21:12.4726,470.7,187.3,fixation
10:21:12.4731,470.5,187.8,fixation
10:21:12.4736,470.5,188.5,fixation
10:21:12.4741,469.8,189.1,fixation
10:21:12.4746,469.2,188.7,fixation
10:21:12.4751,468.7,188.1,fixation
10:21:12.4756,469.0,187.8,fixation
10:21:12.4761,469.2,188.4,fixation
10:21:12.4766,468.9,189.3,fixation
10:21:12.4771,468.3,189.9,fixation
10:21:12.4776,468.2,186.4,fixation
10:21:12.4781,468.7,182.4,fixation
10:21:12.4786,469.2,178.9,fixation
10:21:12.4791,469.0,179.7,fixation
10:21:12.4796,468.8,180.6,fixation
10:21:12.4801,468.9,181.2,fixation
10:21:12.4806,469.1,182.7,fixation
10:21:12.4811,469.3,183.9,fixation
10:21:12.4816,469.5,185.0,fixation
10:21:12.4821,470.2,184.8,fixation
10:21:12.4826,470.9,185.6,fixation
10:21:12.4831,471.1,186.4,fixation
10:21:12.4836,470.9,186.3,fixation
10:21:12.4841,470.0,185.4,fixation
10:21:12.4846,469.2,184.4,fixation
10:21:12.4851,469.7,184.4,fixation
10:21:12.4856,470.9,184.4,fixation
10:21:12.4861,471.6,186.2,fixation
10:21:12.4866,471.0,187.8,fixation
10:21:12.4871,470.5,189.1,fixation
10:21:12.4876,470.5,188.6,fixation
10:21:12.4881,470.7,187.2,fixation
10:21:12.4886,470.1,185.9,fixation
10:21:12.4891,469.0,184.8,fixation
10:21:12.4896,467.8,185.0,fixation
10:21:12.4901,467.3,185.6,fixation
10:21:12.4906,467.3,186.4,fixation
10:21:12.4911,467.3,186.8,fixation
10:21:12.4916,467.2,185.8,fixation
10:21:12.4921,467.1,183.7,fixation
10:21:12.4926,466.9,181.7,fixation
10:21:12.4931,467.0,182.6,fixation
10:21:12.4936,467.0,184.5,fixation
10:21:12.4941,467.1,186.4,fixation
10:21:12.4946,467.2,186.3,fixation
10:21:12.4951,467.5,186.3,fixation
10:21:12.4956,467.8,186.3,fixation
10:21:12.4961,468.6,187.8,fixation
10:21:12.4966,469.2,189.2,fixation
10:21:12.4971,469.6,190.4,fixation
10:21:12.4976,469.5,190.3,fixation
10:21:12.4981,469.4,190.3,fixation
10:21:12.4986,469.2,190.6,fixation
10:21:12.4991,469.0,190.6,fixation
10:21:12.4996,468.7,190.9,fixation
10:21:12.5001,468.6,191.3,fixation
10:21:12.5006,468.3,191.8,fixation
10:21:12.5011,468.1,191.6,fixation
10:21:12.5016,468.1,191.2,fixation
10:21:12.5021,468.6,191.0,fixation
10:21:12.5026,469.1,190.7,fixation
10:21:12.5031,468.9,190.3,fixation
10:21:12.5036,467.9,189.8,fixation
10:21:12.5041,466.6,189.3,fixation
10:21:12.5046,465.6,188.9,fixation
10:21:12.5051,465.2,188.6,fixation
10:21:12.5056,465.3,188.4,fixation
10:21:12.5061,465.3,189.1,fixation
10:21:12.5066,465.2,190.5,fixation
10:21:12.5071,465.1,191.8,fixation
10:21:12.5076,466.1,190.5,fixation
10:21:12.5081,467.2,187.4,fixation
10:21:12.5086,468.3,184.3,fixation
10:21:12.5091,468.4,183.7,fixation
10:21:12.5096,468.8,185.4,fixation
10:21:12.5101,469.5,187.1,fixation
10:21:12.5106,470.2,188.1,fixation
10:21:12.5111,470.2,187.8,fixation
10:21:12.5116,470.1,187.9,fixation
10:21:12.5121,470.0,188.4,fixation
10:21:12.5126,470.0,189.0,fixation
10:21:12.5131,470.2,189.3,fixation
10:21:12.5136,470.5,187.9,fixation
10:21:12.5141,470.7,185.7,fixation
10:21:12.5146,470.7,183.5,fixation
10:21:12.5151,470.4,183.9,fixation
10:21:12.5156,470.4,185.1,fixation
10:21:12.5161,470.1,188.5,fixation
10:21:12.5166,469.4,190.6,fixation
10:21:12.5171,468.4,192.0,fixation
10:21:12.5176,467.7,189.9,fixation
10:21:12.5181,467.7,187.9,fixation
10:21:12.5186,468.0,186.5,fixation
10:21:12.5191,467.7,186.5,fixation
10:21:12.5196,466.7,188.4,fixation
10:21:12.5201,465.9,190.3,fixation
10:21:12.5206,465.7,190.3,fixation
10:21:12.5211,466.2,188.3,fixation
10:21:12.5216,466.5,186.3,fixation
10:21:12.5221,466.7,186.5,fixation
10:21:12.5226,466.9,186.8,fixation
10:21:12.5231,467.1,187.2,fixation
10:21:12.5236,467.5,187.1,fixation
10:21:12.5241,467.9,186.1,fixation
10:21:12.5246,468.3,185.0,fixation
10:21:12.5251,468.4,184.2,fixation
10:21:12.5256,468.6,184.5,fixation
10:21:12.5261,468.9,185.2,fixation
10:21:12.5266,469.2,185.9,fixation
10:21:12.5271,469.3,186.4,fixation
10:21:12.5276,469.4,186.3,fixation
10:21:12.5281,470.0,184.7,fixation
10:21:12.5286,470.7,183.1,fixation
10:21:12.5291,471.2,181.9,fixation
10:21:12.5296,470.5,182.3,fixation
10:21:12.5301,469.2,182.7,fixation
10:21:12.5306,467.8,183.1,fixation
10:21:12.5311,467.5,183.5,fixation
10:21:12.5316,468.2,183.9,fixation
10:21:12.5321,469.1,183.0,fixation
10:21:12.5326,469.5,182.0,fixation
10:21:12.5331,469.6,181.1,fixation
10:21:12.5336,469.7,181.3,fixation
10:21:12.5341,469.7,181.5,fixation
10:21:12.5346,468.4,181.3,fixation
10:21:12.5351,467.0,181.1,fixation
10:21:12.5356,465.5,180.9,fixation
10:21:12.5361,465.5,181.4,fixation
10:21:12.5366,465.6,181.8,fixation
10:21:12.5371,465.8,182.5,fixation
10:21:12.5376,466.0,182.7,fixation
10:21:12.5381,468.1,183.2,fixation
10:21:12.5386,470.2,183.6,fixation
10:21:12.5391,472.2,184.3,fixation
10:21:12.5396,472.2,184.6,fixation
10:21:12.5401,472.2,184.9,fixation
10:21:12.5406,471.4,184.7,fixation
10:21:12.5411,470.5,184.5,fixation
10:21:12.5416,470.4,184.5,fixation
10:21:12.5421,471.1,184.6,fixation
10:21:12.5426,471.6,184.5,fixation
10:21:12.5431,471.4,184.1,fixation
10:21:12.5436,471.5,183.5,fixation
10:21:12.5441,471.8,183.1,fixation
10:21:12.5446,471.7,182.8,fixation
10:21:12.5451,471.1,181.0,fixation
10:21:12.5456,470.5,179.2,fixation
10:21:12.5461,470.1,179.6,fixation
10:21:12.5466,469.8,181.8,fixation
10:21:12.5471,469.4,183.9,fixation
10:21:12.5476,469.3,183.9,fixation
10:21:12.5481,469.4,183.8,fixation
10:21:12.5486,469.6,183.7,fixation
10:21:12.5491,469.7,183.8,fixation
10:21:12.5496,469.6,183.8,fixation
10:21:12.5501,469.6,183.7,fixation
10:21:12.5506,469.4,183.4,fixation
10:21:12.5511,469.1,183.1,fixation
10:21:12.5516,468.6,184.1,fixation
10:21:12.5521,469.1,185.5,fixation
10:21:12.5526,469.7,187.0,fixation
10:21:12.5531,470.5,188.2,fixation
10:21:12.5536,470.6,189.2,fixation
10:21:12.5541,470.9,189.5,fixation
10:21:12.5546,471.5,188.1,fixation
10:21:12.5551,471.8,186.9,fixation
10:21:12.5556,471.7,186.4,fixation
10:21:12.5561,471.6,186.6,fixation
10:21:12.5566,471.6,186.5,fixation
10:21:12.5571,471.7,186.6,fixation
10:21:12.5576,471.8,186.8,fixation
10:21:12.5581,472.0,186.0,fixation
10:21:12.5586,472.3,185.0,fixation
10:21:12.5591,472.5,183.9,fixation
10:21:12.5596,472.3,185.5,fixation
10:21:12.5601,471.6,186.9,fixation
10:21:12.5606,470.8,188.0,fixation
10:21:12.5611,469.6,187.5,fixation
10:21:12.5616,469.0,186.9,fixation
10:21:12.5621,468.4,186.7,fixation
10:21:12.5626,468.1,185.1,fixation
10:21:12.5631,467.8,183.5,fixation
10:21:12.5636,467.6,181.9,fixation
10:21:12.5641,467.5,181.8,fixation
10:21:12.5646,467.3,181.9,fixation
10:21:12.5651,467.1,182.0,fixation
10:21:12.5656,467.1,180.9,fixation
10:21:12.5661,467.2,179.7,fixation
10:21:12.5666,466.9,179.7,fixation
10:21:12.5671,466.5,180.9,fixation
10:21:12.5676,466.4,182.5,fixation
10:21:12.5681,466.8,182.9,fixation
10:21:12.5686,467.2,183.4,fixation
10:21:12.5691,467.2,183.8,fixation
10:21:12.5696,467.8,184.4,fixation
10:21:12.5701,468.3,184.9,fixation
10:21:12.5706,469.0,184.8,fixation
10:21:12.5711,469.4,184.5,fixation
10:21:12.5716,469.9,184.4,fixation
10:21:12.5721,470.5,184.3,fixation
10:21:12.5726,470.8,184.5,fixation
10:21:12.5731,471.4,185.0,fixation
10:21:12.5736,472.1,185.5,fixation
10:21:12.5741,472.6,185.8,fixation
10:21:12.5746,472.8,187.1,fixation
10:21:12.5751,472.5,188.5,fixation
10:21:12.5756,472.1,188.8,fixation
10:21:12.5761,471.8,187.8,fixation
10:21:12.5766,472.0,186.9,fixation
10:21:12.5771,471.9,186.8,fixation
10:21:12.5776,471.8,186.8,fixation
10:21:12.5781,472.0,186.8,fixation
10:21:12.5786,472.3,186.2,fixation
10:21:12.5791,472.2,185.7,fixation
10:21:12.5796,471.7,185.2,fixation
10:21:12.5801,471.0,184.5,fixation
10:21:12.5806,470.6,182.5,fixation
10:21:12.5811,470.4,180.6,fixation
10:21:12.5816,470.0,179.5,fixation
10:21:12.5821,469.7,179.5,fixation
10:21:12.5826,468.1,179.3,fixation
10:21:12.5831,466.7,181.3,fixation
10:21:12.5836,465.4,183.4,fixation
10:21:12.5841,465.6,186.2,fixation
10:21:12.5846,466.0,186.9,fixation
10:21:12.5851,466.4,185.5,fixation
10:21:12.5856,466.5,183.6,fixation
10:21:12.5861,466.4,181.5,fixation
10:21:12.5866,465.6,181.2,fixation
10:21:12.5871,464.8,180.9,fixation
10:21:12.5876,464.1,180.6,fixation
10:21:12.5881,464.4,180.5,fixation
10:21:12.5886,464.8,182.0,fixation
10:21:12.5891,465.3,183.6,fixation
10:21:12.5896,465.3,185.2,fixation
10:21:12.5901,465.4,185.2,fixation
10:21:12.5906,465.8,185.5,fixation
10:21:12.5911,466.2,185.9,fixation
10:21:12.5916,466.4,188.4,fixation
10:21:12.5921,466.1,190.7,fixation
10:21:12.5926,466.1,191.9,fixation
10:21:12.5931,466.5,190.4,fixation
10:21:12.5936,467.0,189.4,fixation
10:21:12.5941,467.2,189.4,fixation
10:21:12.5946,467.8,188.1,fixation
10:21:12.5951,468.6,186.2,fixation
10:21:12.5956,469.3,184.5,fixation
10:21:12.5961,469.3,184.6,fixation
10:21:12.5966,468.7,184.7,fixation
10:21:12.5971,468.2,184.8,fixation
10:21:12.5976,467.8,185.2,fixation
10:21:12.5981,468.2,186.4,fixation
10:21:12.5986,469.0,187.5,fixation
10:21:12.5991,469.6,188.3,fixation
10:21:12.5996,470.1,188.1,fixation
10:21:12.6001,469.2,187.7,fixation
10:21:12.6006,468.4,187.2,fixation
10:21:12.6011,467.7,187.7,fixation
10:21:12.6016,468.1,189.0,fixation
10:21:12.6021,468.6,190.2,fixation
10:21:12.6026,469.1,189.6,fixation
10:21:12.6031,469.4,187.6,fixation
10:21:12.6036,469.7,185.7,fixation
10:21:12.6041,469.8,185.8,fixation
10:21:12.6046,469.4,186.3,fixation
10:21:12.6051,468.8,185.0,fixation
10:21:12.6056,467.8,182.8,fixation
10:21:12.6061,467.1,181.4,fixation
10:21:12.6066,466.8,181.8,fixation
10:21:12.6071,466.9,182.3,fixation
10:21:12.6076,467.0,182.7,fixation
10:21:12.6081,466.9,183.3,fixation
10:21:12.6086,466.9,184.0,fixation
10:21:12.6091,466.9,184.7,fixation
10:21:12.6096,466.2,185.3,fixation
10:21:12.6101,465.4,185.5,fixation
10:21:12.6106,464.4,185.0,fixation
10:21:12.6111,464.0,184.7,fixation
10:21:12.6116,463.2,184.8,fixation
10:21:12.6121,462.7,185.0,fixation
10:21:12.6126,463.3,185.3,fixation
10:21:12.6131,464.3,185.2,fixation
10:21:12.6136,465.2,185.1,fixation
10:21:12.6141,465.1,184.7,fixation
10:21:12.6146,464.5,183.8,fixation
10:21:12.6151,464.2,183.0,fixation
10:21:12.6156,464.0,182.4,fixation
10:21:12.6161,464.8,182.4,fixation
10:21:12.6166,465.4,182.3,fixation
10:21:12.6171,465.4,182.1,fixation
10:21:12.6176,465.1,182.0,fixation
10:21:12.6181,465.7,182.0,fixation
10:21:12.6186,466.7,182.0,fixation
10:21:12.6191,466.8,181.8,fixation
10:21:12.6196,465.8,181.9,fixation
10:21:12.6201,464.7,182.2,fixation
10:21:12.6206,464.6,180.9,fixation
10:21:12.6211,464.7,179.0,fixation
10:21:12.6216,465.4,177.1,fixation
10:21:12.6221,466.3,177.3,fixation
10:21:12.6226,466.9,178.0,fixation
10:21:12.6231,467.4,178.9,fixation
10:21:12.6236,467.4,179.4,fixation
10:21:12.6241,468.4,179.9,fixation
10:21:12.6246,469.3,180.8,fixation
10:21:12.6251,470.0,182.4,fixation
10:21:12.6256,469.7,184.3,fixation
10:21:12.6261,469.5,185.5,fixation
10:21:12.6266,469.3,186.2,fixation
10:21:12.6271,469.1,186.8,fixation
10:21:12.6276,468.8,187.5,fixation
10:21:12.6281,468.6,187.8,fixation
10:21:12.6286,468.6,187.9,fixation
10:21:12.6291,468.7,187.1,fixation
10:21:12.6296,468.8,186.8,fixation
10:21:12.6301,468.9,186.8,fixation
10:21:12.6306,468.9,187.6,fixation
10:21:12.6311,468.7,186.6,fixation
10:21:12.6316,468.2,185.2,fixation
10:21:12.6321,467.8,183.8,fixation
10:21:12.6326,468.1,183.8,fixation
10:21:12.6331,468.6,184.4,fixation
10:21:12.6336,469.1,185.1,fixation
10:21:12.6341,469.1,185.6,fixation
10:21:12.6346,469.1,185.4,fixation
10:21:12.6351,469.3,184.8,fixation
10:21:12.6356,469.4,183.9,fixation
10:21:12.6361,469.3,183.0,fixation
10:21:12.6366,469.2,182.6,fixation
10:21:12.6371,468.8,185.4,fixation
10:21:12.6376,468.4,188.4,fixation
10:21:12.6381,468.1,189.0,fixation
10:21:12.6386,468.2,186.6,fixation
10:21:12.6391,469.0,184.5,fixation
10:21:12.6396,469.7,185.1,fixation
10:21:12.6401,470.3,186.3,fixation
10:21:12.6406,470.1,187.5,fixation
10:21:12.6411,469.2,188.4,fixation
10:21:12.6416,468.1,187.5,fixation
10:21:12.6421,466.9,186.4,fixation
10:21:12.6426,466.4,185.4,fixation
10:21:12.6431,466.4,185.3,fixation
10:21:12.6436,466.6,185.1,fixation
10:21:12.6441,466.8,185.8,fixation
10:21:12.6446,466.7,186.7,fixation
10:21:12.6451,466.6,186.5,fixation
10:21:12.6456,466.6,185.4,fixation
10:21:12.6461,466.8,184.4,fixation
10:21:12.6466,467.1,184.5,fixation
10:21:12.6471,467.3,184.4,fixation
10:21:12.6476,466.4,183.7,fixation
10:21:12.6481,465.4,183.1,fixation
10:21:12.6486,464.4,182.5,fixation
10:21:12.6491,464.6,182.3,fixation
10:21:12.6496,464.6,182.8,fixation
10:21:12.6501,464.5,183.5,fixation
10:21:12.6506,464.6,182.5,fixation
10:21:12.6511,464.8,180.9,fixation
10:21:12.6516,464.8,180.2,fixation
10:21:12.6521,464.7,181.1,fixation
10:21:12.6526,464.4,183.2,fixation
10:21:12.6531,464.3,184.2,fixation
10:21:12.6536,464.0,185.0,fixation
10:21:12.6541,464.0,184.7,fixation
10:21:12.6546,463.9,184.5,fixation
10:21:12.6551,463.6,184.0,fixation
10:21:12.6556,463.3,183.4,fixation
10:21:12.6561,463.7,183.0,fixation
10:21:12.6566,464.4,183.2,fixation
10:21:12.6571,465.0,183.6,fixation
10:21:12.6576,464.7,183.9,fixation
10:21:12.6581,464.4,184.0,fixation
10:21:12.6586,464.5,184.0,fixation
10:21:12.6591,464.8,184.1,fixation
10:21:12.6596,465.0,183.4,fixation
10:21:12.6601,465.0,182.3,fixation
10:21:12.6606,465.0,181.1,fixation
10:21:12.6611,464.9,181.1,fixation
10:21:12.6616,464.6,183.2,fixation
10:21:12.6621,464.9,185.3,fixation
10:21:12.6626,465.6,185.4,fixation
10:21:12.6631,466.6,183.9,fixation
10:21:12.6636,466.9,184.9,fixation
10:21:12.6641,467.2,188.4,fixation
10:21:12.6646,467.4,191.5,fixation
10:21:12.6651,467.5,191.9,fixation
10:21:12.6656,467.3,191.0,fixation
10:21:12.6661,467.4,190.3,fixation
10:21:12.6666,467.9,188.7,fixation
10:21:12.6671,468.4,187.5,fixation
10:21:12.6676,468.8,186.4,fixation
10:21:12.6681,469.0,186.3,fixation
10:21:12.6686,469.1,186.2,fixation
10:21:12.6691,469.0,187.3,fixation
10:21:12.6696,468.9,188.6,fixation
10:21:12.6701,468.8,189.9,fixation
10:21:12.6706,469.2,188.3,fixation
10:21:12.6711,469.4,186.6,fixation
10:21:12.6716,469.3,186.3,fixation
10:21:12.6721,468.9,187.8,fixation
10:21:12.6726,468.6,189.0,fixation
10:21:12.6731,468.9,187.0,fixation
10:21:12.6736,469.4,184.9,fixation
10:21:12.6741,469.6,185.2,fixation
10:21:12.6746,469.8,187.4,fixation
10:21:12.6751,470.2,188.1,fixation
10:21:12.6756,470.9,186.7,fixation
10:21:12.6761,470.9,185.6,fixation
10:21:12.6766,470.6,186.0,fixation
10:21:12.6771,470.5,186.6,fixation
10:21:12.6776,470.9,186.8,fixation
10:21:12.6781,471.1,187.2,fixation
10:21:12.6786,470.7,187.5,fixation
10:21:12.6791,470.3,187.7,fixation
10:21:12.6796,470.1,187.6,fixation
10:21:12.6801,470.1,187.2,fixation
10:21:12.6806,469.9,186.6,fixation
10:21:12.6811,469.4,186.1,fixation
10:21:12.6816,468.9,186.1,fixation
10:21:12.6821,468.8,186.5,fixation
10:21:12.6826,469.5,182.9,fixation
10:21:12.6831,470.4,179.1,fixation
10:21:12.6836,471.0,177.3,fixation
10:21:12.6841,470.9,179.7,fixation
10:21:12.6846,470.6,182.4,fixation
10:21:12.6851,470.5,183.5,fixation
10:21:12.6856,470.5,184.0,fixation
10:21:12.6861,470.5,184.3,fixation
10:21:12.6866,470.0,185.6,fixation
10:21:12.6871,469.5,186.9,fixation
10:21:12.6876,469.1,186.2,fixation
10:21:12.6881,469.4,183.4,fixation
10:21:12.6886,470.1,180.6,fixation
10:21:12.6891,470.6,179.8,fixation
10:21:12.6896,471.0,179.8,fixation
10:21:12.6901,471.0,179.6,fixation
10:21:12.6906,470.8,180.1,fixation
10:21:12.6911,470.4,180.2,fixation
10:21:12.6916,469.9,180.3,fixation
10:21:12.6921,469.6,181.3,fixation
10:21:12.6926,469.7,182.8,fixation
10:21:12.6931,469.8,184.0,fixation
10:21:12.6936,470.0,183.8,fixation
10:21:12.6941,470.7,183.6,fixation
10:21:12.6946,471.4,183.8,fixation
10:21:12.6951,472.0,183.9,fixation
10:21:12.6956,471.3,183.6,fixation
10:21:12.6961,470.5,183.3,fixation
10:21:12.6966,469.8,183.3,fixation
10:21:12.6971,470.2,184.2,fixation
10:21:12.6976,470.6,185.1,fixation
10:21:12.6981,470.9,185.6,fixation
10:21:12.6986,470.7,185.6,fixation
10:21:12.6991,470.5,185.4,fixation
10:21:12.6996,470.5,185.2,fixation
10:21:12.7001,470.4,187.3,fixation
10:21:12.7006,469.6,189.5,fixation
10:21:12.7011,468.9,190.3,fixation
10:21:12.7016,468.4,189.0,fixation
10:21:12.7021,468.3,187.7,fixation
10:21:12.7026,468.0,187.8,fixation
10:21:12.7031,467.8,188.2,fixation
10:21:12.7036,467.9,188.7,fixation
10:21:12.7041,468.2,188.9,fixation
10:21:12.7046,468.6,188.8,fixation
10:21:12.7051,469.5,187.8,fixation
10:21:12.7056,470.2,186.4,fixation
10:21:12.7061,470.8,185.4,fixation
10:21:12.7066,470.9,185.1,fixation
10:21:12.7071,471.1,185.6,fixation
10:21:12.7076,471.1,187.8,fixation
10:21:12.7081,471.1,190.1,fixation
10:21:12.7086,470.3,191.5,fixation
10:21:12.7091,469.5,190.7,fixation
10:21:12.7096,468.3,190.3,fixation
10:21:12.7101,467.8,190.8,fixation
10:21:12.7106,468.4,191.1,fixation
10:21:12.7111,469.5,190.3,fixation
10:21:12.7116,470.5,188.8,fixation
10:21:12.7121,470.3,188.5,fixation
10:21:12.7126,470.1,189.2,fixation
10:21:12.7131,469.8,190.8,fixation
10:21:12.7136,469.4,191.3,fixation
10:21:12.7141,469.3,191.0,fixation
10:21:12.7146,469.5,188.5,fixation
10:21:12.7151,469.8,186.2,fixation
10:21:12.7156,469.6,185.8,fixation
10:21:12.7161,469.2,187.5,fixation
10:21:12.7166,468.8,188.8,fixation
10:21:12.7171,468.4,188.8,fixation
10:21:12.7176,469.1,188.9,fixation
10:21:12.7181,469.9,189.5,fixation
10:21:12.7186,470.9,189.7,fixation
10:21:12.7191,471.2,189.3,fixation
10:21:12.7196,471.7,187.0,fixation
10:21:12.7201,472.1,184.6,fixation
10:21:12.7206,472.5,183.2,fixation
10:21:12.7211,471.8,184.0,fixation
10:21:12.7216,470.9,184.8,fixation
10:21:12.7221,470.6,185.3,fixation
10:21:12.7226,471.5,185.6,fixation
10:21:12.7231,472.5,184.6,fixation
10:21:12.7236,473.0,183.3,fixation
10:21:12.7241,473.6,181.6,fixation
10:21:12.7246,474.1,181.4,fixation
10:21:12.7251,474.6,182.9,fixation
10:21:12.7256,474.5,184.7,fixation
10:21:12.7261,474.0,184.6,fixation
10:21:12.7266,473.5,182.7,fixation
10:21:12.7271,472.8,180.8,fixation
10:21:12.7276,472.2,182.7,fixation
10:21:12.7281,471.9,184.7,fixation
10:21:12.7286,471.8,186.0,fixation
10:21:12.7291,471.9,185.2,fixation
10:21:12.7296,471.9,185.5,fixation
10:21:12.7301,471.8,186.6,fixation
10:21:12.7306,471.7,187.7,fixation
10:21:12.7311,471.6,187.6,fixation
10:21:12.7316,471.4,188.1,fixation
10:21:12.7321,471.1,188.5,fixation
10:21:12.7326,471.4,188.7,fixation
10:21:12.7331,472.3,188.6,fixation
10:21:12.7336,473.3,188.4,fixation
10:21:12.7341,473.8,188.4,fixation
10:21:12.7346,474.0,188.2,fixation
10:21:12.7351,473.6,187.8,fixation
10:21:12.7356,473.1,188.2,fixation
10:21:12.7361,472.5,188.9,fixation
10:21:12.7366,472.4,189.9,fixation
10:21:12.7371,472.4,190.0,fixation
10:21:12.7376,472.9,190.2,fixation
10:21:12.7381,474.0,190.3,fixation
10:21:12.7386,475.0,190.5,fixation
10:21:12.7391,475.4,190.2,fixation
10:21:12.7396,475.2,189.8,fixation
10:21:12.7401,475.0,189.5,fixation
10:21:12.7406,474.8,189.8,fixation
10:21:12.7411,474.6,190.1,fixation
10:21:12.7416,474.5,189.3,fixation
10:21:12.7421,474.5,188.4,fixation
10:21:12.7426,474.6,187.2,fixation
10:21:12.7431,474.5,187.2,fixation
10:21:12.7436,474.3,187.4,fixation
10:21:12.7441,474.6,187.9,fixation
10:21:12.7446,475.0,188.1,fixation
10:21:12.7451,475.0,187.8,fixation
10:21:12.7456,474.6,186.8,fixation
10:21:12.7461,474.8,186.2,fixation
10:21:12.7466,475.5,185.8,fixation
10:21:12.7471,476.0,185.5,fixation
10:21:12.7476,476.0,185.0,fixation
10:21:12.7481,475.9,184.5,fixation
10:21:12.7486,476.3,185.0,fixation
10:21:12.7491,476.6,185.3,fixation
10:21:12.7496,476.3,185.5,fixation
10:21:12.7501,475.5,185.0,fixation
10:21:12.7506,475.4,185.4,fixation
10:21:12.7511,476.1,185.9,fixation
10:21:12.7516,476.3,185.3,fixation
10:21:12.7521,476.0,182.9,fixation
10:21:12.7526,475.8,180.4,fixation
10:21:12.7531,475.7,182.0,fixation
10:21:12.7536,475.5,184.9,fixation
10:21:12.7541,475.5,187.9,fixation
10:21:12.7546,475.8,187.8,fixation
10:21:12.7551,475.0,187.4,fixation
10:21:12.7556,474.0,186.6,fixation
10:21:12.7561,472.9,185.8,fixation
10:21:12.7566,472.7,185.9,fixation
10:21:12.7571,472.5,187.3,fixation
10:21:12.7576,472.4,188.6,fixation
10:21:12.7581,472.3,188.7,fixation
10:21:12.7586,472.2,187.6,fixation
10:21:12.7591,472.1,186.5,fixation
10:21:12.7596,472.3,187.2,fixation
10:21:12.7601,473.2,188.7,fixation
10:21:12.7606,474.1,190.3,fixation
10:21:12.7611,474.0,190.8,fixation
10:21:12.7616,472.8,190.6,fixation
10:21:12.7621,471.7,190.5,fixation
10:21:12.7626,471.3,189.4,fixation
10:21:12.7631,471.5,188.4,fixation
10:21:12.7636,471.4,187.4,fixation
10:21:12.7641,471.1,187.6,fixation
10:21:12.7646,470.6,188.2,fixation
10:21:12.7651,470.2,189.2,fixation
10:21:12.7656,470.4,190.4,fixation
10:21:12.7661,470.7,191.1,fixation
10:21:12.7666,471.0,191.6,fixation
10:21:12.7671,470.9,191.9,fixation
10:21:12.7676,471.1,192.2,fixation
10:21:12.7681,471.4,192.1,fixation
10:21:12.7686,470.5,191.8,fixation
10:21:12.7691,469.5,191.5,fixation
10:21:12.7696,468.8,191.2,fixation
10:21:12.7701,469.3,191.0,fixation
10:21:12.7706,469.8,190.5,fixation
10:21:12.7711,470.4,190.2,fixation
10:21:12.7716,471.0,190.0,fixation
10:21:12.7721,470.7,189.7,fixation
10:21:12.7726,469.9,189.3,fixation
10:21:12.7731,468.6,190.5,fixation
10:21:12.7736,468.3,192.1,fixation
10:21:12.7741,468.2,191.8,fixation
10:21:12.7746,469.1,190.1,fixation
10:21:12.7751,469.9,188.3,fixation
10:21:12.7756,470.4,188.9,fixation
10:21:12.7761,470.4,189.7,fixation
10:21:12.7766,470.3,190.0,fixation
10:21:12.7771,470.3,189.8,fixation
10:21:12.7776,470.3,189.3,fixation
10:21:12.7781,470.2,189.6,fixation
10:21:12.7786,470.0,189.9,fixation
10:21:12.7791,470.0,190.2,fixation
10:21:12.7796,470.0,190.2,fixation
10:21:12.7801,470.4,189.7,fixation
10:21:12.7806,470.7,188.6,fixation
10:21:12.7811,470.9,187.3,fixation
10:21:12.7816,471.0,186.6,fixation
10:21:12.7821,471.1,186.4,fixation
10:21:12.7826,471.3,184.9,fixation
10:21:12.7831,471.7,183.5,fixation
10:21:12.7836,472.0,183.6,fixation
10:21:12.7841,472.8,185.2,fixation
10:21:12.7846,473.3,186.9,fixation
10:21:12.7851,473.7,187.0,fixation
10:21:12.7856,473.9,187.1,fixation
10:21:12.7861,474.0,187.2,fixation
10:21:12.7866,474.4,187.6,fixation
10:21:12.7871,474.6,188.0,fixation
10:21:12.7876,474.8,188.7,fixation
10:21:12.7881,475.4,189.4,fixation
10:21:12.7886,475.9,190.1,fixation
10:21:12.7891,476.4,191.0,fixation
10:21:12.7896,475.8,191.4,fixation
10:21:12.7901,475.1,192.3,fixation
10:21:12.7906,475.1,192.8,fixation
10:21:12.7911,475.7,193.4,fixation
10:21:12.7916,476.3,193.5,fixation
10:21:12.7921,476.1,193.5,fixation
10:21:12.7926,476.0,192.5,fixation
10:21:12.7931,476.1,191.7,fixation
10:21:12.7936,476.5,191.2,fixation
10:21:12.7941,476.9,191.6,fixation
10:21:12.7946,477.3,192.0,fixation
10:21:12.7951,477.6,191.9,fixation
10:21:12.7956,477.7,191.8,fixation
10:21:12.7961,477.4,191.7,fixation
10:21:12.7966,476.7,191.9,fixation
10:21:12.7971,476.2,192.1,fixation
10:21:12.7976,476.4,192.3,fixation
10:21:12.7981,477.2,192.4,fixation
10:21:12.7986,477.7,192.6,fixation
10:21:12.7991,477.6,192.9,fixation
10:21:12.7996,477.2,192.9,fixation
10:21:12.8001,476.7,192.6,fixation
10:21:12.8006,476.6,191.6,fixation
10:21:12.8011,476.5,190.7,fixation
10:21:12.8016,476.4,190.9,fixation
10:21:12.8021,476.5,192.0,fixation
10:21:12.8026,476.8,192.3,fixation
10:21:12.8031,476.6,190.9,fixation
10:21:12.8036,476.2,189.4,fixation
10:21:12.8041,475.4,188.0,fixation
10:21:12.8046,475.1,187.2,fixation
10:21:12.8051,474.7,185.5,fixation
10:21:12.8056,474.7,184.4,fixation
10:21:12.8061,474.6,186.5,fixation
10:21:12.8066,474.5,189.5,fixation
10:21:12.8071,474.4,192.6,fixation
10:21:12.8076,474.5,192.4,fixation
10:21:12.8081,474.5,192.1,fixation
10:21:12.8086,474.7,191.9,fixation
10:21:12.8091,474.8,191.4,fixation
10:21:12.8096,474.9,190.9,fixation
10:21:12.8101,474.9,189.9,fixation
10:21:12.8106,474.9,189.6,fixation
10:21:12.8111,474.8,189.2,fixation
10:21:12.8116,474.3,189.6,fixation
10:21:12.8121,473.8,190.8,fixation
10:21:12.8126,473.4,192.5,fixation
10:21:12.8131,472.8,193.9,fixation
10:21:12.8136,472.3,194.1,fixation
10:21:12.8141,471.9,193.9,fixation
10:21:12.8146,472.0,193.7,fixation
10:21:12.8151,472.0,194.0,fixation
10:21:12.8156,472.0,194.2,fixation
10:21:12.8161,472.2,194.6,fixation
10:21:12.8166,472.4,194.8,fixation
10:21:12.8171,472.6,193.4,fixation
10:21:12.8176,472.8,191.8,fixation
10:21:12.8181,472.9,190.5,fixation
10:21:12.8186,472.6,191.1,fixation
10:21:12.8191,472.2,191.9,fixation
10:21:12.8196,471.9,192.6,fixation
10:21:12.8201,472.1,193.0,fixation
10:21:12.8206,472.4,193.2,fixation
10:21:12.8211,472.8,193.4,fixation
10:21:12.8216,473.0,193.6,fixation
10:21:12.8221,473.1,193.7,fixation
10:21:12.8226,473.0,193.3,fixation
10:21:12.8231,473.1,192.8,fixation
10:21:12.8236,473.1,193.4,fixation
10:21:12.8241,473.4,194.7,fixation
10:21:12.8246,473.8,194.9,fixation
10:21:12.8251,475.0,193.2,fixation
10:21:12.8256,475.3,191.3,fixation
10:21:12.8261,475.5,190.3,fixation
10:21:12.8266,475.2,190.3,fixation
10:21:12.8271,475.3,190.4,fixation
10:21:12.8276,475.4,190.6,fixation
10:21:12.8281,475.7,192.2,fixation
10:21:12.8286,476.1,193.6,fixation
10:21:12.8291,476.7,194.9,fixation
10:21:12.8296,476.8,194.7,fixation
10:21:12.8301,477.0,193.5,fixation
10:21:12.8306,477.0,192.5,fixation
10:21:12.8311,477.3,191.7,fixation
10:21:12.8316,478.4,192.0,fixation
10:21:12.8321,479.5,192.2,fixation
10:21:12.8326,479.4,192.2,fixation
10:21:12.8331,478.4,191.5,fixation
10:21:12.8336,477.3,190.7,fixation
10:21:12.8341,477.1,192.1,fixation
10:21:12.8346,477.0,194.5,fixation
10:21:12.8351,477.0,196.9,fixation
10:21:12.8356,477.5,194.9,fixation
10:21:12.8361,477.9,192.5,fixation
10:21:12.8366,478.4,190.2,fixation
10:21:12.8371,478.1,191.4,fixation
10:21:12.8376,477.6,192.7,fixation
10:21:12.8381,476.7,193.8,fixation
10:21:12.8386,476.6,192.1,fixation
10:21:12.8391,476.6,190.4,fixation
10:21:12.8396,475.6,192.0,saccade
10:21:12.8401,474.7,193.4,saccade
10:21:12.8406,474.4,193.0,saccade
10:21:12.8411,474.0,192.7,saccade
10:21:12.8416,473.0,192.6,saccade
10:21:12.8421,472.1,192.8,saccade
10:21:12.8426,470.3,192.8,saccade
10:21:12.8431,469.2,192.7,saccade
10:21:12.8436,467.8,192.1,saccade
10:21:12.8441,467.3,190.9,saccade
10:21:12.8446,466.4,189.6,saccade
10:21:12.8451,465.0,188.6,saccade
10:21:12.8456,463.9,188.1,saccade
10:21:12.8461,462.9,187.6,saccade
10:21:12.8466,462.5,187.2,saccade
10:21:12.8471,462.2,187.1,saccade
10:21:12.8476,462.3,187.2,saccade
10:21:12.8481,462.5,185.1,saccade
10:21:12.8486,462.7,182.7,saccade
10:21:12.8491,462.3,180.1,saccade
10:21:12.8496,461.8,179.7,saccade
10:21:12.8501,461.6,179.5,saccade
10:21:12.8506,463.2,180.1,saccade
10:21:12.8511,465.2,180.9,saccade
10:21:12.8516,467.0,181.0,saccade
10:21:12.8521,468.7,180.3,saccade
10:21:12.8526,470.1,177.8,saccade
10:21:12.8531,471.5,176.0,saccade
10:21:12.8536,471.6,174.5,saccade
10:21:12.8541,471.6,174.8,saccade
10:21:12.8546,472.5,174.8,saccade
10:21:12.8551,476.3,170.9,fixation
10:21:12.8556,477.4,168.5,fixation
10:21:12.8561,478.0,168.1,fixation
10:21:12.8566,478.4,168.0,fixation
10:21:12.8571,478.9,168.3,fixation
10:21:12.8576,478.9,168.7,fixation
10:21:12.8581,478.5,170.5,fixation
10:21:12.8586,477.4,172.2,fixation
10:21:12.8591,476.3,173.9,fixation
10:21:12.8596,476.0,174.8,fixation
10:21:12.8601,476.7,175.9,fixation
10:21:12.8606,477.3,176.9,fixation
10:21:12.8611,477.2,176.8,fixation
10:21:12.8616,476.7,176.4,fixation
10:21:12.8621,476.1,176.1,fixation
10:21:12.8626,475.9,176.4,fixation
10:21:12.8631,475.7,177.5,fixation
10:21:12.8636,475.9,180.4,fixation
10:21:12.8641,476.2,182.7,fixation
10:21:12.8646,476.5,184.3,fixation
10:21:12.8651,476.4,183.4,fixation
10:21:12.8656,476.1,181.9,fixation
10:21:12.8661,475.9,180.5,fixation
10:21:12.8666,476.2,181.0,fixation
10:21:12.8671,476.7,182.0,fixation
10:21:12.8676,477.6,182.7,fixation
10:21:12.8681,478.0,182.3,fixation
10:21:12.8686,478.5,182.4,fixation
10:21:12.8691,478.5,183.5,fixation
10:21:12.8696,478.4,184.5,fixation
10:21:12.8701,478.2,185.1,fixation
10:21:12.8706,478.0,185.3,fixation
10:21:12.8711,477.2,185.5,fixation
10:21:12.8716,476.4,185.6,fixation
10:21:12.8721,476.6,184.5,fixation
10:21:12.8726,477.4,183.3,fixation
10:21:12.8731,477.7,184.1,fixation
10:21:12.8736,476.9,186.0,fixation
10:21:12.8741,476.2,187.4,fixation
10:21:12.8746,476.0,186.2,fixation
10:21:12.8751,475.8,185.1,fixation
10:21:12.8756,475.1,184.4,fixation
10:21:12.8761,474.5,182.7,fixation
10:21:12.8766,474.1,181.1,fixation
10:21:12.8771,474.5,179.6,fixation
10:21:12.8776,474.7,179.5,fixation
10:21:12.8781,474.7,179.8,fixation
10:21:12.8786,474.9,181.5,fixation
10:21:12.8791,475.3,183.2,fixation
10:21:12.8796,475.8,185.2,fixation
10:21:12.8801,475.8,185.9,fixation
10:21:12.8806,475.4,186.9,fixation
10:21:12.8811,475.0,187.5,fixation
10:21:12.8816,474.8,188.1,fixation
10:21:12.8821,474.3,188.3,fixation
10:21:12.8826,473.7,187.9,fixation
10:21:12.8831,473.3,186.1,fixation
10:21:12.8836,473.0,184.6,fixation
10:21:12.8841,472.8,183.3,fixation
10:21:12.8846,473.0,183.6,fixation
10:21:12.8851,473.5,184.0,fixation
10:21:12.8856,474.0,185.0,fixation
10:21:12.8861,474.0,185.7,fixation
10:21:12.8866,474.0,186.3,fixation
10:21:12.8871,473.4,185.8,fixation
10:21:12.8876,473.2,185.3,fixation
10:21:12.8881,472.8,184.9,fixation
10:21:12.8886,473.0,184.9,fixation
10:21:12.8891,472.7,185.1,fixation
10:21:12.8896,473.4,185.4,fixation
10:21:12.8901,474.4,186.2,fixation
10:21:12.8906,475.4,186.8,fixation
10:21:12.8911,476.0,186.5,fixation
10:21:12.8916,476.3,184.3,fixation
10:21:12.8921,476.6,182.0,fixation
10:21:12.8926,476.6,181.2,fixation
10:21:12.8931,476.3,181.8,fixation
10:21:12.8936,476.4,181.9,fixation
10:21:12.8941,476.5,181.4,fixation
10:21:12.8946,476.5,181.0,fixation
10:21:12.8951,476.7,181.0,fixation
10:21:12.8956,477.2,181.3,fixation
10:21:12.8961,477.8,181.0,fixation
10:21:12.8966,478.1,180.6,fixation
10:21:12.8971,478.2,180.1,fixation
10:21:12.8976,478.1,180.1,fixation
10:21:12.8981,477.5,181.2,fixation
10:21:12.8986,477.0,182.2,fixation
10:21:12.8991,476.4,183.6,fixation
10:21:12.8996,476.4,184.0,fixation
10:21:12.9001,476.6,183.9,fixation
10:21:12.9006,476.8,183.7,fixation
10:21:12.9011,476.8,183.6,fixation
10:21:12.9016,476.6,183.2,fixation
10:21:12.9021,476.4,182.0,fixation
10:21:12.9026,476.8,180.7,fixation
10:21:12.9031,477.1,180.4,fixation
10:21:12.9036,478.0,181.3,fixation
10:21:12.9041,478.6,183.0,fixation
10:21:12.9046,479.3,184.5,fixation
10:21:12.9051,479.1,186.0,fixation
10:21:12.9056,478.9,186.2,fixation
10:21:12.9061,478.7,186.1,fixation
10:21:12.9066,478.6,185.4,fixation
10:21:12.9071,478.8,185.0,fixation
10:21:12.9076,479.0,184.7,fixation
10:21:12.9081,478.7,184.3,fixation
10:21:12.9086,478.0,184.3,fixation
10:21:12.9091,477.3,184.8,fixation
10:21:12.9096,477.2,185.5,fixation
10:21:12.9101,477.0,185.8,fixation
10:21:12.9106,476.6,186.2,fixation
10:21:12.9111,476.1,186.8,fixation
10:21:12.9116,476.4,187.6,fixation
10:21:12.9121,476.8,187.7,fixation
10:21:12.9126,476.9,187.2,fixation
10:21:12.9131,476.0,186.7,fixation
10:21:12.9136,474.5,186.6,fixation
10:21:12.9141,473.4,186.9,fixation
10:21:12.9146,473.3,186.6,fixation
10:21:12.9151,473.6,186.6,fixation
10:21:12.9156,473.8,186.7,fixation
10:21:12.9161,473.7,186.4,fixation
10:21:12.9166,474.1,185.2,fixation
10:21:12.9171,473.5,183.7,fixation
10:21:12.9176,472.6,182.9,fixation
10:21:12.9181,471.5,182.6,fixation
10:21:12.9186,471.4,181.8,fixation
10:21:12.9191,471.9,181.1,fixation
10:21:12.9196,472.5,181.2,fixation
10:21:12.9201,472.7,182.0,fixation
10:21:12.9206,472.4,182.5,fixation
10:21:12.9211,472.1,182.1,fixation
10:21:12.9216,472.0,181.4,fixation
10:21:12.9221,471.8,180.9,fixation
10:21:12.9226,471.6,180.6,fixation
10:21:12.9231,471.7,181.3,fixation
10:21:12.9236,472.3,182.1,fixation
10:21:12.9241,472.9,183.0,fixation
10:21:12.9246,473.4,183.2,fixation
10:21:12.9251,473.3,183.3,fixation
10:21:12.9256,473.2,183.3,fixation
10:21:12.9261,473.3,183.4,fixation
10:21:12.9266,473.3,184.8,fixation
10:21:12.9271,473.3,186.1,fixation
10:21:12.9276,472.5,187.6,fixation
10:21:12.9281,471.8,187.8,fixation
10:21:12.9286,471.5,187.9,fixation
10:21:12.9291,472.0,187.6,fixation
10:21:12.9296,472.6,187.3,fixation
10:21:12.9301,472.7,187.1,fixation
10:21:12.9306,472.9,187.4,fixation
10:21:12.9311,472.9,188.5,fixation
10:21:12.9316,472.9,189.7,fixation
10:21:12.9321,472.7,190.4,fixation
10:21:12.9326,472.6,189.8,fixation
10:21:12.9331,472.4,189.1,fixation
10:21:12.9336,472.2,188.3,fixation
10:21:12.9341,471.9,188.4,fixation
10:21:12.9346,471.9,188.7,fixation
10:21:12.9351,472.0,190.3,fixation
10:21:12.9356,472.3,191.6,fixation
10:21:12.9361,473.2,189.7,fixation
10:21:12.9366,474.1,186.7,fixation
10:21:12.9371,474.7,185.9,fixation
10:21:12.9376,474.1,188.4,fixation
10:21:12.9381,473.4,190.8,fixation
10:21:12.9386,473.0,190.9,fixation
10:21:12.9391,472.8,190.9,fixation
10:21:12.9396,472.6,190.4,fixation
10:21:12.9401,472.4,189.9,fixation
10:21:12.9406,472.3,189.4,fixation
10:21:12.9411,472.3,189.6,fixation
10:21:12.9416,472.2,189.8,fixation
10:21:12.9421,472.1,189.8,fixation
10:21:12.9426,472.3,188.0,fixation
10:21:12.9431,472.7,186.2,fixation
10:21:12.9436,473.4,186.9,fixation
10:21:12.9441,473.9,189.0,fixation
10:21:12.9446,474.3,190.8,fixation
10:21:12.9451,474.5,190.1,fixation
10:21:12.9456,474.8,188.7,fixation
10:21:12.9461,475.2,186.1,fixation
10:21:12.9466,475.4,183.8,fixation
10:21:12.9471,475.5,182.2,fixation
10:21:12.9476,475.3,181.8,fixation
10:21:12.9481,475.2,181.5,fixation
10:21:12.9486,475.2,181.2,fixation
10:21:12.9491,475.6,181.2,fixation
10:21:12.9496,475.8,182.9,fixation
10:21:12.9501,475.9,184.6,fixation
10:21:12.9506,476.1,185.6,fixation
10:21:12.9511,476.3,184.4,fixation
10:21:12.9516,476.7,181.8,fixation
10:21:12.9521,476.9,179.8,fixation
10:21:12.9526,476.2,180.4,fixation
10:21:12.9531,475.5,182.5,fixation
10:21:12.9536,474.5,186.9,fixation
10:21:12.9541,474.6,189.2,fixation
10:21:12.9546,474.5,191.4,fixation
10:21:12.9551,474.7,189.8,fixation
10:21:12.9556,475.1,188.3,fixation
10:21:12.9561,475.4,186.8,fixation
10:21:12.9566,475.4,186.9,fixation
10:21:12.9571,475.0,188.3,fixation
10:21:12.9576,474.5,190.7,fixation
10:21:12.9581,474.2,193.1,fixation
10:21:12.9586,474.3,193.9,fixation
10:21:12.9591,474.6,193.4,fixation
10:21:12.9596,474.9,192.9,fixation
10:21:12.9601,475.0,192.3,fixation
10:21:12.9606,475.3,191.7,fixation
10:21:12.9611,475.8,191.2,fixation
10:21:12.9616,476.3,191.1,fixation
10:21:12.9621,476.6,190.7,fixation
10:21:12.9626,476.7,190.1,fixation
10:21:12.9631,476.3,189.4,fixation
10:21:12.9636,475.8,189.3,fixation
10:21:12.9641,475.4,189.2,fixation
10:21:12.9646,475.5,189.1,fixation
10:21:12.9651,475.7,188.4,fixation
10:21:12.9656,476.0,187.8,fixation
10:21:12.9661,476.4,187.3,fixation
10:21:12.9666,476.6,187.4,fixation
10:21:12.9671,476.7,187.5,fixation
10:21:12.9676,476.4,187.5,fixation
10:21:12.9681,476.1,188.0,fixation
10:21:12.9686,475.8,188.6,fixation
10:21:12.9691,475.4,188.4,fixation
10:21:12.9696,475.2,187.6,fixation
10:21:12.9701,475.1,185.8,fixation
10:21:12.9706,475.7,184.9,fixation
10:21:12.9711,476.3,184.0,fixation
10:21:12.9716,476.9,183.5,fixation
10:21:12.9721,476.4,182.8,fixation
10:21:12.9726,475.8,182.1,fixation
10:21:12.9731,475.2,181.9,fixation
10:21:12.9736,475.3,181.9,fixation
10:21:12.9741,474.7,181.7,fixation
10:21:12.9746,474.1,181.6,fixation
10:21:12.9751,473.6,181.4,fixation
10:21:12.9756,473.9,181.4,fixation
10:21:12.9761,474.1,180.6,fixation
10:21:12.9766,474.3,179.8,fixation
10:21:12.9771,474.6,179.4,fixation
10:21:12.9776,474.7,180.2,fixation
10:21:12.9781,474.8,181.5,fixation
10:21:12.9786,474.7,184.3,fixation
10:21:12.9791,474.5,187.7,fixation
10:21:12.9796,474.2,190.5,fixation
10:21:12.9801,474.0,191.2,fixation
10:21:12.9806,473.8,190.0,fixation
10:21:12.9811,473.8,188.9,fixation
10:21:12.9816,473.8,188.6,fixation
10:21:12.9821,473.8,189.4,fixation
10:21:12.9826,473.6,190.4,fixation
10:21:12.9831,473.6,190.9,fixation
10:21:12.9836,473.6,191.1,fixation
10:21:12.9841,473.6,190.7,fixation
10:21:12.9846,473.0,190.2,fixation
10:21:12.9851,472.1,190.4,fixation
10:21:12.9856,471.2,190.9,fixation
10:21:12.9861,470.7,191.6,fixation
10:21:12.9866,470.6,191.4,fixation
10:21:12.9871,470.3,190.9,fixation
10:21:12.9876,470.1,190.4,fixation
10:21:12.9881,470.4,190.1,fixation
10:21:12.9886,470.9,190.0,fixation
10:21:12.9891,471.1,190.9,fixation
10:21:12.9896,470.8,191.8,fixation
10:21:12.9901,470.5,192.7,fixation
10:21:12.9906,470.6,192.0,fixation
10:21:12.9911,470.8,191.6,fixation
10:21:12.9916,471.0,191.1,fixation
10:21:12.9921,471.1,191.4,fixation
10:21:12.9926,471.0,191.3,fixation
10:21:12.9931,471.0,190.8,fixation
10:21:12.9936,471.0,190.4,fixation
10:21:12.9941,471.1,190.1,fixation
10:21:12.9946,471.2,189.5,fixation
10:21:12.9951,470.9,188.2,fixation
10:21:12.9956,470.5,186.8,fixation
10:21:12.9961,470.0,186.0,fixation
10:21:12.9966,469.9,185.9,fixation
10:21:12.9971,470.4,184.8,fixation
10:21:12.9976,470.9,183.7,fixation
10:21:12.9981,471.4,182.7,fixation
10:21:12.9986,471.3,182.8,fixation
10:21:12.9991,471.5,182.9,fixation
10:21:12.9996,471.7,185.3,fixation
10:21:13.0001,472.1,187.7,fixation
10:21:13.0006,472.1,190.2,fixation
10:21:13.0011,472.1,190.3,fixation
10:21:13.0016,472.1,190.3,fixation
10:21:13.0021,472.5,187.2,fixation
10:21:13.0026,472.7,184.1,fixation
10:21:13.0031,472.5,185.1,fixation
10:21:13.0036,472.7,189.2,fixation
10:21:13.0041,473.0,192.9,fixation
10:21:13.0046,473.8,192.3,fixation
10:21:13.0051,473.8,191.5,fixation
10:21:13.0056,473.3,190.6,fixation
10:21:13.0061,472.9,190.2,fixation
10:21:13.0066,472.6,190.6,fixation
10:21:13.0071,472.6,191.4,fixation
10:21:13.0076,472.6,192.3,fixation
10:21:13.0081,472.4,192.2,fixation
10:21:13.0086,472.1,191.5,fixation
10:21:13.0091,471.8,190.8,fixation
10:21:13.0096,471.5,190.2,fixation
10:21:13.0101,471.2,190.4,fixation
10:21:13.0106,471.4,190.2,fixation
10:21:13.0111,471.9,189.9,fixation
10:21:13.0116,472.4,190.2,fixation
10:21:13.0121,472.4,191.0,fixation
10:21:13.0126,472.4,191.8,fixation
10:21:13.0131,472.4,191.8,fixation
10:21:13.0136,472.4,191.7,fixation
10:21:13.0141,471.8,191.5,fixation
10:21:13.0146,471.2,191.8,fixation
10:21:13.0151,470.9,192.0,fixation
10:21:13.0156,471.7,192.2,fixation
10:21:13.0161,472.0,192.5,fixation
10:21:13.0166,472.2,193.2,fixation
10:21:13.0171,471.9,193.9,fixation
10:21:13.0176,471.9,194.6,fixation
10:21:13.0181,472.6,195.1,fixation
10:21:13.0186,473.4,193.6,fixation
10:21:13.0191,474.0,191.7,fixation
10:21:13.0196,473.8,189.6,fixation
10:21:13.0201,473.4,189.4,fixation
10:21:13.0206,474.2,189.3,fixation
10:21:13.0211,475.1,189.5,fixation
10:21:13.0216,475.7,189.6,fixation
10:21:13.0221,475.3,189.9,fixation
10:21:13.0226,475.0,190.4,fixation
10:21:13.0231,475.0,190.9,fixation
10:21:13.0236,475.1,191.2,fixation
10:21:13.0241,475.2,191.4,fixation
10:21:13.0246,475.5,189.7,fixation
10:21:13.0251,475.7,187.8,fixation
10:21:13.0256,475.7,187.1,fixation
10:21:13.0261,475.3,188.3,fixation
10:21:13.0266,475.1,188.6,fixation
10:21:13.0271,475.1,187.8,fixation
10:21:13.0276,475.1,188.3,fixation
10:21:13.0281,475.3,189.4,fixation
10:21:13.0286,475.5,190.4,fixation
10:21:13.0291,475.8,190.3,fixation
10:21:13.0296,475.7,190.5,fixation
10:21:13.0301,475.2,190.8,fixation
10:21:13.0306,474.7,190.8,fixation
10:21:13.0311,474.6,190.8,fixation
10:21:13.0316,474.9,190.6,fixation
10:21:13.0321,475.2,190.7,fixation
10:21:13.0326,475.6,190.6,fixation
10:21:13.0331,475.9,191.9,fixation
10:21:13.0336,476.2,192.9,fixation
10:21:13.0341,476.2,193.9,fixation
10:21:13.0346,476.2,193.5,fixation
10:21:13.0351,476.1,193.6,fixation
10:21:13.0356,476.0,193.7,fixation
10:21:13.0361,476.2,193.8,fixation
10:21:13.0366,477.1,194.0,fixation
10:21:13.0371,477.9,193.8,fixation
10:21:13.0376,478.8,193.2,fixation
10:21:13.0381,478.4,192.4,fixation
10:21:13.0386,478.1,192.0,fixation
10:21:13.0391,478.2,192.1,fixation
10:21:13.0396,478.9,192.3,fixation
10:21:13.0401,479.5,192.1,fixation
10:21:13.0406,479.6,191.4,fixation
10:21:13.0411,479.6,191.0,fixation
10:21:13.0416,479.6,190.8,fixation
10:21:13.0421,478.5,190.9,fixation
10:21:13.0426,477.4,190.3,fixation
10:21:13.0431,476.3,189.8,fixation
10:21:13.0436,476.4,189.6,fixation
10:21:13.0441,476.5,189.7,fixation
10:21:13.0446,476.5,189.8,fixation
10:21:13.0451,476.3,190.1,fixation
10:21:13.0456,476.1,191.6,fixation
10:21:13.0461,475.9,193.1,fixation
10:21:13.0466,475.8,193.4,fixation
10:21:13.0471,475.8,192.5,fixation
10:21:13.0476,475.6,191.6,fixation
10:21:13.0481,475.4,191.7,fixation
10:21:13.0486,475.0,191.7,fixation
10:21:13.0491,474.7,192.2,fixation
10:21:13.0496,475.3,192.7,fixation
10:21:13.0501,476.2,192.6,fixation
10:21:13.0506,477.1,192.1,fixation
10:21:13.0511,477.0,193.5,fixation
10:21:13.0516,476.8,195.5,fixation
10:21:13.0521,476.8,195.5,fixation
10:21:13.0526,477.0,192.8,fixation
10:21:13.0531,476.9,190.1,fixation
10:21:13.0536,476.3,192.1,fixation
10:21:13.0541,476.2,194.5,fixation
10:21:13.0546,477.1,196.9,fixation
10:21:13.0551,478.3,196.4,fixation
10:21:13.0556,478.5,196.2,fixation
10:21:13.0561,478.0,196.3,fixation
10:21:13.0566,477.5,196.8,fixation
10:21:13.0571,477.6,197.1,fixation
10:21:13.0576,478.0,195.9,fixation
10:21:13.0581,478.5,194.0,fixation
10:21:13.0586,478.6,192.0,fixation
10:21:13.0591,478.4,191.4,fixation
10:21:13.0596,478.2,191.1,fixation
10:21:13.0601,478.0,190.1,fixation
10:21:13.0606,477.9,188.7,fixation
10:21:13.0611,477.5,187.3,fixation
10:21:13.0616,477.1,187.0,fixation
10:21:13.0621,476.7,187.3,fixation
10:21:13.0626,476.4,188.1,fixation
10:21:13.0631,476.4,188.5,fixation
10:21:13.0636,476.4,188.6,fixation
10:21:13.0641,476.0,187.5,fixation
10:21:13.0646,475.6,186.6,fixation
10:21:13.0651,475.3,186.3,fixation
10:21:13.0656,475.3,186.8,fixation
10:21:13.0661,475.6,186.4,fixation
10:21:13.0666,475.9,185.5,fixation
10:21:13.0671,475.8,184.7,fixation
10:21:13.0676,475.4,184.8,fixation
10:21:13.0681,474.5,184.4,fixation
10:21:13.0686,474.1,183.9,fixation
10:21:13.0691,473.7,183.7,fixation
10:21:13.0696,473.6,184.3,fixation
10:21:13.0701,473.0,187.1,fixation
10:21:13.0706,472.5,189.5,fixation
10:21:13.0711,472.1,190.2,fixation
10:21:13.0716,472.4,188.8,fixation
10:21:13.0721,472.5,189.1,fixation
10:21:13.0726,472.0,192.0,fixation
10:21:13.0731,471.3,194.9,fixation
10:21:13.0736,470.7,196.2,fixation
10:21:13.0741,470.5,196.2,fixation
10:21:13.0746,471.2,196.4,fixation
10:21:13.0751,472.2,193.0,fixation
10:21:13.0756,473.2,189.7,fixation
10:21:13.0761,472.9,186.2,fixation
10:21:13.0766,472.2,186.2,fixation
10:21:13.0771,471.4,188.4,fixation
10:21:13.0776,471.3,190.1,fixation
10:21:13.0781,471.0,191.5,fixation
10:21:13.0786,470.8,190.8,fixation
10:21:13.0791,471.0,190.5,fixation
10:21:13.0796,471.2,190.5,fixation
10:21:13.0801,471.5,191.0,fixation
10:21:13.0806,471.3,191.4,fixation
10:21:13.0811,471.3,191.4,fixation
10:21:13.0816,471.5,190.4,fixation
10:21:13.0821,472.5,189.6,fixation
10:21:13.0826,473.3,189.1,fixation
10:21:13.0831,473.9,189.1,fixation
10:21:13.0836,473.8,189.1,fixation
10:21:13.0841,473.5,189.2,fixation
10:21:13.0846,473.3,188.0,fixation
10:21:13.0851,473.3,186.6,fixation
10:21:13.0856,473.2,185.5,fixation
10:21:13.0861,473.0,185.7,fixation
10:21:13.0866,473.6,186.2,fixation
10:21:13.0871,474.4,186.5,fixation
10:21:13.0876,475.3,186.9,fixation
10:21:13.0881,475.5,187.1,fixation
10:21:13.0886,475.6,189.1,fixation
10:21:13.0891,475.5,191.0,fixation
10:21:13.0896,475.2,193.0,fixation
10:21:13.0901,474.8,191.9,fixation
10:21:13.0906,474.4,190.8,fixation
10:21:13.0911,474.4,190.1,fixation
10:21:13.0916,474.5,190.6,fixation
10:21:13.0921,474.6,192.1,fixation
10:21:13.0926,474.7,193.4,fixation
10:21:13.0931,474.8,194.6,fixation
10:21:13.0936,475.1,194.9,fixation
10:21:13.0941,476.0,194.0,fixation
10:21:13.0946,477.0,191.7,fixation
10:21:13.0951,477.8,189.4,fixation
10:21:13.0956,477.9,189.6,fixation
10:21:13.0961,477.9,190.5,fixation
10:21:13.0966,478.0,191.1,fixation
10:21:13.0971,478.8,190.4,fixation
10:21:13.0976,479.5,190.5,fixation
10:21:13.0981,480.0,192.2,fixation
10:21:13.0986,479.5,193.6,fixation
10:21:13.0991,478.9,194.4,fixation
10:21:13.0996,478.4,193.9,fixation
10:21:13.1001,479.1,193.6,fixation
10:21:13.1006,479.9,192.3,fixation
10:21:13.1011,479.9,189.5,fixation
10:21:13.1016,479.1,186.6,fixation
10:21:13.1021,478.3,186.3,fixation
10:21:13.1026,478.4,187.4,fixation
10:21:13.1031,478.6,188.2,fixation
10:21:13.1036,478.5,187.8,fixation
10:21:13.1041,478.5,188.1,fixation
10:21:13.1046,478.6,188.8,fixation
10:21:13.1051,478.8,188.9,fixation
10:21:13.1056,478.6,188.3,fixation
10:21:13.1061,478.1,187.4,fixation
10:21:13.1066,477.4,187.0,fixation
10:21:13.1071,476.5,186.6,fixation
10:21:13.1076,475.8,186.1,fixation
10:21:13.1081,475.4,185.9,fixation
10:21:13.1086,475.6,185.7,fixation
10:21:13.1091,475.8,185.7,fixation
10:21:13.1096,475.6,188.1,fixation
10:21:13.1101,475.2,190.4,fixation
10:21:13.1106,474.7,193.6,fixation
10:21:13.1111,474.4,194.5,fixation
10:21:13.1116,473.4,195.5,fixation
10:21:13.1121,472.6,195.5,fixation
10:21:13.1126,471.7,195.0,fixation
10:21:13.1131,471.7,194.1,fixation
10:21:13.1136,471.8,193.1,fixation
10:21:13.1141,471.7,192.5,fixation
10:21:13.1146,471.8,193.6,fixation
10:21:13.1151,471.8,194.9,fixation
10:21:13.1156,470.9,195.1,fixation
10:21:13.1161,469.9,194.0,fixation
10:21:13.1166,468.8,192.9,fixation
10:21:13.1171,468.7,193.8,fixation
10:21:13.1176,469.3,194.8,fixation
10:21:13.1181,470.0,196.0,fixation
10:21:13.1186,470.7,196.4,fixation
10:21:13.1191,470.6,196.1,fixation
10:21:13.1196,470.8,194.5,fixation
10:21:13.1201,471.1,193.0,fixation
10:21:13.1206,471.0,192.1,fixation
10:21:13.1211,470.7,192.2,fixation
10:21:13.1216,470.9,192.3,fixation
10:21:13.1221,471.5,192.3,fixation
10:21:13.1226,471.9,192.4,fixation
10:21:13.1231,471.5,194.8,fixation
10:21:13.1236,471.3,197.3,fixation
10:21:13.1241,471.4,199.0,fixation
10:21:13.1246,472.0,198.0,fixation
10:21:13.1251,472.5,196.5,fixation
10:21:13.1256,472.9,194.9,fixation
10:21:13.1261,472.8,193.4,fixation
10:21:13.1266,472.7,192.3,fixation
10:21:13.1271,473.3,192.1,fixation
10:21:13.1276,474.1,191.9,fixation
10:21:13.1281,475.2,191.4,fixation
10:21:13.1286,475.5,191.1,fixation
10:21:13.1291,474.9,191.0,fixation
10:21:13.1296,474.0,191.3,fixation
10:21:13.1301,474.5,191.9,fixation
10:21:13.1306,475.8,192.6,fixation
10:21:13.1311,477.2,193.0,fixation
10:21:13.1316,477.1,193.0,fixation
10:21:13.1321,476.9,193.4,fixation
10:21:13.1326,476.4,193.7,fixation
10:21:13.1331,475.8,194.0,fixation
10:21:13.1336,475.3,193.5,fixation
10:21:13.1341,475.1,192.4,fixation
10:21:13.1346,475.0,191.3,fixation
10:21:13.1351,475.0,190.8,fixation
10:21:13.1356,475.2,190.8,fixation
10:21:13.1361,476.0,190.8,fixation
10:21:13.1366,476.6,191.1,fixation
10:21:13.1371,476.4,191.2,fixation
10:21:13.1376,475.7,190.5,fixation
10:21:13.1381,475.1,189.5,fixation
10:21:13.1386,474.9,188.8,fixation
10:21:13.1391,474.6,189.1,fixation
10:21:13.1396,473.4,189.3,fixation
10:21:13.1401,472.6,189.5,fixation
10:21:13.1406,471.5,189.4,fixation
10:21:13.1411,471.1,189.5,fixation
10:21:13.1416,470.8,189.7,fixation
10:21:13.1421,470.7,190.2,fixation
10:21:13.1426,470.5,190.7,fixation
10:21:13.1431,470.5,189.1,fixation
10:21:13.1436,470.7,187.6,fixation
10:21:13.1441,469.9,186.0,fixation
10:21:13.1446,469.0,186.2,fixation
10:21:13.1451,468.1,185.7,fixation
10:21:13.1456,468.3,185.3,fixation
10:21:13.1461,469.2,185.8,fixation
10:21:13.1466,469.9,187.5,fixation
10:21:13.1471,470.4,189.9,fixation
10:21:13.1476,470.2,191.4,fixation
10:21:13.1481,469.1,192.0,fixation
10:21:13.1486,468.2,192.0,fixation
10:21:13.1491,467.5,192.1,fixation
10:21:13.1496,468.8,192.4,fixation
10:21:13.1501,470.1,192.4,fixation
10:21:13.1506,471.3,192.2,fixation
10:21:13.1511,471.3,192.5,fixation
10:21:13.1516,471.0,193.2,fixation
10:21:13.1521,470.7,193.8,fixation
10:21:13.1526,470.6,194.0,fixation
10:21:13.1531,470.7,193.3,fixation
10:21:13.1536,471.0,192.3,fixation
10:21:13.1541,471.6,191.4,fixation
10:21:13.1546,472.1,190.8,fixation
10:21:13.1551,472.6,190.4,fixation
10:21:13.1556,473.0,189.5,fixation
10:21:13.1561,473.5,187.3,fixation
10:21:13.1566,473.8,185.6,fixation
10:21:13.1571,473.8,186.4,fixation
10:21:13.1576,473.8,188.6,fixation
10:21:13.1581,473.5,191.1,fixation
10:21:13.1586,473.1,192.0,fixation
10:21:13.1591,472.7,192.4,fixation
10:21:13.1596,472.8,192.4,fixation
10:21:13.1601,473.0,191.7,fixation
10:21:13.1606,473.0,191.3,fixation
10:21:13.1611,472.8,190.8,fixation
10:21:13.1616,472.1,190.7,fixation
10:21:13.1621,471.5,190.9,fixation
10:21:13.1626,471.2,191.4,fixation
10:21:13.1631,471.5,192.0,fixation
10:21:13.1636,471.8,193.4,fixation
10:21:13.1641,471.9,194.5,fixation
10:21:13.1646,470.9,195.1,fixation
10:21:13.1651,469.9,194.5,fixation
10:21:13.1656,468.9,193.5,fixation
10:21:13.1661,468.6,193.1,fixation
10:21:13.1666,468.4,192.8,fixation
10:21:13.1671,468.3,193.0,fixation
10:21:13.1676,468.6,192.2,fixation
10:21:13.1681,468.8,191.3,fixation
10:21:13.1686,468.8,191.7,fixation
10:21:13.1691,468.6,193.1,fixation
10:21:13.1696,468.3,194.3,fixation
10:21:13.1701,468.2,194.1,fixation
10:21:13.1706,468.2,193.4,fixation
10:21:13.1711,468.0,192.8,fixation
10:21:13.1716,467.8,192.5,fixation
10:21:13.1721,467.5,192.9,fixation
10:21:13.1726,467.3,194.6,fixation
10:21:13.1731,467.2,196.0,fixation
10:21:13.1736,468.0,195.2,fixation
10:21:13.1741,468.9,193.2,fixation
10:21:13.1746,469.8,191.1,fixation
10:21:13.1751,469.8,193.3,fixation
10:21:13.1756,470.0,195.6,fixation
10:21:13.1761,470.5,198.1,fixation
10:21:13.1766,471.1,198.4,fixation
10:21:13.1771,471.6,197.7,fixation
10:21:13.1776,471.6,197.1,fixation
10:21:13.1781,471.5,196.4,fixation
10:21:13.1786,471.3,197.0,fixation
10:21:13.1791,472.1,197.5,fixation
10:21:13.1796,473.0,197.8,fixation
10:21:13.1801,473.5,197.6,fixation
10:21:13.1806,472.5,197.0,fixation
10:21:13.1811,471.6,196.6,fixation
10:21:13.1816,472.0,196.7,fixation
10:21:13.1821,472.7,196.8,fixation
10:21:13.1826,473.4,195.4,fixation
10:21:13.1831,473.3,193.9,fixation
10:21:13.1836,472.8,192.3,fixation
10:21:13.1841,472.2,192.7,fixation
10:21:13.1846,471.1,193.5,fixation
10:21:13.1851,470.2,194.4,fixation
10:21:13.1856,469.4,195.2,fixation
10:21:13.1861,468.8,195.5,fixation
10:21:13.1866,468.6,193.9,fixation
10:21:13.1871,468.3,192.0,fixation
10:21:13.1876,468.5,190.1,fixation
10:21:13.1881,468.5,191.3,fixation
10:21:13.1886,468.1,192.4,fixation
10:21:13.1891,467.5,194.0,fixation
10:21:13.1896,466.8,194.4,fixation
10:21:13.1901,466.5,194.9,fixation
10:21:13.1906,466.5,193.0,fixation
10:21:13.1911,466.6,191.0,fixation
10:21:13.1916,466.8,189.1,fixation
10:21:13.1921,466.7,189.0,fixation
10:21:13.1926,466.6,190.1,fixation
10:21:13.1931,466.7,192.1,fixation
10:21:13.1936,467.4,194.1,fixation
10:21:13.1941,468.2,194.5,fixation
10:21:13.1946,468.8,194.1,fixation
10:21:13.1951,468.9,194.5,fixation
10:21:13.1956,468.9,195.5,fixation
10:21:13.1961,468.8,196.4,fixation
10:21:13.1966,468.7,196.2,fixation
10:21:13.1971,469.0,195.8,fixation
10:21:13.1976,469.5,194.7,fixation
10:21:13.1981,470.5,193.7,fixation
10:21:13.1986,471.2,192.8,fixation
10:21:13.1991,471.8,192.3,fixation
10:21:13.1996,471.9,191.9,fixation
10:21:13.2001,472.1,191.6,fixation
10:21:13.2006,472.2,190.4,fixation
10:21:13.2011,472.4,189.1,fixation
10:21:13.2016,472.7,187.8,fixation
10:21:13.2021,472.9,188.0,fixation
10:21:13.2026,472.6,188.2,fixation
10:21:13.2031,472.3,188.4,fixation
10:21:13.2036,472.1,188.7,fixation
10:21:13.2041,472.1,189.0,fixation
10:21:13.2046,472.4,190.6,fixation
10:21:13.2051,472.5,192.1,fixation
10:21:13.2056,472.9,191.2,fixation
10:21:13.2061,473.8,189.0,fixation
10:21:13.2066,474.8,187.1,fixation
10:21:13.2071,475.4,187.5,fixation
10:21:13.2076,475.1,187.9,fixation
10:21:13.2081,474.6,188.1,fixation
10:21:13.2086,473.9,188.5,fixation
10:21:13.2091,473.2,188.9,fixation
10:21:13.2096,473.3,188.8,fixation
10:21:13.2101,473.7,188.4,fixation
10:21:13.2106,473.9,188.0,fixation
10:21:13.2111,473.7,188.0,fixation
10:21:13.2116,473.0,188.4,fixation
10:21:13.2121,472.5,188.6,fixation
10:21:13.2126,471.8,188.5,fixation
10:21:13.2131,471.5,188.3,fixation
10:21:13.2136,471.0,188.6,fixation
10:21:13.2141,470.5,189.8,fixation
10:21:13.2146,470.3,191.2,fixation
10:21:13.2151,470.2,192.3,fixation
10:21:13.2156,469.6,191.6,fixation
10:21:13.2161,468.8,190.4,fixation
10:21:13.2166,467.8,189.6,fixation
10:21:13.2171,467.4,189.9,fixation
10:21:13.2176,467.4,190.2,fixation
10:21:13.2181,467.0,190.3,fixation
10:21:13.2186,466.7,190.4,fixation
10:21:13.2191,467.0,190.5,fixation
10:21:13.2196,467.8,190.5,fixation
10:21:13.2201,468.8,189.7,fixation
10:21:13.2206,468.3,188.7,fixation
10:21:13.2211,467.5,187.9,fixation
10:21:13.2216,466.5,188.1,fixation
10:21:13.2221,467.6,188.7,fixation
10:21:13.2226,468.6,190.3,fixation
10:21:13.2231,469.7,191.8,fixation
10:21:13.2236,469.7,193.0,fixation
10:21:13.2241,468.8,192.9,fixation
10:21:13.2246,467.7,193.1,fixation
10:21:13.2251,466.9,193.2,fixation
10:21:13.2256,467.1,193.5,fixation
10:21:13.2261,467.4,193.5,fixation
10:21:13.2266,468.5,192.0,fixation
10:21:13.2271,469.5,190.4,fixation
10:21:13.2276,470.5,189.5,fixation
10:21:13.2281,470.3,191.4,fixation
10:21:13.2286,469.7,193.2,fixation
10:21:13.2291,468.7,194.4,fixation
10:21:13.2296,468.0,192.4,fixation
10:21:13.2301,467.7,190.4,fixation
10:21:13.2306,467.9,188.6,fixation
10:21:13.2311,467.9,188.5,fixation
10:21:13.2316,467.9,188.5,fixation
10:21:13.2321,467.9,188.6,fixation
10:21:13.2326,469.1,188.6,fixation
10:21:13.2331,470.3,188.7,fixation
10:21:13.2336,470.9,188.6,fixation
10:21:13.2341,470.3,188.6,fixation
10:21:13.2346,470.7,188.7,fixation
10:21:13.2351,471.7,188.2,fixation
10:21:13.2356,472.1,187.5,fixation
10:21:13.2361,471.4,187.4,fixation
10:21:13.2366,470.8,187.6,fixation
10:21:13.2371,471.2,187.9,fixation
10:21:13.2376,471.4,189.2,fixation
10:21:13.2381,471.4,190.8,fixation
10:21:13.2386,471.3,190.2,fixation
10:21:13.2391,471.7,188.0,fixation
10:21:13.2396,471.9,186.9,fixation
10:21:13.2401,472.0,187.9,fixation
10:21:13.2406,472.4,189.8,fixation
10:21:13.2411,472.9,190.7,fixation
10:21:13.2416,472.9,189.3,fixation
10:21:13.2421,472.2,187.1,fixation
10:21:13.2426,471.5,185.9,fixation
10:21:13.2431,471.4,186.9,fixation
10:21:13.2436,471.4,187.7,fixation
10:21:13.2441,471.6,186.9,fixation
10:21:13.2446,471.7,185.8,fixation
10:21:13.2451,472.2,184.8,fixation
10:21:13.2456,472.4,186.1,fixation
10:21:13.2461,472.6,187.9,fixation
10:21:13.2466,472.6,187.9,fixation
10:21:13.2471,472.6,186.1,fixation
10:21:13.2476,472.8,184.5,fixation
10:21:13.2481,473.1,185.1,fixation
10:21:13.2486,473.3,185.7,fixation
10:21:13.2491,473.1,185.8,fixation
10:21:13.2496,472.9,185.3,fixation
10:21:13.2501,473.3,184.7,fixation
10:21:13.2506,473.8,184.3,fixation
10:21:13.2511,474.7,184.4,fixation
10:21:13.2516,475.1,183.7,fixation
10:21:13.2521,475.0,182.6,fixation
10:21:13.2526,474.4,181.4,fixation
10:21:13.2531,473.7,184.1,fixation
10:21:13.2536,473.6,187.5,fixation
10:21:13.2541,473.1,190.7,fixation
10:21:13.2546,472.9,189.1,fixation
10:21:13.2551,473.2,187.7,fixation
10:21:13.2556,473.9,186.9,fixation
10:21:13.2561,474.3,187.5,fixation
10:21:13.2566,473.9,188.6,fixation
10:21:13.2571,473.6,189.5,fixation
10:21:13.2576,473.8,190.5,fixation
10:21:13.2581,474.3,189.4,fixation
10:21:13.2586,474.9,188.0,fixation
10:21:13.2591,475.1,186.5,fixation
10:21:13.2596,474.8,185.9,fixation
10:21:13.2601,474.4,185.6,fixation
10:21:13.2606,474.1,185.4,fixation
10:21:13.2611,474.0,185.7,fixation
10:21:13.2616,473.8,185.8,fixation
10:21:13.2621,473.6,185.8,fixation
10:21:13.2626,473.5,186.3,fixation
10:21:13.2631,473.3,187.2,fixation
10:21:13.2636,473.1,187.9,fixation
10:21:13.2641,473.1,188.2,fixation
10:21:13.2646,473.0,188.8,fixation
10:21:13.2651,473.0,189.6,fixation
10:21:13.2656,472.9,190.1,fixation
10:21:13.2661,473.1,188.0,fixation
10:21:13.2666,473.7,185.9,fixation
10:21:13.2671,474.0,185.3,fixation
10:21:13.2676,473.2,186.8,fixation
10:21:13.2681,472.1,188.1,fixation
10:21:13.2686,471.9,187.4,fixation
10:21:13.2691,472.8,186.6,fixation
10:21:13.2696,473.8,185.9,fixation
10:21:13.2701,473.9,186.3,fixation
10:21:13.2706,473.8,187.2,fixation
10:21:13.2711,473.2,188.4,fixation
10:21:13.2716,472.6,190.3,fixation
10:21:13.2721,472.0,191.7,fixation
10:21:13.2726,471.9,191.6,fixation
10:21:13.2731,471.9,191.1,fixation
10:21:13.2736,471.9,191.2,fixation
10:21:13.2741,471.7,192.3,fixation
10:21:13.2746,471.8,192.9,fixation
10:21:13.2751,472.1,192.1,fixation
10:21:13.2756,472.4,191.3,fixation
10:21:13.2761,472.8,190.6,fixation
10:21:13.2766,473.0,190.7,fixation
10:21:13.2771,473.3,190.9,fixation
10:21:13.2776,473.3,191.3,fixation
10:21:13.2781,473.3,191.8,fixation
10:21:13.2786,473.1,192.3,fixation
10:21:13.2791,472.9,193.1,fixation
10:21:13.2796,472.8,193.7,fixation
10:21:13.2801,472.5,193.1,fixation
10:21:13.2806,472.3,191.9,fixation
10:21:13.2811,472.3,190.9,fixation
10:21:13.2816,472.3,191.3,fixation
10:21:13.2821,472.3,191.5,fixation
10:21:13.2826,472.1,191.3,fixation
10:21:13.2831,472.1,190.0,fixation
10:21:13.2836,472.4,189.0,fixation
10:21:13.2841,472.8,187.9,fixation
10:21:13.2846,472.6,187.5,fixation
10:21:13.2851,472.1,188.0,fixation
10:21:13.2856,472.0,189.8,fixation
10:21:13.2861,472.2,191.8,fixation
10:21:13.2866,472.3,192.8,fixation
10:21:13.2871,472.1,192.7,fixation
10:21:13.2876,471.8,192.7,fixation
10:21:13.2881,471.8,192.7,fixation
10:21:13.2886,471.9,192.7,fixation
10:21:13.2891,471.9,192.9,fixation
10:21:13.2896,471.3,192.9,fixation
10:21:13.2901,470.8,191.9,fixation
10:21:13.2906,470.4,190.8,fixation
10:21:13.2911,470.4,189.7,fixation
10:21:13.2916,470.3,190.0,fixation
10:21:13.2921,470.2,190.6,fixation
10:21:13.2926,470.1,191.3,fixation
10:21:13.2931,470.2,191.6,fixation
10:21:13.2936,470.4,190.9,fixation
10:21:13.2941,470.6,189.5,fixation
10:21:13.2946,470.4,187.9,fixation
10:21:13.2951,470.1,187.6,fixation
10:21:13.2956,469.7,188.2,fixation
10:21:13.2961,469.1,188.9,fixation
10:21:13.2966,468.2,190.3,fixation
10:21:13.2971,467.7,191.5,fixation
10:21:13.2976,467.8,192.7,fixation
10:21:13.2981,468.0,192.9,fixation
10:21:13.2986,468.0,192.3,fixation
10:21:13.2991,468.0,191.6,fixation
10:21:13.2996,468.4,189.6,fixation
10:21:13.3001,468.9,188.3,fixation
10:21:13.3006,469.2,188.4,fixation
10:21:13.3011,469.2,189.8,fixation
10:21:13.3016,469.0,191.5,fixation
10:21:13.3021,468.8,191.9,fixation
10:21:13.3026,468.5,192.3,fixation
10:21:13.3031,467.8,192.4,fixation
10:21:13.3036,467.3,191.8,fixation
10:21:13.3041,467.1,191.1,fixation
10:21:13.3046,467.3,191.4,fixation
10:21:13.3051,466.6,192.1,fixation
10:21:13.3056,465.6,193.1,fixation
10:21:13.3061,465.0,194.2,fixation
10:21:13.3066,465.2,195.4,fixation
10:21:13.3071,465.7,196.6,fixation
10:21:13.3076,466.0,196.9,fixation
10:21:13.3081,466.4,195.7,fixation
10:21:13.3086,466.5,194.1,fixation
10:21:13.3091,466.6,192.6,fixation
10:21:13.3096,466.4,193.5,fixation
10:21:13.3101,466.5,194.3,fixation
10:21:13.3106,466.7,195.0,fixation
10:21:13.3111,466.5,194.6,fixation
10:21:13.3116,466.0,193.6,fixation
10:21:13.3121,465.6,192.7,fixation
10:21:13.3126,466.0,192.6,fixation
10:21:13.3131,466.2,193.4,fixation
10:21:13.3136,466.6,192.0,fixation
10:21:13.3141,466.6,190.0,fixation
10:21:13.3146,466.4,191.2,fixation
10:21:13.3151,465.9,194.5,fixation
10:21:13.3156,465.3,197.4,fixation
10:21:13.3161,465.1,196.4,fixation
10:21:13.3166,465.2,195.0,fixation
10:21:13.3171,465.3,193.7,fixation
10:21:13.3176,465.5,192.6,fixation
10:21:13.3181,466.4,192.3,fixation
10:21:13.3186,467.2,192.5,fixation
10:21:13.3191,467.6,193.0,fixation
10:21:13.3196,467.3,193.1,fixation
10:21:13.3201,467.2,191.5,fixation
10:21:13.3206,467.5,190.1,fixation
10:21:13.3211,467.8,188.8,fixation
10:21:13.3216,468.1,189.3,fixation
10:21:13.3221,468.1,189.5,fixation
10:21:13.3226,468.1,189.3,fixation
10:21:13.3231,468.1,188.9,fixation
10:21:13.3236,468.4,188.5,fixation
10:21:13.3241,468.6,188.3,fixation
10:21:13.3246,468.8,187.9,fixation
10:21:13.3251,469.0,187.5,fixation
10:21:13.3256,469.3,186.3,fixation
10:21:13.3261,469.4,185.3,fixation
10:21:13.3266,469.0,186.6,fixation
10:21:13.3271,468.3,188.6,fixation
10:21:13.3276,467.6,189.9,fixation
10:21:13.3281,468.1,189.4,fixation
10:21:13.3286,469.0,188.9,fixation
10:21:13.3291,469.6,188.8,fixation
10:21:13.3296,469.3,188.4,fixation
10:21:13.3301,469.7,188.4,fixation
10:21:13.3306,470.2,188.7,fixation
10:21:13.3311,470.6,189.1,fixation
10:21:13.3316,470.5,189.3,fixation
10:21:13.3321,470.5,189.4,fixation
10:21:13.3326,470.2,189.5,fixation
10:21:13.3331,469.8,189.8,fixation
10:21:13.3336,469.3,190.2,fixation
10:21:13.3341,468.5,190.5,fixation
10:21:13.3346,467.7,190.8,fixation
10:21:13.3351,467.2,191.4,fixation
10:21:13.3356,467.8,192.1,fixation
10:21:13.3361,468.4,192.3,fixation
10:21:13.3366,468.7,192.0,fixation
10:21:13.3371,468.7,191.9,fixation
10:21:13.3376,468.8,192.0,fixation
10:21:13.3381,468.8,192.3,fixation
10:21:13.3386,469.0,194.1,fixation
10:21:13.3391,469.3,195.9,fixation
10:21:13.3396,468.8,194.9,fixation
10:21:13.3401,468.0,192.2,fixation
10:21:13.3406,467.5,189.7,fixation
10:21:13.3411,467.9,190.3,fixation
10:21:13.3416,468.2,190.8,fixation
10:21:13.3421,468.3,190.9,fixation
10:21:13.3426,468.3,190.9,fixation
10:21:13.3431,468.2,191.4,fixation
10:21:13.3436,467.6,191.7,fixation
10:21:13.3441,467.0,191.9,fixation
10:21:13.3446,466.3,191.7,fixation
10:21:13.3451,466.1,191.7,fixation
10:21:13.3456,465.8,192.1,fixation
10:21:13.3461,465.6,192.6,fixation
10:21:13.3466,465.6,192.7,fixation
10:21:13.3471,465.7,192.4,fixation
10:21:13.3476,465.4,191.1,fixation
10:21:13.3481,465.0,190.0,fixation
10:21:13.3486,464.5,189.3,fixation
10:21:13.3491,464.4,189.6,fixation
10:21:13.3496,464.0,191.5,fixation
10:21:13.3501,463.7,193.2,fixation
10:21:13.3506,463.2,193.9,fixation
10:21:13.3511,462.7,193.0,fixation
10:21:13.3516,461.8,191.9,fixation
10:21:13.3521,461.2,191.7,fixation
10:21:13.3526,461.7,191.8,fixation
10:21:13.3531,462.6,192.2,fixation
10:21:13.3536,463.7,193.0,fixation
10:21:13.3541,463.9,193.7,fixation
10:21:13.3546,463.8,192.1,fixation
10:21:13.3551,463.8,189.9,fixation
10:21:13.3556,463.5,190.0,fixation
10:21:13.3561,463.2,192.2,fixation
10:21:13.3566,464.3,193.5,fixation
10:21:13.3571,465.6,192.4,fixation
10:21:13.3576,466.9,191.4,fixation
10:21:13.3581,467.0,191.4,fixation
10:21:13.3586,467.0,191.4,fixation
10:21:13.3591,466.9,191.4,fixation
10:21:13.3596,466.9,191.5,fixation
10:21:13.3601,467.2,190.8,fixation
10:21:13.3606,467.5,190.3,fixation
10:21:13.3611,467.7,189.8,fixation
10:21:13.3616,467.7,189.9,fixation
10:21:13.3621,467.8,189.6,fixation
10:21:13.3626,468.0,189.3,fixation
10:21:13.3631,468.4,189.7,fixation
10:21:13.3636,468.4,190.4,fixation
10:21:13.3641,468.3,191.1,fixation
10:21:13.3646,468.7,191.3,fixation
10:21:13.3651,469.3,191.4,fixation
10:21:13.3656,469.6,191.7,fixation
10:21:13.3661,469.4,191.9,fixation
10:21:13.3666,469.2,191.7,fixation
10:21:13.3671,469.4,191.0,fixation
10:21:13.3676,469.6,190.3,fixation
10:21:13.3681,469.5,190.6,fixation
10:21:13.3686,469.2,191.2,fixation
10:21:13.3691,468.9,191.7,fixation
10:21:13.3696,468.9,191.5,fixation
10:21:13.3701,468.9,191.4,fixation
10:21:13.3706,468.5,191.2,fixation
10:21:13.3711,468.1,191.0,fixation
10:21:13.3716,467.6,191.1,fixation
10:21:13.3721,467.3,191.7,fixation
10:21:13.3726,466.9,192.2,fixation
10:21:13.3731,466.3,192.2,fixation
10:21:13.3736,465.7,191.8,fixation
10:21:13.3741,464.9,192.8,fixation
10:21:13.3746,464.6,193.9,fixation
10:21:13.3751,464.3,194.7,fixation
10:21:13.3756,464.3,194.4,fixation
10:21:13.3761,464.4,194.1,fixation
10:21:13.3766,464.4,192.9,fixation
10:21:13.3771,464.5,191.5,fixation
10:21:13.3776,464.2,189.8,fixation
10:21:13.3781,463.5,189.3,fixation
10:21:13.3786,462.8,189.6,fixation
10:21:13.3791,462.7,190.4,fixation
10:21:13.3796,462.8,191.3,fixation
10:21:13.3801,462.9,191.8,fixation
10:21:13.3806,463.0,192.2,fixation
10:21:13.3811,463.1,193.0,fixation
10:21:13.3816,463.1,193.5,fixation
10:21:13.3821,463.0,193.5,fixation
10:21:13.3826,463.3,192.5,fixation
10:21:13.3831,463.8,191.3,fixation
10:21:13.3836,465.4,191.0,fixation
10:21:13.3841,466.6,190.6,fixation
10:21:13.3846,467.8,190.2,fixation
10:21:13.3851,467.8,189.7,fixation
10:21:13.3856,468.1,189.8,fixation
10:21:13.3861,468.3,190.2,fixation
10:21:13.3866,468.4,191.6,fixation
10:21:13.3871,468.2,193.0,fixation
10:21:13.3876,468.1,194.1,fixation
10:21:13.3881,468.0,194.4,fixation
10:21:13.3886,468.0,194.6,fixation
10:21:13.3891,467.9,194.7,fixation
10:21:13.3896,467.8,194.7,fixation
10:21:13.3901,467.7,194.4,fixation
10:21:13.3906,467.7,194.2,fixation
10:21:13.3911,467.7,194.7,fixation
10:21:13.3916,467.9,195.8,fixation
10:21:13.3921,468.0,196.9,fixation
10:21:13.3926,468.2,195.6,fixation
10:21:13.3931,468.2,193.8,fixation
10:21:13.3936,468.4,193.4,fixation
10:21:13.3941,468.4,195.0,fixation
10:21:13.3946,468.3,196.8,fixation
10:21:13.3951,468.2,197.3,fixation
10:21:13.3956,468.1,197.5,fixation
10:21:13.3961,467.7,197.3,fixation
10:21:13.3966,467.4,197.1,fixation
10:21:13.3971,467.1,196.5,fixation
10:21:13.3976,466.8,195.7,fixation
10:21:13.3981,466.4,194.9,fixation
10:21:13.3986,466.0,195.3,fixation
10:21:13.3991,465.7,196.3,fixation
10:21:13.3996,465.4,197.2,fixation
10:21:13.4001,465.1,197.5,fixation
10:21:13.4006,465.2,197.8,fixation
10:21:13.4011,465.4,196.8,fixation
10:21:13.4016,465.5,195.5,fixation
10:21:13.4021,465.5,193.8,fixation
10:21:13.4026,464.5,193.2,fixation
10:21:13.4031,463.5,193.8,fixation
10:21:13.4036,462.4,194.9,fixation
10:21:13.4041,462.3,196.1,fixation
10:21:13.4046,462.2,196.9,fixation
10:21:13.4051,463.0,198.0,fixation
10:21:13.4056,463.5,199.1,fixation
10:21:13.4061,463.8,198.6,fixation
10:21:13.4066,463.4,196.6,fixation
10:21:13.4071,463.4,194.7,fixation
10:21:13.4076,463.5,194.3,fixation
10:21:13.4081,463.3,195.1,fixation
10:21:13.4086,463.0,196.0,fixation
10:21:13.4091,463.8,195.8,fixation
10:21:13.4096,464.7,195.7,fixation
10:21:13.4101,465.7,195.6,fixation
10:21:13.4106,465.7,195.7,fixation
10:21:13.4111,465.7,195.1,fixation
10:21:13.4116,466.1,194.1,fixation
10:21:13.4121,466.4,193.1,fixation
10:21:13.4126,467.7,194.5,fixation
10:21:13.4131,468.8,196.2,fixation
10:21:13.4136,469.3,196.5,fixation
10:21:13.4141,468.7,195.1,fixation
10:21:13.4146,468.1,193.8,fixation
10:21:13.4151,468.1,194.7,fixation
10:21:13.4156,468.8,196.8,fixation
10:21:13.4161,469.5,198.8,fixation
10:21:13.4166,470.4,200.1,fixation
10:21:13.4171,470.4,199.9,fixation
10:21:13.4176,470.3,199.3,fixation
10:21:13.4181,470.3,198.3,fixation
10:21:13.4186,470.3,197.6,fixation
10:21:13.4191,470.2,197.3,fixation
10:21:13.4196,469.8,197.4,fixation
10:21:13.4201,469.5,197.0,fixation
10:21:13.4206,469.3,196.4,fixation
10:21:13.4211,469.3,196.6,fixation
10:21:13.4216,468.5,197.2,fixation
10:21:13.4221,467.5,197.7,fixation
10:21:13.4226,466.7,197.5,fixation
10:21:13.4231,466.6,197.5,fixation
10:21:13.4236,466.7,197.6,fixation
10:21:13.4241,467.2,197.4,fixation
10:21:13.4246,467.7,197.2,fixation
10:21:13.4251,468.1,197.1,fixation
10:21:13.4256,468.0,197.4,fixation
10:21:13.4261,467.9,197.5,fixation
10:21:13.4266,467.7,197.5,fixation
10:21:13.4271,467.6,197.6,fixation
10:21:13.4276,467.6,197.8,fixation
10:21:13.4281,467.1,198.0,fixation
10:21:13.4286,466.4,198.2,fixation
10:21:13.4291,465.2,197.4,fixation
10:21:13.4296,464.5,196.8,fixation
10:21:13.4301,463.1,195.9,fixation
10:21:13.4306,462.2,196.5,fixation
10:21:13.4311,462.1,196.9,fixation
10:21:13.4316,462.8,197.5,fixation
10:21:13.4321,463.6,197.1,fixation
10:21:13.4326,463.8,196.7,fixation
10:21:13.4331,463.8,196.1,fixation
10:21:13.4336,463.7,195.9,fixation
10:21:13.4341,463.5,195.7,fixation
10:21:13.4346,463.5,195.6,fixation
10:21:13.4351,463.6,195.4,fixation
10:21:13.4356,463.3,195.2,fixation
10:21:13.4361,463.0,195.4,fixation
10:21:13.4366,463.0,195.7,fixation
10:21:13.4371,463.3,196.5,fixation
10:21:13.4376,463.9,197.0,fixation
10:21:13.4381,464.0,197.5,fixation
10:21:13.4386,464.0,197.6,fixation
10:21:13.4391,463.6,196.6,fixation
10:21:13.4396,463.2,194.9,fixation
10:21:13.4401,463.2,193.2,fixation
10:21:13.4406,463.4,194.0,fixation
10:21:13.4411,463.7,195.3,fixation
10:21:13.4416,464.1,196.5,fixation
10:21:13.4421,464.5,196.3,fixation
10:21:13.4426,464.8,196.0,saccade
10:21:13.4431,464.8,195.1,saccade
10:21:13.4436,465.5,194.4,saccade
10:21:13.4441,466.3,193.1,saccade
10:21:13.4446,466.8,192.7,saccade
10:21:13.4451,466.2,193.1,saccade
10:21:13.4456,465.6,194.6,saccade
10:21:13.4461,465.2,196.2,saccade
10:21:13.4466,465.1,197.2,saccade
10:21:13.4471,465.2,197.6,saccade
10:21:13.4476,465.8,198.1,saccade
10:21:13.4481,467.3,198.8,saccade
10:21:13.4486,468.7,199.6,saccade
10:21:13.4491,469.8,198.2,saccade
10:21:13.4496,471.3,196.3,saccade
10:21:13.4501,472.9,197.7,saccade
10:21:13.4506,474.8,201.2,saccade
10:21:13.4511,477.9,204.2,saccade
10:21:13.4516,482.4,202.1,saccade
10:21:13.4521,487.7,199.6,saccade
10:21:13.4526,491.2,197.7,saccade
10:21:13.4531,495.5,198.8,saccade
10:21:13.4536,500.3,200.4,saccade
10:21:13.4541,505.6,201.5,saccade
10:21:13.4546,509.6,201.5,saccade
10:21:13.4551,515.4,201.5,saccade
10:21:13.4556,521.6,202.3,saccade
10:21:13.4561,528.0,203.0,saccade
10:21:13.4566,534.1,203.6,saccade
10:21:13.4571,538.8,203.4,saccade
10:21:13.4576,544.7,204.0,saccade
10:21:13.4581,548.4,204.7,saccade
10:21:13.4586,554.4,203.4,saccade
10:21:13.4591,558.5,201.3,saccade
10:21:13.4596,562.0,199.0,saccade
10:21:13.4601,564.4,199.4,saccade
10:21:13.4606,567.5,199.8,saccade
10:21:13.4611,569.8,200.2,saccade
10:21:13.4616,572.0,200.3,saccade
10:21:13.4621,573.4,199.9,saccade
10:21:13.4626,575.6,200.1,saccade
10:21:13.4631,576.6,200.7,saccade
10:21:13.4636,577.5,201.5,saccade
10:21:13.4641,577.7,200.8,saccade
10:21:13.4646,576.8,199.5,saccade
10:21:13.4651,575.8,198.2,saccade
10:21:13.4656,574.4,197.7,saccade
10:21:13.4661,574.1,197.4,saccade
10:21:13.4666,573.7,196.8,saccade
10:21:13.4671,571.0,195.9,fixation
10:21:13.4676,569.7,194.9,fixation
10:21:13.4681,568.9,194.1,fixation
10:21:13.4686,567.9,194.6,fixation
10:21:13.4691,566.9,195.9,fixation
10:21:13.4696,566.1,197.3,fixation
10:21:13.4701,565.6,196.3,fixation
10:21:13.4706,566.0,195.1,fixation
10:21:13.4711,567.1,193.7,fixation
10:21:13.4716,567.9,193.2,fixation
10:21:13.4721,567.5,193.8,fixation
10:21:13.4726,566.3,194.9,fixation
10:21:13.4731,565.3,196.1,fixation
10:21:13.4736,564.4,196.3,fixation
10:21:13.4741,563.7,196.1,fixation
10:21:13.4746,563.3,195.8,fixation
10:21:13.4751,562.9,195.6,fixation
10:21:13.4756,563.0,195.5,fixation
10:21:13.4761,562.7,195.9,fixation
10:21:13.4766,562.3,196.3,fixation
10:21:13.4771,561.9,196.6,fixation
10:21:13.4776,561.8,196.5,fixation
10:21:13.4781,562.0,196.5,fixation
10:21:13.4786,562.1,196.6,fixation
10:21:13.4791,561.8,196.8,fixation
10:21:13.4796,561.3,197.2,fixation
10:21:13.4801,560.3,197.3,fixation
10:21:13.4806,559.4,196.1,fixation
10:21:13.4811,558.7,194.7,fixation
10:21:13.4816,558.4,193.3,fixation
10:21:13.4821,558.2,193.2,fixation
10:21:13.4826,557.4,194.1,fixation
10:21:13.4831,556.7,194.4,fixation
10:21:13.4836,556.2,194.1,fixation
10:21:13.4841,556.2,193.0,fixation
10:21:13.4846,555.7,192.2,fixation
10:21:13.4851,555.2,191.9,fixation
10:21:13.4856,554.4,191.0,fixation
10:21:13.4861,554.2,189.6,fixation
10:21:13.4866,553.7,188.1,fixation
10:21:13.4871,553.5,187.3,fixation
10:21:13.4876,553.2,187.1,fixation
10:21:13.4881,552.7,186.9,fixation
10:21:13.4886,552.3,187.4,fixation
10:21:13.4891,551.6,190.5,fixation
10:21:13.4896,551.3,193.6,fixation
10:21:13.4901,552.0,195.8,fixation
10:21:13.4906,553.0,195.4,fixation
10:21:13.4911,553.9,195.0,fixation
10:21:13.4916,553.9,194.4,fixation
10:21:13.4921,553.9,193.8,fixation
10:21:13.4926,553.9,192.9,fixation
10:21:13.4931,554.0,192.7,fixation
10:21:13.4936,553.9,194.4,fixation
10:21:13.4941,553.6,196.4,fixation
10:21:13.4946,553.3,199.0,fixation
10:21:13.4951,553.5,199.7,fixation
10:21:13.4956,553.9,198.5,fixation
10:21:13.4961,554.4,196.1,fixation
10:21:13.4966,554.6,193.6,fixation
10:21:13.4971,554.4,193.7,fixation
10:21:13.4976,553.9,194.9,fixation
10:21:13.4981,553.5,196.0,fixation
10:21:13.4986,553.3,196.6,fixation
10:21:13.4991,553.3,196.7,fixation
10:21:13.4996,553.4,197.0,fixation
10:21:13.5001,553.7,195.7,fixation
10:21:13.5006,553.9,194.2,fixation
10:21:13.5011,554.0,193.9,fixation
10:21:13.5016,553.5,195.1,fixation
10:21:13.5021,552.9,196.5,fixation
10:21:13.5026,552.7,196.6,fixation
10:21:13.5031,552.7,196.4,fixation
10:21:13.5036,553.0,195.7,fixation
10:21:13.5041,552.9,194.9,fixation
10:21:13.5046,553.0,194.7,fixation
10:21:13.5051,552.5,194.9,fixation
10:21:13.5056,552.2,194.8,fixation
10:21:13.5061,551.9,194.5,fixation
10:21:13.5066,551.9,196.0,fixation
10:21:13.5071,551.8,197.6,fixation
10:21:13.5076,552.2,198.3,fixation
10:21:13.5081,552.8,197.3,fixation
10:21:13.5086,553.7,197.0,fixation
10:21:13.5091,553.9,198.0,fixation
10:21:13.5096,554.1,199.1,fixation
10:21:13.5101,553.8,199.2,fixation
10:21:13.5106,552.9,198.6,fixation
10:21:13.5111,552.2,197.7,fixation
10:21:13.5116,551.4,196.6,fixation
10:21:13.5121,551.4,195.0,fixation
10:21:13.5126,551.4,193.8,fixation
10:21:13.5131,551.7,193.8,fixation
10:21:13.5136,552.0,194.6,fixation
10:21:13.5141,551.7,195.7,fixation
10:21:13.5146,551.3,195.9,fixation
10:21:13.5151,551.0,196.2,fixation
10:21:13.5156,551.4,196.1,fixation
10:21:13.5161,552.2,196.0,fixation
10:21:13.5166,553.0,195.6,fixation
10:21:13.5171,553.1,195.0,fixation
10:21:13.5176,552.6,194.2,fixation
10:21:13.5181,552.0,193.6,fixation
10:21:13.5186,551.7,193.4,fixation
10:21:13.5191,551.4,193.8,fixation
10:21:13.5196,551.2,194.3,fixation
10:21:13.5201,551.3,194.8,fixation
10:21:13.5206,551.5,195.0,fixation
10:21:13.5211,551.2,195.5,fixation
10:21:13.5216,550.9,196.0,fixation
10:21:13.5221,550.8,196.5,fixation
10:21:13.5226,550.9,197.8,fixation
10:21:13.5231,550.3,198.9,fixation
10:21:13.5236,549.6,198.5,fixation
10:21:13.5241,549.3,196.9,fixation
10:21:13.5246,549.9,195.5,fixation
10:21:13.5251,550.7,195.3,fixation
10:21:13.5256,551.4,195.3,fixation
10:21:13.5261,551.9,195.4,fixation
10:21:13.5266,552.0,195.7,fixation
10:21:13.5271,551.8,196.0,fixation
10:21:13.5276,551.7,196.0,fixation
10:21:13.5281,551.7,196.1,fixation
10:21:13.5286,552.3,196.4,fixation
10:21:13.5291,552.9,196.7,fixation
10:21:13.5296,553.0,195.8,fixation
10:21:13.5301,552.5,194.9,fixation
10:21:13.5306,551.5,194.6,fixation
10:21:13.5311,550.7,195.3,fixation
10:21:13.5316,550.9,196.1,fixation
10:21:13.5321,551.7,195.5,fixation
10:21:13.5326,552.7,194.6,fixation
10:21:13.5331,553.0,193.6,fixation
10:21:13.5336,553.0,193.7,fixation
10:21:13.5341,552.7,194.7,fixation
10:21:13.5346,552.3,195.1,fixation
10:21:13.5351,552.0,195.0,fixation
10:21:13.5356,551.7,194.0,fixation
10:21:13.5361,551.8,193.6,fixation
10:21:13.5366,551.9,192.8,fixation
10:21:13.5371,552.0,192.2,fixation
10:21:13.5376,552.3,191.6,fixation
10:21:13.5381,552.6,192.2,fixation
10:21:13.5386,552.4,193.8,fixation
10:21:13.5391,551.7,196.5,fixation
10:21:13.5396,551.0,198.4,fixation
10:21:13.5401,551.0,198.6,fixation
10:21:13.5406,551.2,195.6,fixation
10:21:13.5411,551.4,192.6,fixation
10:21:13.5416,551.4,193.0,fixation
10:21:13.5421,551.4,195.5,fixation
10:21:13.5426,551.7,197.6,fixation
10:21:13.5431,552.2,197.0,fixation
10:21:13.5436,552.6,196.2,fixation
10:21:13.5441,552.8,195.9,fixation
10:21:13.5446,553.1,195.6,fixation
10:21:13.5451,553.3,195.5,fixation
10:21:13.5456,553.3,196.0,fixation
10:21:13.5461,552.9,197.2,fixation
10:21:13.5466,552.3,198.5,fixation
10:21:13.5471,552.1,198.3,fixation
10:21:13.5476,552.2,197.6,fixation
10:21:13.5481,552.2,196.8,fixation
10:21:13.5486,552.7,196.4,fixation
10:21:13.5491,553.2,194.8,fixation
10:21:13.5496,553.8,193.2,fixation
10:21:13.5501,553.6,194.8,fixation
10:21:13.5506,553.3,197.5,fixation
10:21:13.5511,552.9,199.9,fixation
10:21:13.5516,552.6,199.5,fixation
10:21:13.5521,552.7,199.2,fixation
10:21:13.5526,553.1,199.4,fixation
10:21:13.5531,553.5,199.7,fixation
10:21:13.5536,553.8,199.4,fixation
10:21:13.5541,554.0,197.9,fixation
10:21:13.5546,554.0,196.4,fixation
10:21:13.5551,554.0,194.8,fixation
10:21:13.5556,554.0,194.1,fixation
10:21:13.5561,554.1,193.0,fixation
10:21:13.5566,554.1,192.5,fixation
10:21:13.5571,553.9,193.5,fixation
10:21:13.5576,554.0,195.2,fixation
10:21:13.5581,554.7,197.1,fixation
10:21:13.5586,555.5,196.7,fixation
10:21:13.5591,555.9,195.6,fixation
10:21:13.5596,556.0,193.6,fixation
10:21:13.5601,556.1,192.3,fixation
10:21:13.5606,556.0,194.2,fixation
10:21:13.5611,555.8,196.8,fixation
10:21:13.5616,555.7,199.3,fixation
10:21:13.5621,556.0,199.2,fixation
10:21:13.5626,556.2,199.1,fixation
10:21:13.5631,556.1,198.8,fixation
10:21:13.5636,556.1,198.5,fixation
10:21:13.5641,556.1,198.4,fixation
10:21:13.5646,556.3,198.6,fixation
10:21:13.5651,556.8,197.2,fixation
10:21:13.5656,557.3,195.7,fixation
10:21:13.5661,558.0,194.1,fixation
10:21:13.5666,558.1,194.0,fixation
10:21:13.5671,557.8,195.0,fixation
10:21:13.5676,557.5,196.1,fixation
10:21:13.5681,557.5,196.8,fixation
10:21:13.5686,558.5,196.5,fixation
10:21:13.5691,559.4,196.2,fixation
10:21:13.5696,559.9,196.2,fixation
10:21:13.5701,559.8,196.0,fixation
10:21:13.5706,559.7,195.9,fixation
10:21:13.5711,559.6,195.8,fixation
10:21:13.5716,559.0,196.7,fixation
10:21:13.5721,558.3,198.6,fixation
10:21:13.5726,557.7,200.6,fixation
10:21:13.5731,557.7,200.6,fixation
10:21:13.5736,557.9,200.2,fixation
10:21:13.5741,558.1,199.5,fixation
10:21:13.5746,558.3,199.9,fixation
10:21:13.5751,558.6,199.7,fixation
10:21:13.5756,558.2,200.5,fixation
10:21:13.5761,557.7,201.2,fixation
10:21:13.5766,557.4,201.8,fixation
10:21:13.5771,557.6,201.5,fixation
10:21:13.5776,557.8,199.6,fixation
10:21:13.5781,558.5,198.1,fixation
10:21:13.5786,559.1,197.1,fixation
10:21:13.5791,559.5,197.5,fixation
10:21:13.5796,559.4,197.9,fixation
10:21:13.5801,559.1,198.9,fixation
10:21:13.5806,558.4,199.8,fixation
10:21:13.5811,557.8,200.7,fixation
10:21:13.5816,557.9,198.7,fixation
10:21:13.5821,558.4,196.8,fixation
10:21:13.5826,558.7,196.3,fixation
10:21:13.5831,558.5,197.6,fixation
10:21:13.5836,558.2,199.3,fixation
10:21:13.5841,558.1,200.0,fixation
10:21:13.5846,558.0,200.6,fixation
10:21:13.5851,558.1,200.9,fixation
10:21:13.5856,558.3,200.9,fixation
10:21:13.5861,558.8,199.9,fixation
10:21:13.5866,559.2,198.8,fixation
10:21:13.5871,559.7,197.7,fixation
10:21:13.5876,560.1,197.8,fixation
10:21:13.5881,560.3,198.8,fixation
10:21:13.5886,560.3,199.9,fixation
10:21:13.5891,559.6,200.0,fixation
10:21:13.5896,559.0,199.1,fixation
10:21:13.5901,558.5,198.5,fixation
10:21:13.5906,558.8,198.9,fixation
10:21:13.5911,559.2,199.2,fixation
10:21:13.5916,559.1,199.2,fixation
10:21:13.5921,558.4,200.5,fixation
10:21:13.5926,557.7,201.8,fixation
10:21:13.5931,557.5,201.9,fixation
10:21:13.5936,557.6,200.6,fixation
10:21:13.5941,557.9,199.2,fixation
10:21:13.5946,558.2,199.2,fixation
10:21:13.5951,558.1,200.6,fixation
10:21:13.5956,557.9,201.9,fixation
10:21:13.5961,557.6,204.1,fixation
10:21:13.5966,558.1,204.9,fixation
10:21:13.5971,558.8,204.2,fixation
10:21:13.5976,558.7,202.6,fixation
10:21:13.5981,558.2,200.9,fixation
10:21:13.5986,557.4,201.8,fixation
10:21:13.5991,557.2,202.8,fixation
10:21:13.5996,557.9,204.6,fixation
10:21:13.6001,558.7,205.3,fixation
10:21:13.6006,559.4,205.9,fixation
10:21:13.6011,559.6,205.8,fixation
10:21:13.6016,559.8,205.6,fixation
10:21:13.6021,559.8,205.7,fixation
10:21:13.6026,559.5,205.7,fixation
10:21:13.6031,559.1,206.0,fixation
10:21:13.6036,559.1,206.6,fixation
10:21:13.6041,559.2,206.9,fixation
10:21:13.6046,558.7,206.9,fixation
10:21:13.6051,557.9,206.6,fixation
10:21:13.6056,557.0,206.1,fixation
10:21:13.6061,556.9,205.6,fixation
10:21:13.6066,556.7,205.2,fixation
10:21:13.6071,556.2,204.8,fixation
10:21:13.6076,555.7,204.4,fixation
10:21:13.6081,555.7,204.6,fixation
10:21:13.6086,556.2,205.0,fixation
10:21:13.6091,556.8,204.4,fixation
10:21:13.6096,556.9,203.7,fixation
10:21:13.6101,557.1,203.0,fixation
10:21:13.6106,557.1,202.8,fixation
10:21:13.6111,556.4,202.0,fixation
10:21:13.6116,555.8,201.4,fixation
10:21:13.6121,555.4,202.2,fixation
10:21:13.6126,555.7,203.1,fixation
10:21:13.6131,555.5,203.8,fixation
10:21:13.6136,555.3,202.5,fixation
10:21:13.6141,555.0,201.4,fixation
10:21:13.6146,555.9,200.5,fixation
10:21:13.6151,556.8,200.7,fixation
10:21:13.6156,557.6,200.8,fixation
10:21:13.6161,557.7,200.8,fixation
10:21:13.6166,557.6,200.8,fixation
10:21:13.6171,557.5,200.6,fixation
10:21:13.6176,557.5,200.2,fixation
10:21:13.6181,557.7,199.5,fixation
10:21:13.6186,557.0,198.8,fixation
10:21:13.6191,555.9,199.4,fixation
10:21:13.6196,555.0,200.2,fixation
10:21:13.6201,555.2,201.2,fixation
10:21:13.6206,555.7,201.1,fixation
10:21:13.6211,555.9,200.8,fixation
10:21:13.6216,555.1,200.1,fixation
10:21:13.6221,554.1,198.4,fixation
10:21:13.6226,553.3,197.2,fixation
10:21:13.6231,553.8,196.3,fixation
10:21:13.6236,554.1,196.3,fixation
10:21:13.6241,554.3,196.2,fixation
10:21:13.6246,554.7,196.3,fixation
10:21:13.6251,555.1,196.3,fixation
10:21:13.6256,555.4,196.4,fixation
10:21:13.6261,555.4,195.9,fixation
10:21:13.6266,555.5,195.5,fixation
10:21:13.6271,555.5,196.2,fixation
10:21:13.6276,555.7,197.4,fixation
10:21:13.6281,555.7,199.2,fixation
10:21:13.6286,555.8,199.7,fixation
10:21:13.6291,555.6,199.8,fixation
10:21:13.6296,555.4,197.8,fixation
10:21:13.6301,555.4,196.0,fixation
10:21:13.6306,555.6,194.6,fixation
10:21:13.6311,555.9,194.7,fixation
10:21:13.6316,556.2,194.8,fixation
10:21:13.6321,556.9,194.5,fixation
10:21:13.6326,557.5,194.2,fixation
10:21:13.6331,557.6,195.7,fixation
10:21:13.6336,557.3,197.6,fixation
10:21:13.6341,557.3,199.1,fixation
10:21:13.6346,557.5,198.7,fixation
10:21:13.6351,557.8,198.3,fixation
10:21:13.6356,557.9,198.3,fixation
10:21:13.6361,558.0,198.3,fixation
10:21:13.6366,558.2,198.3,fixation
10:21:13.6371,558.4,198.9,fixation
10:21:13.6376,558.5,200.2,fixation
10:21:13.6381,559.2,201.6,fixation
10:21:13.6386,560.1,201.4,fixation
10:21:13.6391,561.0,200.5,fixation
10:21:13.6396,560.7,201.3,fixation
10:21:13.6401,560.2,202.5,fixation
10:21:13.6406,559.8,203.9,fixation
10:21:13.6411,559.8,203.8,fixation
10:21:13.6416,559.8,204.2,fixation
10:21:13.6421,559.9,204.2,fixation
10:21:13.6426,560.1,203.6,fixation
10:21:13.6431,560.4,203.1,fixation
10:21:13.6436,560.5,203.9,fixation
10:21:13.6441,560.9,204.7,fixation
10:21:13.6446,561.3,205.2,fixation
10:21:13.6451,561.8,204.6,fixation
10:21:13.6456,561.9,204.0,fixation
10:21:13.6461,562.3,204.1,fixation
10:21:13.6466,562.6,204.3,fixation
10:21:13.6471,562.9,204.1,fixation
10:21:13.6476,562.8,203.7,fixation
10:21:13.6481,562.9,202.4,fixation
10:21:13.6486,563.1,201.8,fixation
10:21:13.6491,563.2,201.4,fixation
10:21:13.6496,563.4,202.0,fixation
10:21:13.6501,563.6,202.6,fixation
10:21:13.6506,563.7,204.3,fixation
10:21:13.6511,563.6,206.0,fixation
10:21:13.6516,563.4,207.4,fixation
10:21:13.6521,563.0,206.8,fixation
10:21:13.6526,562.6,206.2,fixation
10:21:13.6531,562.3,205.6,fixation
10:21:13.6536,562.6,203.9,fixation
10:21:13.6541,563.2,202.2,fixation
10:21:13.6546,563.6,200.1,fixation
10:21:13.6551,563.5,199.7,fixation
10:21:13.6556,563.1,198.9,fixation
10:21:13.6561,563.0,198.5,fixation
10:21:13.6566,563.1,198.2,fixation
10:21:13.6571,563.2,198.5,fixation
10:21:13.6576,563.0,201.0,fixation
10:21:13.6581,562.8,203.4,fixation
10:21:13.6586,562.4,205.5,fixation
10:21:13.6591,562.1,204.9,fixation
10:21:13.6596,561.9,204.4,fixation
10:21:13.6601,561.7,204.1,fixation
10:21:13.6606,561.7,204.6,fixation
10:21:13.6611,561.7,205.2,fixation
10:21:13.6616,561.7,205.6,fixation
10:21:13.6621,561.9,205.4,fixation
10:21:13.6626,562.1,204.5,fixation
10:21:13.6631,561.9,203.2,fixation
10:21:13.6636,561.4,202.0,fixation
10:21:13.6641,560.9,201.6,fixation
10:21:13.6646,560.8,201.8,fixation
10:21:13.6651,561.1,202.1,fixation
10:21:13.6656,561.4,200.6,fixation
10:21:13.6661,561.6,198.9,fixation
10:21:13.6666,561.6,197.7,fixation
10:21:13.6671,561.2,198.0,fixation
10:21:13.6676,561.0,198.3,fixation
10:21:13.6681,561.1,196.8,fixation
10:21:13.6686,561.8,195.4,fixation
10:21:13.6691,562.4,195.4,fixation
10:21:13.6696,562.7,196.9,fixation
10:21:13.6701,562.7,198.3,fixation
10:21:13.6706,562.4,198.3,fixation
10:21:13.6711,561.9,200.0,fixation
10:21:13.6716,561.4,201.4,fixation
10:21:13.6721,561.2,202.7,fixation
10:21:13.6726,562.0,200.1,fixation
10:21:13.6731,562.9,197.8,fixation
10:21:13.6736,563.1,195.7,fixation
10:21:13.6741,562.4,195.7,fixation
10:21:13.6746,561.7,195.8,fixation
10:21:13.6751,561.6,196.5,fixation
10:21:13.6756,561.6,197.0,fixation
10:21:13.6761,561.6,197.3,fixation
10:21:13.6766,561.1,196.9,fixation
10:21:13.6771,560.5,197.6,fixation
10:21:13.6776,560.0,198.0,fixation
10:21:13.6781,560.2,198.5,fixation
10:21:13.6786,560.4,198.4,fixation
10:21:13.6791,560.4,198.7,fixation
10:21:13.6796,560.2,198.9,fixation
10:21:13.6801,559.8,198.8,fixation
10:21:13.6806,559.5,198.9,fixation
10:21:13.6811,559.7,199.2,fixation
10:21:13.6816,560.5,199.5,fixation
10:21:13.6821,561.0,200.5,fixation
10:21:13.6826,561.1,201.3,fixation
10:21:13.6831,560.6,201.7,fixation
10:21:13.6836,560.1,201.2,fixation
10:21:13.6841,559.7,200.9,fixation
10:21:13.6846,559.5,201.1,fixation
10:21:13.6851,559.1,201.5,fixation
10:21:13.6856,559.0,201.7,fixation
10:21:13.6861,559.2,201.5,fixation
10:21:13.6866,559.6,201.2,fixation
10:21:13.6871,559.4,201.0,fixation
10:21:13.6876,559.0,201.3,fixation
10:21:13.6881,558.5,203.0,fixation
10:21:13.6886,558.0,204.5,fixation
10:21:13.6891,557.4,205.7,fixation
10:21:13.6896,557.1,205.0,fixation
10:21:13.6901,556.8,203.8,fixation
10:21:13.6906,556.6,202.5,fixation
10:21:13.6911,556.4,202.9,fixation
10:21:13.6916,556.4,204.0,fixation
10:21:13.6921,556.4,205.3,fixation
10:21:13.6926,556.7,206.0,fixation
10:21:13.6931,556.8,206.9,fixation
10:21:13.6936,557.0,207.5,fixation
10:21:13.6941,557.0,206.4,fixation
10:21:13.6946,557.6,202.2,fixation
10:21:13.6951,557.8,197.9,fixation
10:21:13.6956,557.7,196.5,fixation
10:21:13.6961,557.3,198.6,fixation
10:21:13.6966,557.2,200.7,fixation
10:21:13.6971,557.4,201.4,fixation
10:21:13.6976,557.8,201.4,fixation
10:21:13.6981,558.1,201.7,fixation
10:21:13.6986,558.2,202.0,fixation
10:21:13.6991,558.3,202.2,fixation
10:21:13.6996,558.3,202.2,fixation
10:21:13.7001,558.3,202.2,fixation
10:21:13.7006,558.2,202.2,fixation
10:21:13.7011,558.1,202.3,fixation
10:21:13.7016,558.1,202.4,fixation
10:21:13.7021,557.7,202.4,fixation
10:21:13.7026,557.3,202.4,fixation
10:21:13.7031,557.0,202.3,fixation
10:21:13.7036,556.9,203.5,fixation
10:21:13.7041,557.3,204.8,fixation
10:21:13.7046,558.5,205.0,fixation
10:21:13.7051,559.7,204.1,fixation
10:21:13.7056,559.8,202.3,fixation
10:21:13.7061,559.4,201.5,fixation
10:21:13.7066,559.0,201.2,fixation
10:21:13.7071,559.2,201.9,fixation
10:21:13.7076,559.2,202.7,fixation
10:21:13.7081,559.1,202.9,fixation
10:21:13.7086,559.0,202.9,fixation
10:21:13.7091,558.9,202.7,fixation
10:21:13.7096,559.0,202.6,fixation
10:21:13.7101,559.3,202.5,fixation
10:21:13.7106,559.5,201.2,fixation
10:21:13.7111,559.4,200.4,fixation
10:21:13.7116,559.2,200.2,fixation
10:21:13.7121,559.2,202.3,fixation
10:21:13.7126,559.4,204.0,fixation
10:21:13.7131,558.5,204.6,fixation
10:21:13.7136,557.5,204.0,fixation
10:21:13.7141,557.6,203.4,fixation
10:21:13.7146,558.7,203.2,fixation
10:21:13.7151,559.3,202.9,fixation
10:21:13.7156,558.8,202.4,fixation
10:21:13.7161,558.3,201.5,fixation
10:21:13.7166,558.3,200.6,fixation
10:21:13.7171,558.5,199.0,fixation
10:21:13.7176,558.6,197.9,fixation
10:21:13.7181,558.7,197.3,fixation
10:21:13.7186,559.2,197.6,fixation
10:21:13.7191,559.7,197.8,fixation
10:21:13.7196,560.2,198.0,fixation
10:21:13.7201,560.2,197.8,fixation
10:21:13.7206,560.3,197.8,fixation
10:21:13.7211,560.1,198.1,fixation
10:21:13.7216,559.9,199.6,fixation
10:21:13.7221,559.9,201.1,fixation
10:21:13.7226,560.2,200.4,fixation
10:21:13.7231,560.7,198.5,fixation
10:21:13.7236,560.6,196.4,fixation
10:21:13.7241,560.4,196.2,fixation
10:21:13.7246,560.2,196.6,fixation
10:21:13.7251,560.2,197.4,fixation
10:21:13.7256,560.2,198.4,fixation
10:21:13.7261,560.2,198.9,fixation
10:21:13.7266,560.2,199.2,fixation
10:21:13.7271,560.3,199.2,fixation
10:21:13.7276,560.3,199.5,fixation
10:21:13.7281,560.3,199.8,fixation
10:21:13.7286,560.4,200.1,fixation
10:21:13.7291,560.5,199.7,fixation
10:21:13.7296,561.1,199.4,fixation
10:21:13.7301,561.5,199.1,fixation
10:21:13.7306,561.4,197.2,fixation
10:21:13.7311,561.0,195.3,fixation
10:21:13.7316,560.2,196.9,fixation
10:21:13.7321,559.8,200.4,fixation
10:21:13.7326,559.4,202.4,fixation
10:21:13.7331,559.3,201.4,fixation
10:21:13.7336,559.7,200.5,fixation
10:21:13.7341,559.9,201.2,fixation
10:21:13.7346,560.1,201.9,fixation
10:21:13.7351,560.0,203.1,fixation
10:21:13.7356,560.1,205.1,fixation
10:21:13.7361,560.3,206.5,fixation
10:21:13.7366,560.6,205.1,fixation
10:21:13.7371,560.7,202.8,fixation
10:21:13.7376,560.7,200.5,fixation
10:21:13.7381,560.3,200.6,fixation
10:21:13.7386,560.1,200.5,fixation
10:21:13.7391,560.0,200.3,fixation
10:21:13.7396,560.3,200.2,fixation
10:21:13.7401,560.8,200.1,fixation
10:21:13.7406,561.7,200.1,fixation
10:21:13.7411,562.2,201.1,fixation
10:21:13.7416,561.9,202.1,fixation
10:21:13.7421,561.0,203.3,fixation
10:21:13.7426,560.7,203.8,fixation
10:21:13.7431,561.8,204.6,fixation
10:21:13.7436,563.0,204.3,fixation
10:21:13.7441,563.7,203.5,fixation
10:21:13.7446,563.5,203.3,fixation
10:21:13.7451,562.8,203.8,fixation
10:21:13.7456,562.3,203.6,fixation
10:21:13.7461,561.8,202.9,fixation
10:21:13.7466,562.0,201.1,fixation
10:21:13.7471,562.0,200.7,fixation
10:21:13.7476,562.0,202.1,saccade
10:21:13.7481,562.1,202.5,saccade
10:21:13.7486,562.5,202.3,saccade
10:21:13.7491,563.0,202.2,saccade
10:21:13.7496,563.5,202.5,saccade
10:21:13.7501,563.2,202.6,saccade
10:21:13.7506,562.8,204.9,saccade
10:21:13.7511,562.5,207.3,saccade
10:21:13.7516,562.3,209.4,saccade
10:21:13.7521,561.6,208.8,saccade
10:21:13.7526,561.0,207.3,saccade
10:21:13.7531,559.6,205.8,saccade
10:21:13.7536,557.8,204.6,saccade
10:21:13.7541,555.0,203.6,saccade
10:21:13.7546,552.3,202.7,saccade
10:21:13.7551,550.1,203.3,saccade
10:21:13.7556,548.7,204.8,saccade
10:21:13.7561,547.1,206.3,saccade
10:21:13.7566,545.3,205.9,saccade
10:21:13.7571,543.1,203.9,saccade
10:21:13.7576,541.6,202.1,saccade
10:21:13.7581,539.8,200.7,saccade
10:21:13.7586,538.1,199.8,saccade
10:21:13.7591,535.4,198.8,saccade
10:21:13.7596,533.6,198.0,saccade
10:21:13.7601,532.4,196.0,saccade
10:21:13.7606,532.1,194.1,saccade
10:21:13.7611,531.8,192.1,saccade
10:21:13.7616,531.0,190.0,saccade
10:21:13.7621,529.8,187.8,saccade
10:21:13.7626,528.6,186.1,saccade
10:21:13.7631,527.0,186.8,saccade
10:21:13.7636,526.0,187.7,saccade
10:21:13.7641,525.2,188.2,saccade
10:21:13.7646,525.8,188.8,saccade
10:21:13.7651,527.0,189.2,saccade
10:21:13.7656,527.9,189.3,saccade
10:21:13.7661,527.7,189.0,saccade
10:21:13.7666,526.8,190.1,saccade
10:21:13.7671,528.1,193.1,fixation
10:21:13.7676,530.2,193.2,fixation
10:21:13.7681,531.2,193.2,fixation
10:21:13.7686,532.3,193.3,fixation
10:21:13.7691,532.3,193.4,fixation
10:21:13.7696,532.3,193.6,fixation
10:21:13.7701,533.0,193.7,fixation
10:21:13.7706,533.9,193.3,fixation
10:21:13.7711,535.0,192.9,fixation
10:21:13.7716,536.1,193.0,fixation
10:21:13.7721,537.0,193.5,fixation
10:21:13.7726,537.2,193.9,fixation
10:21:13.7731,536.7,194.1,fixation
10:21:13.7736,537.0,196.0,fixation
10:21:13.7741,537.7,198.2,fixation
10:21:13.7746,538.5,200.4,fixation
10:21:13.7751,538.7,200.7,fixation
10:21:13.7756,538.9,200.8,fixation
10:21:13.7761,538.9,200.7,fixation
10:21:13.7766,538.5,200.5,fixation
10:21:13.7771,537.9,200.8,fixation
10:21:13.7776,537.6,201.1,fixation
10:21:13.7781,537.7,201.8,fixation
10:21:13.7786,537.9,202.0,fixation
10:21:13.7791,538.1,202.2,fixation
10:21:13.7796,537.8,203.0,fixation
10:21:13.7801,537.5,204.7,fixation
10:21:13.7806,537.2,206.5,fixation
10:21:13.7811,537.3,205.2,fixation
10:21:13.7816,538.3,203.5,fixation
10:21:13.7821,539.3,202.0,fixation
10:21:13.7826,540.0,202.9,fixation
10:21:13.7831,539.8,203.7,fixation
10:21:13.7836,539.5,204.7,fixation
10:21:13.7841,539.2,205.4,fixation
10:21:13.7846,539.2,204.1,fixation
10:21:13.7851,539.2,202.3,fixation
10:21:13.7856,539.2,201.2,fixation
10:21:13.7861,538.8,201.7,fixation
10:21:13.7866,538.3,202.3,fixation
10:21:13.7871,538.1,202.0,fixation
10:21:13.7876,538.3,201.7,fixation
10:21:13.7881,538.6,201.0,fixation
10:21:13.7886,538.5,200.6,fixation
10:21:13.7891,538.3,200.0,fixation
10:21:13.7896,538.1,199.7,fixation
10:21:13.7901,538.1,199.8,fixation
10:21:13.7906,538.3,200.3,fixation
10:21:13.7911,537.9,200.8,fixation
10:21:13.7916,537.4,200.9,fixation
10:21:13.7921,537.0,200.7,fixation
10:21:13.7926,537.0,200.5,fixation
10:21:13.7931,537.1,200.1,fixation
10:21:13.7936,537.4,199.7,fixation
10:21:13.7941,537.6,199.5,fixation
10:21:13.7946,537.7,199.5,fixation
10:21:13.7951,536.8,199.4,fixation
10:21:13.7956,536.0,199.4,fixation
10:21:13.7961,535.3,199.2,fixation
10:21:13.7966,535.5,198.7,fixation
10:21:13.7971,535.5,198.9,fixation
10:21:13.7976,535.5,199.3,fixation
10:21:13.7981,535.4,200.0,fixation
10:21:13.7986,535.5,199.4,fixation
10:21:13.7991,535.7,197.8,fixation
10:21:13.7996,536.6,196.2,fixation
10:21:13.8001,537.5,195.2,fixation
10:21:13.8006,538.2,195.7,fixation
10:21:13.8011,538.4,196.2,fixation
10:21:13.8016,538.6,196.8,fixation
10:21:13.8021,538.4,197.2,fixation
10:21:13.8026,537.9,197.5,fixation
10:21:13.8031,537.5,197.6,fixation
10:21:13.8036,537.5,197.4,fixation
10:21:13.8041,537.6,197.2,fixation
10:21:13.8046,537.7,197.1,fixation
10:21:13.8051,536.9,195.1,fixation
10:21:13.8056,536.0,193.2,fixation
10:21:13.8061,535.3,192.1,fixation
10:21:13.8066,535.4,193.6,fixation
10:21:13.8071,535.5,196.2,fixation
10:21:13.8076,535.5,198.7,fixation
10:21:13.8081,535.0,200.4,fixation
10:21:13.8086,534.6,200.5,fixation
10:21:13.8091,534.5,198.1,fixation
10:21:13.8096,534.8,195.8,fixation
10:21:13.8101,535.2,193.1,fixation
10:21:13.8106,535.4,192.2,fixation
10:21:13.8111,535.6,193.4,fixation
10:21:13.8116,536.0,195.4,fixation
10:21:13.8121,536.3,197.2,fixation
10:21:13.8126,536.4,196.4,fixation
10:21:13.8131,536.2,195.5,fixation
10:21:13.8136,535.8,194.9,fixation
10:21:13.8141,535.4,195.2,fixation
10:21:13.8146,535.1,196.2,fixation
10:21:13.8151,534.9,196.9,fixation
10:21:13.8156,534.8,197.2,fixation
10:21:13.8161,534.7,198.0,fixation
10:21:13.8166,534.6,199.3,fixation
10:21:13.8171,534.0,201.9,fixation
10:21:13.8176,533.4,203.4,fixation
10:21:13.8181,533.1,202.8,fixation
10:21:13.8186,533.3,201.0,fixation
10:21:13.8191,534.2,199.3,fixation
10:21:13.8196,534.9,199.8,fixation
10:21:13.8201,535.2,200.1,fixation
10:21:13.8206,534.6,200.3,fixation
10:21:13.8211,533.7,200.2,fixation
10:21:13.8216,533.2,200.2,fixation
10:21:13.8221,533.0,201.0,fixation
10:21:13.8226,533.1,201.9,fixation
10:21:13.8231,532.4,203.0,fixation
10:21:13.8236,531.7,203.2,fixation
10:21:13.8241,532.0,203.4,fixation
10:21:13.8246,533.0,203.0,fixation
10:21:13.8251,534.0,202.7,fixation
10:21:13.8256,533.3,202.3,fixation
10:21:13.8261,532.7,201.3,fixation
10:21:13.8266,532.1,200.4,fixation
10:21:13.8271,532.6,199.7,fixation
10:21:13.8276,532.9,200.9,fixation
10:21:13.8281,533.3,201.7,fixation
10:21:13.8286,533.4,202.3,fixation
10:21:13.8291,533.7,201.0,fixation
10:21:13.8296,533.7,200.4,fixation
10:21:13.8301,533.6,200.0,fixation
10:21:13.8306,533.4,201.1,fixation
10:21:13.8311,533.1,202.6,fixation
10:21:13.8316,532.8,203.9,fixation
10:21:13.8321,532.1,204.6,fixation
10:21:13.8326,531.5,204.3,fixation
10:21:13.8331,532.1,204.0,fixation
10:21:13.8336,533.0,203.8,fixation
10:21:13.8341,533.9,204.8,fixation
10:21:13.8346,533.9,205.7,fixation
10:21:13.8351,533.8,206.4,fixation
10:21:13.8356,534.2,207.1,fixation
10:21:13.8361,534.6,207.7,fixation
10:21:13.8366,534.9,208.7,fixation
10:21:13.8371,534.5,208.8,fixation
10:21:13.8376,534.0,208.7,fixation
10:21:13.8381,533.5,208.4,fixation
10:21:13.8386,533.5,208.2,fixation
10:21:13.8391,533.7,207.2,fixation
10:21:13.8396,534.4,205.9,fixation
10:21:13.8401,535.0,204.5,fixation
10:21:13.8406,535.9,204.1,fixation
10:21:13.8411,536.0,207.2,fixation
10:21:13.8416,536.2,210.5,fixation
10:21:13.8421,536.2,212.3,fixation
10:21:13.8426,536.3,210.4,fixation
10:21:13.8431,536.3,208.1,fixation
10:21:13.8436,536.3,205.8,fixation
10:21:13.8441,536.5,203.8,fixation
10:21:13.8446,537.1,202.2,fixation
10:21:13.8451,537.6,201.9,fixation
10:21:13.8456,537.3,201.4,fixation
10:21:13.8461,536.6,201.5,fixation
10:21:13.8466,536.5,202.1,fixation
10:21:13.8471,537.1,203.0,fixation
10:21:13.8476,537.7,203.2,fixation
10:21:13.8481,537.8,202.8,fixation
10:21:13.8486,537.9,202.3,fixation
10:21:13.8491,537.9,203.4,fixation
10:21:13.8496,537.8,204.8,fixation
10:21:13.8501,537.6,205.6,fixation
10:21:13.8506,537.6,205.0,fixation
10:21:13.8511,537.2,206.9,fixation
10:21:13.8516,536.7,209.3,fixation
10:21:13.8521,536.8,210.1,fixation
10:21:13.8526,537.6,208.6,fixation
10:21:13.8531,538.5,207.2,fixation
10:21:13.8536,538.9,207.5,fixation
10:21:13.8541,539.2,205.7,fixation
10:21:13.8546,539.3,204.0,fixation
10:21:13.8551,539.2,202.4,fixation
10:21:13.8556,538.8,202.7,fixation
10:21:13.8561,538.7,202.0,fixation
10:21:13.8566,538.6,201.4,fixation
10:21:13.8571,538.4,202.3,fixation
10:21:13.8576,538.6,204.0,fixation
10:21:13.8581,539.0,204.9,fixation
10:21:13.8586,539.4,204.2,fixation
10:21:13.8591,539.3,203.4,fixation
10:21:13.8596,539.1,203.4,fixation
10:21:13.8601,538.9,203.5,fixation
10:21:13.8606,538.7,204.2,fixation
10:21:13.8611,538.6,205.1,fixation
10:21:13.8616,538.5,206.0,fixation
10:21:13.8621,538.7,205.8,fixation
10:21:13.8626,538.9,205.2,fixation
10:21:13.8631,539.1,204.6,fixation
10:21:13.8636,538.7,204.2,fixation
10:21:13.8641,538.3,203.5,fixation
10:21:13.8646,537.9,202.4,fixation
10:21:13.8651,537.9,201.7,fixation
10:21:13.8656,537.3,201.2,fixation
10:21:13.8661,536.7,201.1,fixation
10:21:13.8666,536.4,201.1,fixation
10:21:13.8671,536.7,201.0,fixation
10:21:13.8676,536.2,200.7,fixation
10:21:13.8681,535.4,200.5,fixation
10:21:13.8686,534.7,201.2,fixation
10:21:13.8691,535.1,201.7,fixation
10:21:13.8696,535.6,202.0,fixation
10:21:13.8701,535.2,201.6,fixation
10:21:13.8706,534.5,201.5,fixation
10:21:13.8711,533.7,201.8,fixation
10:21:13.8716,533.6,202.0,fixation
10:21:13.8721,533.6,201.6,fixation
10:21:13.8726,532.9,200.7,fixation
10:21:13.8731,532.3,199.8,fixation
10:21:13.8736,531.6,200.4,fixation
10:21:13.8741,531.4,201.0,fixation
10:21:13.8746,531.2,201.6,fixation
10:21:13.8751,530.9,201.4,fixation
10:21:13.8756,530.6,201.4,fixation
10:21:13.8761,531.1,201.4,fixation
10:21:13.8766,531.8,200.8,fixation
10:21:13.8771,531.8,200.2,fixation
10:21:13.8776,530.9,200.0,fixation
10:21:13.8781,530.5,200.4,fixation
10:21:13.8786,530.9,200.7,fixation
10:21:13.8791,531.7,200.6,fixation
10:21:13.8796,532.4,200.6,fixation
10:21:13.8801,533.0,201.1,fixation
10:21:13.8806,532.8,201.5,fixation
10:21:13.8811,532.3,202.0,fixation
10:21:13.8816,531.8,202.0,fixation
10:21:13.8821,531.7,202.0,fixation
10:21:13.8826,531.9,201.9,fixation
10:21:13.8831,532.2,201.8,fixation
10:21:13.8836,532.9,201.8,fixation
10:21:13.8841,533.5,201.3,fixation
10:21:13.8846,534.6,200.9,fixation
10:21:13.8851,535.3,200.2,fixation
10:21:13.8856,536.0,200.1,fixation
10:21:13.8861,536.1,200.1,fixation
10:21:13.8866,536.1,200.5,fixation
10:21:13.8871,535.9,201.7,fixation
10:21:13.8876,536.3,202.7,fixation
10:21:13.8881,536.9,203.4,fixation
10:21:13.8886,537.7,203.5,fixation
10:21:13.8891,537.8,203.3,fixation
10:21:13.8896,538.0,202.8,fixation
10:21:13.8901,538.1,202.0,fixation
10:21:13.8906,538.1,202.0,fixation
10:21:13.8911,538.4,203.1,fixation
10:21:13.8916,538.8,204.6,fixation
10:21:13.8921,539.2,205.2,fixation
10:21:13.8926,539.0,205.1,fixation
10:21:13.8931,539.0,205.1,fixation
10:21:13.8936,539.1,205.3,fixation
10:21:13.8941,538.2,204.7,fixation
10:21:13.8946,537.0,203.9,fixation
10:21:13.8951,535.6,202.6,fixation
10:21:13.8956,535.2,201.8,fixation
10:21:13.8961,535.3,201.1,fixation
10:21:13.8966,535.6,200.5,fixation
10:21:13.8971,535.6,200.1,fixation
10:21:13.8976,534.6,201.1,fixation
10:21:13.8981,533.7,202.4,fixation
10:21:13.8986,533.2,202.7,fixation
10:21:13.8991,533.1,201.6,fixation
10:21:13.8996,532.9,200.6,fixation
10:21:13.9001,532.7,200.6,fixation
10:21:13.9006,532.7,200.5,fixation
10:21:13.9011,532.7,200.7,fixation
10:21:13.9016,532.2,201.5,fixation
10:21:13.9021,531.5,202.4,fixation
10:21:13.9026,531.0,202.4,fixation
10:21:13.9031,530.9,202.0,fixation
10:21:13.9036,531.1,201.8,fixation
10:21:13.9041,531.1,202.0,fixation
10:21:13.9046,530.8,202.1,fixation
10:21:13.9051,530.5,202.2,fixation
10:21:13.9056,530.7,202.5,fixation
10:21:13.9061,530.8,204.5,fixation
10:21:13.9066,531.0,206.3,fixation
10:21:13.9071,530.7,208.0,fixation
10:21:13.9076,530.8,208.5,fixation
10:21:13.9081,531.9,209.2,fixation
10:21:13.9086,533.1,208.9,fixation
10:21:13.9091,534.2,208.3,fixation
10:21:13.9096,534.2,206.7,fixation
10:21:13.9101,534.2,206.3,fixation
10:21:13.9106,534.2,206.1,fixation
10:21:13.9111,534.1,207.1,fixation
10:21:13.9116,534.2,208.7,fixation
10:21:13.9121,534.3,210.1,fixation
10:21:13.9126,534.7,209.9,fixation
10:21:13.9131,535.0,208.6,fixation
10:21:13.9136,535.3,207.2,fixation
10:21:13.9141,535.5,206.7,fixation
10:21:13.9146,535.6,206.5,fixation
10:21:13.9151,535.7,206.6,fixation
10:21:13.9156,534.5,206.6,fixation
10:21:13.9161,533.3,206.7,fixation
10:21:13.9166,531.9,208.5,fixation
10:21:13.9171,531.7,210.4,fixation
10:21:13.9176,531.4,210.3,fixation
10:21:13.9181,531.2,208.2,fixation
10:21:13.9186,530.9,206.5,fixation
10:21:13.9191,530.9,207.0,fixation
10:21:13.9196,531.2,207.6,fixation
10:21:13.9201,530.9,206.6,fixation
10:21:13.9206,530.2,205.5,fixation
10:21:13.9211,529.7,204.0,fixation
10:21:13.9216,529.5,203.6,fixation
10:21:13.9221,529.0,205.6,fixation
10:21:13.9226,528.5,208.0,fixation
10:21:13.9231,528.3,210.4,fixation
10:21:13.9236,528.5,211.1,fixation
10:21:13.9241,528.6,211.8,fixation
10:21:13.9246,529.0,212.5,fixation
10:21:13.9251,529.5,212.0,fixation
10:21:13.9256,531.2,211.6,fixation
10:21:13.9261,532.3,211.3,fixation
10:21:13.9266,533.3,211.8,fixation
10:21:13.9271,533.0,212.1,fixation
10:21:13.9276,533.1,212.4,fixation
10:21:13.9281,533.4,212.5,fixation
10:21:13.9286,533.8,212.4,fixation
10:21:13.9291,534.2,212.0,fixation
10:21:13.9296,534.5,211.7,fixation
10:21:13.9301,534.7,211.2,fixation
10:21:13.9306,535.0,210.6,fixation
10:21:13.9311,535.1,210.3,fixation
10:21:13.9316,535.1,210.4,fixation
10:21:13.9321,535.3,208.8,fixation
10:21:13.9326,535.1,206.8,fixation
10:21:13.9331,534.9,204.9,fixation
10:21:13.9336,534.6,205.1,fixation
10:21:13.9341,534.6,205.7,fixation
10:21:13.9346,534.5,206.4,fixation
10:21:13.9351,533.3,206.9,fixation
10:21:13.9356,532.0,207.1,fixation
10:21:13.9361,530.6,208.7,fixation
10:21:13.9366,530.4,211.0,fixation
10:21:13.9371,530.0,213.2,fixation
10:21:13.9376,529.9,212.6,fixation
10:21:13.9381,529.7,211.4,fixation
10:21:13.9386,529.6,210.2,fixation
10:21:13.9391,529.4,210.2,fixation
10:21:13.9396,529.1,209.9,fixation
10:21:13.9401,528.7,209.6,fixation
10:21:13.9406,528.4,209.2,fixation
10:21:13.9411,528.5,209.1,fixation
10:21:13.9416,529.5,209.4,fixation
10:21:13.9421,530.3,210.6,fixation
10:21:13.9426,532.3,211.9,fixation
10:21:13.9431,533.5,211.8,fixation
10:21:13.9436,534.7,210.4,fixation
10:21:13.9441,534.7,209.1,fixation
10:21:13.9446,534.5,208.9,fixation
10:21:13.9451,534.8,206.6,fixation
10:21:13.9456,535.0,203.9,fixation
10:21:13.9461,535.0,202.6,fixation
10:21:13.9466,534.7,204.0,fixation
10:21:13.9471,534.3,205.6,fixation
10:21:13.9476,534.1,206.0,fixation
10:21:13.9481,533.9,206.1,fixation
10:21:13.9486,533.8,206.1,fixation
10:21:13.9491,533.1,205.7,fixation
10:21:13.9496,531.9,206.5,fixation
10:21:13.9501,530.7,207.1,fixation
10:21:13.9506,530.0,207.5,fixation
10:21:13.9511,529.8,206.5,fixation
10:21:13.9516,529.3,205.7,fixation
10:21:13.9521,528.9,205.2,fixation
10:21:13.9526,528.5,205.3,fixation
10:21:13.9531,528.4,205.0,fixation
10:21:13.9536,528.6,204.6,fixation
10:21:13.9541,529.1,203.4,fixation
10:21:13.9546,529.5,202.7,fixation
10:21:13.9551,530.8,202.7,fixation
10:21:13.9556,532.0,203.4,fixation
10:21:13.9561,533.2,204.5,fixation
10:21:13.9566,533.3,205.3,fixation
10:21:13.9571,533.4,206.4,fixation
10:21:13.9576,533.6,207.8,fixation
10:21:13.9581,533.6,209.0,fixation
10:21:13.9586,533.5,210.0,fixation
10:21:13.9591,533.6,208.5,fixation
10:21:13.9596,533.8,206.0,fixation
10:21:13.9601,534.0,203.4,fixation
10:21:13.9606,534.3,204.4,fixation
10:21:13.9611,534.5,206.2,fixation
10:21:13.9616,534.6,208.1,fixation
10:21:13.9621,534.1,208.2,fixation
10:21:13.9626,533.6,208.3,fixation
10:21:13.9631,533.1,208.4,fixation
10:21:13.9636,532.9,206.9,fixation
10:21:13.9641,532.6,205.3,fixation
10:21:13.9646,532.2,204.4,fixation
10:21:13.9651,531.0,205.0,fixation
10:21:13.9656,529.9,204.6,fixation
10:21:13.9661,528.9,203.6,fixation
10:21:13.9666,528.9,203.4,fixation
10:21:13.9671,529.1,204.4,fixation
10:21:13.9676,529.2,205.5,fixation
10:21:13.9681,529.4,206.3,fixation
10:21:13.9686,530.1,206.9,fixation
10:21:13.9691,531.0,207.2,fixation
10:21:13.9696,532.2,207.5,fixation
10:21:13.9701,532.8,208.1,fixation
10:21:13.9706,533.5,208.8,fixation
10:21:13.9711,534.7,209.3,fixation
10:21:13.9716,535.8,209.7,fixation
10:21:13.9721,536.6,210.3,fixation
10:21:13.9726,536.7,210.9,fixation
10:21:13.9731,536.0,211.1,fixation
10:21:13.9736,535.3,211.1,fixation
10:21:13.9741,534.6,211.0,fixation
10:21:13.9746,535.0,211.1,fixation
10:21:13.9751,535.4,211.5,fixation
10:21:13.9756,535.0,211.8,fixation
10:21:13.9761,534.1,212.7,fixation
10:21:13.9766,533.6,213.4,fixation
10:21:13.9771,533.8,214.0,fixation
10:21:13.9776,533.2,213.6,fixation
10:21:13.9781,532.4,212.6,fixation
10:21:13.9786,530.6,212.0,fixation
10:21:13.9791,529.6,212.2,fixation
10:21:13.9796,528.6,213.1,fixation
10:21:13.9801,529.0,213.7,fixation
10:21:13.9806,529.5,213.8,fixation
10:21:13.9811,529.9,213.8,fixation
10:21:13.9816,530.2,213.8,fixation
10:21:13.9821,531.4,213.9,fixation
10:21:13.9826,532.6,214.1,fixation
10:21:13.9831,533.7,214.1,fixation
10:21:13.9836,534.0,213.9,fixation
10:21:13.9841,534.5,213.7,fixation
10:21:13.9846,535.2,213.7,fixation
10:21:13.9851,535.8,213.8,fixation
10:21:13.9856,536.3,216.1,fixation
10:21:13.9861,536.3,218.4,fixation
10:21:13.9866,536.5,219.2,fixation
10:21:13.9871,536.7,217.8,fixation
10:21:13.9876,537.0,215.6,fixation
10:21:13.9881,536.7,214.8,fixation
10:21:13.9886,535.6,214.2,fixation
10:21:13.9891,533.5,214.1,fixation
10:21:13.9896,531.9,214.2,fixation
10:21:13.9901,531.0,214.1,fixation
10:21:13.9906,530.3,212.8,fixation
10:21:13.9911,529.3,211.4,fixation
10:21:13.9916,528.2,210.0,fixation
10:21:13.9921,527.9,209.9,fixation
10:21:13.9926,527.9,209.5,fixation
10:21:13.9931,528.7,209.5,fixation
10:21:13.9936,529.5,211.1,fixation
10:21:13.9941,530.2,213.0,fixation
10:21:13.9946,531.2,215.0,fixation
10:21:13.9951,533.0,215.4,fixation
10:21:13.9956,534.7,216.0,fixation
10:21:13.9961,535.4,216.3,fixation
10:21:13.9966,535.8,216.6,fixation
10:21:13.9971,536.2,216.6,fixation
10:21:13.9976,536.5,216.8,fixation
10:21:13.9981,536.4,216.9,fixation
10:21:13.9986,536.9,216.7,fixation
10:21:13.9991,537.5,216.0,fixation
10:21:13.9996,537.4,214.7,fixation
10:21:14.0001,535.7,213.5,fixation
10:21:14.0006,533.4,212.5,fixation
10:21:14.0011,531.8,212.0,fixation
10:21:14.0016,530.8,211.9,fixation
10:21:14.0021,530.4,212.0,fixation
10:21:14.0026,529.8,212.0,fixation
10:21:14.0031,529.5,212.0,fixation
10:21:14.0036,529.3,213.3,fixation
10:21:14.0041,529.4,214.6,fixation
10:21:14.0046,530.8,215.3,fixation
10:21:14.0051,532.4,213.9,fixation
10:21:14.0056,533.8,212.4,fixation
10:21:14.0061,534.2,211.5,fixation
10:21:14.0066,534.5,211.5,fixation
10:21:14.0071,535.1,211.5,fixation
10:21:14.0076,535.5,211.5,fixation
10:21:14.0081,535.7,211.5,fixation
10:21:14.0086,535.6,211.6,fixation
10:21:14.0091,535.6,211.8,fixation
10:21:14.0096,535.6,210.7,fixation
10:21:14.0101,534.6,209.4,fixation
10:21:14.0106,533.4,208.2,fixation
10:21:14.0111,530.7,208.1,fixation
10:21:14.0116,529.1,208.1,fixation
10:21:14.0121,527.3,209.8,fixation
10:21:14.0126,526.9,211.6,fixation
10:21:14.0131,527.3,212.5,fixation
10:21:14.0136,528.3,211.7,fixation
10:21:14.0141,530.0,211.0,fixation
10:21:14.0146,530.9,211.8,fixation
10:21:14.0151,531.8,212.8,fixation
10:21:14.0156,532.1,213.6,fixation
10:21:14.0161,533.0,212.9,fixation
10:21:14.0166,533.4,210.2,fixation
10:21:14.0171,533.6,207.5,fixation
10:21:14.0176,533.1,208.0,fixation
10:21:14.0181,532.6,210.0,fixation
10:21:14.0186,532.2,212.0,fixation
10:21:14.0191,531.5,212.9,fixation
10:21:14.0196,530.9,213.7,fixation
10:21:14.0201,529.6,214.3,fixation
10:21:14.0206,528.8,213.9,fixation
10:21:14.0211,528.2,212.2,fixation
10:21:14.0216,528.2,211.2,fixation
10:21:14.0221,529.2,210.3,fixation
10:21:14.0226,530.2,210.3,fixation
10:21:14.0231,531.6,210.3,fixation
10:21:14.0236,532.1,210.6,fixation
10:21:14.0241,532.6,211.7,fixation
10:21:14.0246,533.5,211.2,fixation
10:21:14.0251,534.4,208.9,fixation
10:21:14.0256,535.1,206.5,fixation
10:21:14.0261,534.9,207.2,fixation
10:21:14.0266,534.7,209.2,fixation
10:21:14.0271,534.4,212.2,fixation
10:21:14.0276,533.7,213.1,fixation
10:21:14.0281,532.3,214.0,fixation
10:21:14.0286,531.0,213.9,fixation
10:21:14.0291,530.0,213.8,fixation
10:21:14.0296,529.3,213.7,fixation
10:21:14.0301,528.4,213.8,fixation
10:21:14.0306,527.8,213.8,fixation
10:21:14.0311,528.4,214.1,fixation
10:21:14.0316,529.1,214.3,fixation
10:21:14.0321,529.8,214.5,fixation
10:21:14.0326,530.5,214.6,fixation
10:21:14.0331,531.2,214.3,fixation
10:21:14.0336,532.0,213.9,fixation
10:21:14.0341,532.2,213.4,fixation
10:21:14.0346,532.2,213.3,fixation
10:21:14.0351,532.1,213.3,fixation
10:21:14.0356,531.8,213.2,fixation
10:21:14.0361,531.5,213.5,fixation
10:21:14.0366,530.8,214.0,fixation
10:21:14.0371,530.0,214.5,fixation
10:21:14.0376,529.2,214.6,fixation
10:21:14.0381,528.0,214.4,fixation
10:21:14.0386,527.0,214.2,fixation
10:21:14.0391,526.2,214.0,fixation
10:21:14.0396,527.0,213.9,fixation
10:21:14.0401,528.2,213.6,fixation
10:21:14.0406,529.4,213.4,fixation
10:21:14.0411,530.7,213.4,fixation
10:21:14.0416,531.7,212.0,fixation
10:21:14.0421,532.2,210.4,fixation
10:21:14.0426,532.0,209.5,fixation
10:21:14.0431,531.6,210.7,fixation
10:21:14.0436,531.5,212.8,fixation
10:21:14.0441,530.5,214.1,fixation
10:21:14.0446,529.6,215.2,fixation
10:21:14.0451,528.6,214.8,fixation
10:21:14.0456,528.2,214.5,fixation
10:21:14.0461,527.9,214.0,fixation
10:21:14.0466,528.3,214.3,fixation
10:21:14.0471,529.3,214.9,fixation
10:21:14.0476,530.3,215.3,fixation
10:21:14.0481,531.0,214.7,fixation
10:21:14.0486,531.3,213.8,fixation
10:21:14.0491,532.4,212.9,fixation
10:21:14.0496,533.1,213.0,fixation
10:21:14.0501,533.8,214.3,fixation
10:21:14.0506,533.7,215.5,fixation
10:21:14.0511,533.7,216.4,fixation
10:21:14.0516,533.2,215.8,fixation
10:21:14.0521,531.7,215.0,fixation
10:21:14.0526,530.2,215.1,fixation
10:21:14.0531,529.1,215.5,fixation
10:21:14.0536,528.9,216.2,fixation
10:21:14.0541,528.8,216.2,fixation
10:21:14.0546,528.8,215.8,fixation
10:21:14.0551,528.9,215.5,fixation
10:21:14.0556,529.6,215.4,fixation
10:21:14.0561,530.4,216.0,fixation
10:21:14.0566,531.8,216.7,fixation
10:21:14.0571,532.5,217.0,fixation
10:21:14.0576,533.1,217.0,fixation
10:21:14.0581,533.0,216.8,fixation
10:21:14.0586,533.1,214.2,fixation
10:21:14.0591,533.2,211.6,fixation
10:21:14.0596,532.5,210.4,fixation
10:21:14.0601,531.6,211.6,fixation
10:21:14.0606,530.4,213.7,fixation
10:21:14.0611,529.8,215.5,fixation
10:21:14.0616,528.9,217.3,fixation
10:21:14.0621,528.3,218.3,fixation
10:21:14.0626,528.2,216.8,fixation
10:21:14.0631,528.4,215.4,fixation
10:21:14.0636,530.1,214.0,fixation
10:21:14.0641,531.6,214.1,fixation
10:21:14.0646,532.6,214.0,fixation
10:21:14.0651,532.0,213.8,fixation
10:21:14.0656,531.2,213.5,fixation
10:21:14.0661,531.1,212.2,fixation
10:21:14.0666,530.6,210.9,fixation
10:21:14.0671,530.3,211.7,fixation
10:21:14.0676,529.9,213.9,fixation
10:21:14.0681,529.2,216.1,fixation
10:21:14.0686,527.4,215.9,fixation
10:21:14.0691,525.7,215.5,fixation
10:21:14.0696,524.6,215.3,fixation
10:21:14.0701,524.6,215.3,fixation
10:21:14.0706,524.9,214.4,fixation
10:21:14.0711,525.3,213.5,fixation
10:21:14.0716,526.8,212.5,fixation
10:21:14.0721,528.1,212.4,fixation
10:21:14.0726,529.3,212.3,fixation
10:21:14.0731,529.3,212.1,fixation
10:21:14.0736,529.5,211.3,fixation
10:21:14.0741,529.7,211.6,fixation
10:21:14.0746,529.8,212.9,fixation
10:21:14.0751,528.9,214.7,fixation
10:21:14.0756,527.9,215.5,fixation
10:21:14.0761,526.2,215.4,fixation
10:21:14.0766,525.2,215.5,fixation
10:21:14.0771,524.4,215.5,fixation
10:21:14.0776,524.4,215.5,fixation
10:21:14.0781,524.4,216.0,fixation
10:21:14.0786,525.5,216.5,fixation
10:21:14.0791,526.6,216.9,fixation
10:21:14.0796,527.6,216.6,fixation
10:21:14.0801,527.8,216.1,fixation
10:21:14.0806,528.0,216.4,fixation
10:21:14.0811,529.0,217.1,fixation
10:21:14.0816,529.8,217.7,fixation
10:21:14.0821,530.6,217.5,fixation
10:21:14.0826,530.6,215.7,fixation
10:21:14.0831,530.5,214.0,fixation
10:21:14.0836,529.0,212.4,fixation
10:21:14.0841,527.3,213.6,fixation
10:21:14.0846,525.5,215.2,fixation
10:21:14.0851,524.8,216.9,fixation
10:21:14.0856,524.4,217.1,fixation
10:21:14.0861,524.8,216.2,fixation
10:21:14.0866,526.4,215.2,fixation
10:21:14.0871,528.0,214.2,fixation
10:21:14.0876,529.0,214.3,fixation
10:21:14.0881,529.3,214.8,fixation
10:21:14.0886,529.5,215.9,fixation
10:21:14.0891,530.2,216.9,fixation
10:21:14.0896,530.7,217.7,fixation
10:21:14.0901,531.1,219.0,fixation
10:21:14.0906,531.0,220.3,fixation
10:21:14.0911,529.9,220.6,fixation
10:21:14.0916,528.2,219.8,fixation
10:21:14.0921,526.4,220.1,fixation
10:21:14.0926,525.6,221.1,fixation
10:21:14.0931,525.6,222.0,fixation
10:21:14.0936,525.9,220.0,fixation
10:21:14.0941,526.3,218.0,fixation
10:21:14.0946,526.9,216.0,fixation
10:21:14.0951,527.3,215.9,fixation
10:21:14.0956,527.9,216.7,fixation
10:21:14.0961,528.2,217.6,fixation
10:21:14.0966,528.4,219.0,fixation
10:21:14.0971,529.8,219.5,fixation
10:21:14.0976,531.3,219.9,fixation
10:21:14.0981,531.7,219.8,fixation
10:21:14.0986,530.7,219.6,fixation
10:21:14.0991,529.5,219.6,fixation
10:21:14.0996,529.5,218.6,fixation
10:21:14.1001,529.5,217.5,fixation
10:21:14.1006,528.6,216.2,fixation
10:21:14.1011,527.2,216.3,fixation
10:21:14.1016,525.3,216.6,saccade
10:21:14.1021,526.0,216.7,saccade
10:21:14.1026,526.7,215.6,saccade
10:21:14.1031,527.4,215.2,saccade
10:21:14.1036,528.0,214.8,saccade
10:21:14.1041,529.4,215.8,saccade
10:21:14.1046,530.9,215.2,saccade
10:21:14.1051,531.9,214.6,saccade
10:21:14.1056,532.3,214.0,saccade
10:21:14.1061,532.3,214.3,saccade
10:21:14.1066,531.7,215.7,saccade
10:21:14.1071,531.3,217.0,saccade
10:21:14.1076,531.0,220.1,saccade
10:21:14.1081,530.8,224.5,saccade
10:21:14.1086,532.0,229.1,saccade
10:21:14.1091,534.7,232.1,saccade
10:21:14.1096,539.3,233.4,saccade
10:21:14.1101,543.6,235.4,saccade
10:21:14.1106,546.5,239.1,saccade
10:21:14.1111,549.5,244.4,saccade
10:21:14.1116,551.5,251.3,saccade
10:21:14.1121,555.6,258.3,saccade
10:21:14.1126,560.0,264.2,saccade
10:21:14.1131,566.7,272.9,saccade
10:21:14.1136,573.5,280.8,saccade
10:21:14.1141,581.3,292.7,saccade
10:21:14.1146,587.6,300.7,saccade
10:21:14.1151,593.3,309.3,saccade
10:21:14.1156,597.9,316.8,saccade
10:21:14.1161,603.1,323.4,saccade
10:21:14.1166,608.2,333.7,saccade
10:21:14.1171,614.3,345.4,saccade
10:21:14.1176,621.4,358.8,saccade
10:21:14.1181,630.3,370.1,saccade
10:21:14.1186,638.5,381.6,saccade
10:21:14.1191,644.3,392.6,saccade
10:21:14.1196,648.6,406.6,saccade
10:21:14.1201,652.0,418.2,saccade
10:21:14.1206,658.2,432.8,saccade
10:21:14.1211,662.4,445.8,saccade
10:21:14.1216,665.5,460.5,saccade
10:21:14.1221,667.9,473.2,saccade
10:21:14.1226,672.2,485.6,saccade
10:21:14.1231,676.9,500.5,saccade
10:21:14.1236,680.4,517.3,saccade
10:21:14.1241,681.9,531.6,saccade
10:21:14.1246,683.0,540.4,saccade
10:21:14.1251,684.1,551.9,saccade
10:21:14.1256,685.3,561.7,saccade
10:21:14.1261,686.1,574.8,saccade
10:21:14.1266,686.3,584.1,saccade
10:21:14.1271,686.0,594.9,saccade
10:21:14.1276,685.7,604.7,saccade
10:21:14.1281,686.0,618.1,saccade
10:21:14.1286,687.2,633.1,saccade
10:21:14.1291,690.3,646.4,saccade
10:21:14.1296,694.8,653.8,saccade
10:21:14.1301,700.6,658.8,saccade
10:21:14.1306,706.4,668.1,saccade
10:21:14.1311,711.4,679.1,saccade
10:21:14.1316,714.7,694.1,saccade
10:21:14.1321,716.9,706.9,saccade
10:21:14.1326,717.9,716.7,saccade
10:21:14.1331,721.6,722.3,saccade
10:21:14.1336,725.4,726.5,saccade
10:21:14.1341,730.9,733.6,saccade
10:21:14.1346,734.5,745.4,saccade
10:21:14.1351,738.2,757.8,saccade
10:21:14.1356,740.9,769.5,saccade
10:21:14.1361,744.1,780.1,saccade
10:21:14.1366,747.9,790.1,saccade
10:21:14.1371,751.4,800.3,saccade
10:21:14.1376,755.5,808.0,saccade
10:21:14.1381,758.7,812.5,saccade
10:21:14.1386,761.5,817.2,saccade
10:21:14.1391,762.2,820.0,saccade
10:21:14.1396,762.0,823.5,saccade
10:21:14.1401,761.5,825.6,saccade
10:21:14.1406,761.0,829.7,saccade
10:21:14.1411,760.3,832.6,saccade
10:21:14.1416,759.6,833.6,saccade
10:21:14.1421,758.8,832.6,saccade
10:21:14.1426,758.4,832.4,saccade
10:21:14.1431,757.4,833.0,saccade
10:21:14.1436,756.3,833.6,saccade
10:21:14.1441,755.0,833.4,saccade
10:21:14.1446,754.4,833.1,saccade
10:21:14.1451,753.7,831.2,saccade
10:21:14.1456,751.9,825.8,saccade
10:21:14.1461,750.0,818.9,saccade
10:21:14.1466,746.6,813.2,saccade
10:21:14.1471,743.0,808.9,saccade
10:21:14.1476,739.4,802.7,saccade
10:21:14.1481,736.2,796.5,saccade
10:21:14.1486,733.2,788.5,saccade
10:21:14.1491,730.5,782.1,saccade
10:21:14.1496,729.5,776.1,saccade
10:21:14.1501,730.7,769.7,saccade
10:21:14.1506,731.9,765.0,saccade
10:21:14.1511,732.9,758.1,saccade
10:21:14.1516,733.2,755.2,saccade
10:21:14.1521,733.8,750.7,saccade
10:21:14.1526,734.4,748.3,saccade
10:21:14.1531,733.5,743.1,saccade
10:21:14.1536,732.2,739.7,saccade
10:21:14.1541,730.3,735.0,saccade
10:21:14.1546,729.6,733.3,saccade
10:21:14.1551,730.7,732.4,saccade
10:21:14.1556,733.0,733.5,saccade
10:21:14.1561,736.1,734.7,saccade
10:21:14.1566,738.3,735.1,saccade
10:21:14.1571,740.3,735.6,saccade
10:21:14.1576,742.3,739.1,saccade
10:21:14.1581,744.1,742.6,saccade
10:21:14.1586,746.1,746.1,saccade
10:21:14.1591,747.5,746.3,saccade
10:21:14.1596,747.1,746.6,saccade
10:21:14.1601,746.1,749.0,saccade
10:21:14.1606,745.2,753.1,saccade
10:21:14.1611,745.4,756.9,saccade
10:21:14.1616,745.5,759.6,saccade
10:21:14.1621,745.9,763.7,fixation
10:21:14.1626,746.2,767.6,fixation
10:21:14.1631,746.6,771.5,fixation
10:21:14.1636,746.9,773.0,fixation
10:21:14.1641,748.0,773.1,fixation
10:21:14.1646,748.8,773.4,fixation
10:21:14.1651,749.6,774.0,fixation
10:21:14.1656,750.2,776.8,fixation
10:21:14.1661,750.8,779.3,fixation
10:21:14.1666,751.2,781.5,fixation
10:21:14.1671,751.0,782.7,fixation
10:21:14.1676,750.8,783.9,fixation
10:21:14.1681,750.6,785.0,fixation
10:21:14.1686,750.2,786.4,fixation
10:21:14.1691,749.7,787.7,fixation
10:21:14.1696,749.2,789.1,fixation
10:21:14.1701,748.7,789.5,fixation
10:21:14.1706,747.7,789.8,fixation
10:21:14.1711,747.0,790.2,fixation
10:21:14.1716,746.4,790.2,fixation
10:21:14.1721,746.4,794.2,fixation
10:21:14.1726,747.1,798.4,fixation
10:21:14.1731,747.9,801.8,fixation
10:21:14.1736,748.8,800.7,fixation
10:21:14.1741,749.0,799.5,fixation
10:21:14.1746,749.2,798.8,fixation
10:21:14.1751,749.9,798.9,fixation
10:21:14.1756,750.7,799.7,fixation
10:21:14.1761,751.5,801.2,fixation
10:21:14.1766,751.5,802.5,fixation
10:21:14.1771,750.6,802.9,fixation
10:21:14.1776,749.6,802.6,fixation
10:21:14.1781,748.3,801.9,fixation
10:21:14.1786,747.6,801.4,fixation
10:21:14.1791,746.3,801.2,fixation
10:21:14.1796,745.1,801.3,fixation
10:21:14.1801,744.2,801.6,fixation
10:21:14.1806,743.7,801.6,fixation
10:21:14.1811,743.5,801.6,fixation
10:21:14.1816,743.3,801.6,fixation
10:21:14.1821,743.8,802.4,fixation
10:21:14.1826,744.5,803.7,fixation
10:21:14.1831,746.1,805.1,fixation
10:21:14.1836,747.3,804.3,fixation
10:21:14.1841,748.0,802.8,fixation
10:21:14.1846,747.7,801.2,fixation
10:21:14.1851,748.1,802.8,fixation
10:21:14.1856,749.0,804.6,fixation
10:21:14.1861,749.9,805.7,fixation
10:21:14.1866,748.9,804.4,fixation
10:21:14.1871,747.5,802.7,fixation
10:21:14.1876,745.6,801.0,fixation
10:21:14.1881,744.5,799.2,fixation
10:21:14.1886,743.8,797.7,fixation
10:21:14.1891,743.4,799.1,fixation
10:21:14.1896,743.1,801.7,fixation
10:21:14.1901,742.8,804.4,fixation
10:21:14.1906,742.6,805.1,fixation
10:21:14.1911,742.6,805.4,fixation
10:21:14.1916,742.5,804.8,fixation
10:21:14.1921,743.1,804.0,fixation
10:21:14.1926,743.7,803.2,fixation
10:21:14.1931,745.6,803.6,fixation
10:21:14.1936,746.9,803.6,fixation
10:21:14.1941,748.3,803.7,fixation
10:21:14.1946,748.5,804.0,fixation
10:21:14.1951,748.8,804.5,fixation
10:21:14.1956,748.4,803.9,fixation
10:21:14.1961,747.5,802.7,fixation
10:21:14.1966,746.6,801.5,fixation
10:21:14.1971,744.9,801.0,fixation
10:21:14.1976,743.7,802.3,fixation
10:21:14.1981,742.3,804.1,fixation
10:21:14.1986,742.2,806.8,fixation
10:21:14.1991,742.1,807.9,fixation
10:21:14.1996,741.9,807.3,fixation
10:21:14.2001,741.7,806.0,fixation
10:21:14.2006,741.4,804.7,fixation
10:21:14.2011,741.3,804.6,fixation
10:21:14.2016,741.2,803.7,fixation
10:21:14.2021,741.6,802.9,fixation
10:21:14.2026,742.2,802.1,fixation
10:21:14.2031,742.8,802.1,fixation
10:21:14.2036,743.6,802.2,fixation
10:21:14.2041,744.3,802.5,fixation
10:21:14.2046,745.1,802.9,fixation
10:21:14.2051,745.0,803.1,fixation
10:21:14.2056,745.0,803.5,fixation
10:21:14.2061,745.0,803.8,fixation
10:21:14.2066,744.5,804.0,fixation
10:21:14.2071,743.7,804.1,fixation
10:21:14.2076,742.8,804.4,fixation
10:21:14.2081,742.5,804.6,fixation
10:21:14.2086,742.1,804.5,fixation
10:21:14.2091,741.7,805.6,fixation
10:21:14.2096,742.2,807.0,fixation
10:21:14.2101,743.0,808.2,fixation
10:21:14.2106,743.8,807.6,fixation
10:21:14.2111,743.1,806.7,fixation
10:21:14.2116,742.4,805.6,fixation
10:21:14.2121,741.8,805.5,fixation
10:21:14.2126,742.5,805.6,fixation
10:21:14.2131,743.3,806.0,fixation
10:21:14.2136,743.8,805.9,fixation
10:21:14.2141,743.6,805.5,fixation
10:21:14.2146,744.2,805.4,fixation
10:21:14.2151,745.0,804.5,fixation
10:21:14.2156,745.2,803.6,fixation
10:21:14.2161,744.6,802.8,fixation
10:21:14.2166,743.7,802.5,fixation
10:21:14.2171,742.8,802.1,fixation
10:21:14.2176,741.9,801.8,fixation
10:21:14.2181,741.3,801.9,fixation
10:21:14.2186,741.4,802.3,fixation
10:21:14.2191,741.6,802.7,fixation
10:21:14.2196,741.9,803.4,fixation
10:21:14.2201,742.6,804.0,fixation
10:21:14.2206,743.0,803.7,fixation
10:21:14.2211,743.3,803.2,fixation
10:21:14.2216,743.1,802.2,fixation
10:21:14.2221,742.8,801.9,fixation
10:21:14.2226,742.6,802.1,fixation
10:21:14.2231,742.7,802.7,fixation
10:21:14.2236,743.1,803.4,fixation
10:21:14.2241,743.9,804.0,fixation
10:21:14.2246,744.6,804.8,fixation
10:21:14.2251,745.3,805.5,fixation
10:21:14.2256,745.6,805.6,fixation
10:21:14.2261,745.3,805.4,fixation
10:21:14.2266,743.4,804.7,fixation
10:21:14.2271,741.5,803.8,fixation
10:21:14.2276,740.2,802.3,fixation
10:21:14.2281,740.4,801.3,fixation
10:21:14.2286,740.5,800.8,fixation
10:21:14.2291,740.6,801.6,fixation
10:21:14.2296,740.9,802.3,fixation
10:21:14.2301,741.3,802.6,fixation
10:21:14.2306,741.6,802.5,fixation
10:21:14.2311,742.1,802.2,fixation
10:21:14.2316,742.4,801.8,fixation
10:21:14.2321,742.7,801.4,fixation
10:21:14.2326,742.6,801.1,fixation
10:21:14.2331,742.6,800.7,fixation
10:21:14.2336,742.9,800.6,fixation
10:21:14.2341,743.3,800.9,fixation
10:21:14.2346,743.4,800.9,fixation
10:21:14.2351,743.3,800.5,fixation
10:21:14.2356,742.8,800.0,fixation
10:21:14.2361,742.2,800.1,fixation
10:21:14.2366,741.6,800.2,fixation
10:21:14.2371,741.3,800.3,fixation
10:21:14.2376,741.3,800.4,fixation
10:21:14.2381,740.5,801.5,fixation
10:21:14.2386,739.6,802.6,fixation
10:21:14.2391,738.6,801.3,fixation
10:21:14.2396,738.6,799.0,fixation
10:21:14.2401,739.9,799.2,fixation
10:21:14.2406,741.2,801.7,fixation
10:21:14.2411,742.7,803.8,fixation
10:21:14.2416,742.9,803.5,fixation
10:21:14.2421,743.1,803.4,fixation
10:21:14.2426,743.2,803.7,fixation
10:21:14.2431,742.8,803.8,fixation
10:21:14.2436,742.5,803.1,fixation
10:21:14.2441,742.5,802.1,fixation
10:21:14.2446,742.8,801.3,fixation
10:21:14.2451,743.2,801.5,fixation
10:21:14.2456,742.9,801.8,fixation
10:21:14.2461,742.7,801.2,fixation
10:21:14.2466,742.5,800.3,fixation
10:21:14.2471,741.7,799.3,fixation
10:21:14.2476,740.9,799.2,fixation
10:21:14.2481,740.0,798.9,fixation
10:21:14.2486,739.9,798.8,fixation
10:21:14.2491,739.6,798.5,fixation
10:21:14.2496,739.4,798.3,fixation
10:21:14.2501,739.2,798.1,fixation
10:21:14.2506,739.1,798.0,fixation
10:21:14.2511,739.0,800.0,fixation
10:21:14.2516,738.9,802.0,fixation
10:21:14.2521,739.9,803.8,fixation
10:21:14.2526,741.1,803.6,fixation
10:21:14.2531,742.5,804.5,fixation
10:21:14.2536,743.1,805.7,fixation
10:21:14.2541,743.6,806.2,fixation
10:21:14.2546,743.9,805.6,fixation
10:21:14.2551,743.9,804.9,fixation
10:21:14.2556,744.7,804.9,fixation
10:21:14.2561,745.5,804.1,fixation
10:21:14.2566,746.0,803.3,fixation
10:21:14.2571,744.9,802.4,fixation
10:21:14.2576,743.1,802.1,fixation
10:21:14.2581,741.4,801.9,fixation
10:21:14.2586,739.4,802.3,fixation
10:21:14.2591,738.3,802.8,fixation
10:21:14.2596,737.4,803.2,fixation
10:21:14.2601,737.2,803.2,fixation
10:21:14.2606,736.8,802.6,fixation
10:21:14.2611,736.4,802.1,fixation
10:21:14.2616,736.0,801.9,fixation
10:21:14.2621,735.9,802.3,fixation
10:21:14.2626,735.9,802.6,fixation
10:21:14.2631,736.1,802.6,fixation
10:21:14.2636,736.3,802.3,fixation
10:21:14.2641,737.3,802.3,fixation
10:21:14.2646,738.2,802.5,fixation
10:21:14.2651,739.2,804.3,fixation
10:21:14.2656,739.2,806.0,fixation
10:21:14.2661,739.3,807.2,fixation
10:21:14.2666,740.3,807.0,fixation
10:21:14.2671,742.1,807.3,fixation
10:21:14.2676,743.8,808.1,fixation
10:21:14.2681,744.4,808.3,fixation
10:21:14.2686,744.0,807.8,fixation
10:21:14.2691,743.6,807.4,fixation
10:21:14.2696,743.0,807.4,fixation
10:21:14.2701,742.4,807.6,fixation
10:21:14.2706,741.7,807.7,fixation
10:21:14.2711,741.2,807.7,fixation
10:21:14.2716,740.4,807.8,fixation
10:21:14.2721,739.9,807.9,fixation
10:21:14.2726,739.5,808.0,fixation
10:21:14.2731,739.3,809.6,fixation
10:21:14.2736,739.1,811.5,fixation
10:21:14.2741,738.8,813.3,fixation
10:21:14.2746,738.8,813.9,fixation
10:21:14.2751,738.8,814.4,fixation
10:21:14.2756,738.8,813.8,fixation
10:21:14.2761,738.8,812.1,fixation
10:21:14.2766,738.7,810.4,fixation
10:21:14.2771,738.4,808.7,fixation
10:21:14.2776,738.5,807.6,fixation
10:21:14.2781,738.5,805.9,fixation
10:21:14.2786,738.7,805.2,fixation
10:21:14.2791,739.6,804.7,fixation
10:21:14.2796,740.8,804.9,fixation
10:21:14.2801,742.1,806.9,fixation
10:21:14.2806,742.2,808.7,fixation
10:21:14.2811,742.4,810.5,fixation
10:21:14.2816,743.0,810.3,fixation
10:21:14.2821,743.6,810.0,fixation
10:21:14.2826,743.6,808.7,fixation
10:21:14.2831,742.9,807.6,fixation
10:21:14.2836,742.2,807.7,fixation
10:21:14.2841,741.7,808.9,fixation
10:21:14.2846,741.3,810.0,fixation
10:21:14.2851,740.8,809.8,fixation
10:21:14.2856,740.6,809.7,fixation
10:21:14.2861,740.4,809.7,fixation
10:21:14.2866,740.2,810.8,fixation
10:21:14.2871,739.8,812.0,fixation
10:21:14.2876,739.3,814.4,fixation
10:21:14.2881,738.8,815.8,fixation
10:21:14.2886,738.4,816.8,fixation
10:21:14.2891,738.2,816.5,fixation
10:21:14.2896,738.0,816.2,fixation
10:21:14.2901,737.7,816.1,fixation
10:21:14.2906,737.6,815.6,fixation
10:21:14.2911,737.8,814.7,fixation
10:21:14.2916,738.3,814.2,fixation
10:21:14.2921,738.5,814.1,fixation
10:21:14.2926,738.4,814.3,fixation
10:21:14.2931,738.2,814.3,fixation
10:21:14.2936,738.1,813.2,fixation
10:21:14.2941,738.3,812.2,fixation
10:21:14.2946,738.7,811.5,fixation
10:21:14.2951,739.7,812.0,fixation
10:21:14.2956,740.8,812.2,fixation
10:21:14.2961,742.1,811.6,fixation
10:21:14.2966,742.9,811.1,fixation
10:21:14.2971,743.7,811.2,fixation
10:21:14.2976,744.1,811.5,fixation
10:21:14.2981,744.5,810.5,fixation
10:21:14.2986,745.1,809.4,fixation
10:21:14.2991,745.7,808.7,fixation
10:21:14.2996,745.6,809.1,fixation
10:21:14.3001,744.6,809.3,fixation
10:21:14.3006,743.5,809.1,fixation
10:21:14.3011,743.3,809.2,fixation
10:21:14.3016,743.6,809.1,fixation
10:21:14.3021,743.0,808.6,fixation
10:21:14.3026,741.6,807.9,fixation
10:21:14.3031,740.2,807.3,fixation
10:21:14.3036,739.5,805.3,fixation
10:21:14.3041,738.8,803.4,fixation
10:21:14.3046,737.9,801.7,fixation
10:21:14.3051,737.1,801.9,fixation
10:21:14.3056,736.9,802.0,fixation
10:21:14.3061,736.6,801.8,fixation
10:21:14.3066,736.4,801.7,fixation
10:21:14.3071,737.0,801.7,fixation
10:21:14.3076,737.6,801.2,fixation
10:21:14.3081,738.3,800.8,fixation
10:21:14.3086,739.0,802.2,fixation
10:21:14.3091,739.7,804.2,fixation
10:21:14.3096,740.5,806.1,fixation
10:21:14.3101,740.6,807.0,fixation
10:21:14.3106,740.8,808.3,fixation
10:21:14.3111,741.1,809.5,fixation
10:21:14.3116,741.1,809.9,fixation
10:21:14.3121,741.1,808.2,fixation
10:21:14.3126,741.1,806.6,fixation
10:21:14.3131,740.7,805.6,fixation
10:21:14.3136,740.4,806.1,fixation
10:21:14.3141,740.8,806.8,fixation
10:21:14.3146,741.5,806.7,fixation
10:21:14.3151,742.2,806.6,fixation
10:21:14.3156,742.1,807.6,fixation
10:21:14.3161,742.4,808.8,fixation
10:21:14.3166,742.6,809.9,fixation
10:21:14.3171,742.8,809.8,fixation
10:21:14.3176,742.8,809.6,fixation
10:21:14.3181,742.9,809.4,fixation
10:21:14.3186,743.8,809.4,fixation
10:21:14.3191,744.8,809.8,fixation
10:21:14.3196,745.6,810.3,fixation
10:21:14.3201,745.8,810.5,fixation
10:21:14.3206,746.1,810.4,fixation
10:21:14.3211,746.5,809.7,fixation
10:21:14.3216,746.4,809.0,fixation
10:21:14.3221,745.7,809.9,fixation
10:21:14.3226,745.1,811.4,fixation
10:21:14.3231,745.1,813.4,fixation
10:21:14.3236,745.5,814.1,fixation
10:21:14.3241,745.8,815.3,fixation
10:21:14.3246,745.6,816.0,fixation
10:21:14.3251,745.5,816.1,fixation
10:21:14.3256,745.4,815.8,fixation
10:21:14.3261,744.9,815.3,fixation
10:21:14.3266,744.3,815.0,fixation
10:21:14.3271,743.4,814.2,fixation
10:21:14.3276,742.6,812.4,fixation
10:21:14.3281,741.8,810.5,fixation
10:21:14.3286,741.2,809.3,fixation
10:21:14.3291,741.1,811.4,fixation
10:21:14.3296,740.2,815.9,saccade
10:21:14.3301,739.5,816.0,saccade
10:21:14.3306,738.2,814.3,saccade
10:21:14.3311,737.1,812.1,saccade
10:21:14.3316,736.4,809.8,saccade
10:21:14.3321,736.3,809.4,saccade
10:21:14.3326,736.3,808.7,saccade
10:21:14.3331,736.2,807.3,saccade
10:21:14.3336,736.1,805.7,saccade
10:21:14.3341,736.6,804.8,saccade
10:21:14.3346,737.9,804.8,saccade
10:21:14.3351,739.3,805.0,saccade
10:21:14.3356,740.6,803.4,saccade
10:21:14.3361,742.5,801.9,saccade
10:21:14.3366,745.2,800.4,saccade
10:21:14.3371,748.4,800.8,saccade
10:21:14.3376,749.9,800.8,saccade
10:21:14.3381,751.5,802.1,saccade
10:21:14.3386,753.8,803.8,saccade
10:21:14.3391,756.7,804.6,saccade
10:21:14.3396,759.4,804.2,saccade
10:21:14.3401,761.6,804.8,saccade
10:21:14.3406,765.1,806.7,saccade
10:21:14.3411,768.8,808.8,saccade
10:21:14.3416,772.9,810.0,saccade
10:21:14.3421,777.2,811.3,saccade
10:21:14.3426,783.6,814.2,saccade
10:21:14.3431,790.7,817.0,saccade
10:21:14.3436,798.7,820.5,saccade
10:21:14.3441,805.6,823.7,saccade
10:21:14.3446,812.7,826.9,saccade
10:21:14.3451,819.1,829.2,saccade
10:21:14.3456,825.6,830.2,saccade
10:21:14.3461,833.0,831.1,saccade
10:21:14.3466,841.4,832.0,saccade
10:21:14.3471,850.3,832.6,saccade
10:21:14.3476,857.5,833.1,saccade
10:21:14.3481,863.8,833.5,saccade
10:21:14.3486,869.1,833.5,saccade
10:21:14.3491,874.8,834.1,saccade
10:21:14.3496,879.7,834.6,saccade
10:21:14.3501,884.0,834.3,saccade
10:21:14.3506,887.6,833.4,saccade
10:21:14.3511,889.9,832.3,saccade
10:21:14.3516,891.1,831.3,saccade
10:21:14.3521,891.8,830.1,saccade
10:21:14.3526,892.2,828.9,saccade
10:21:14.3531,892.6,829.0,saccade
10:21:14.3536,892.7,829.2,saccade
10:21:14.3541,892.8,829.4,saccade
10:21:14.3546,892.6,829.4,saccade
10:21:14.3551,891.1,828.8,saccade
10:21:14.3556,889.1,828.2,saccade
10:21:14.3561,887.1,827.5,saccade
10:21:14.3566,885.4,827.1,saccade
10:21:14.3571,882.3,825.6,fixation
10:21:14.3576,880.6,824.9,fixation
10:21:14.3581,879.3,826.2,fixation
10:21:14.3586,877.0,827.4,fixation
10:21:14.3591,875.3,828.6,fixation
10:21:14.3596,873.2,827.8,fixation
10:21:14.3601,872.1,826.2,fixation
10:21:14.3606,871.1,824.9,fixation
10:21:14.3611,870.1,823.7,fixation
10:21:14.3616,869.1,824.6,fixation
10:21:14.3621,868.5,825.9,fixation
10:21:14.3626,868.3,827.4,fixation
10:21:14.3631,868.2,828.4,fixation
10:21:14.3636,867.3,829.0,fixation
10:21:14.3641,866.3,827.7,fixation
10:21:14.3646,865.2,825.8,fixation
10:21:14.3651,864.7,824.2,fixation
10:21:14.3656,864.4,824.4,fixation
10:21:14.3661,865.0,824.7,fixation
10:21:14.3666,865.8,824.7,fixation
10:21:14.3671,866.6,823.3,fixation
10:21:14.3676,865.9,822.1,fixation
10:21:14.3681,865.2,821.4,fixation
10:21:14.3686,864.5,822.3,fixation
10:21:14.3691,864.7,822.9,fixation
10:21:14.3696,865.2,823.1,fixation
10:21:14.3701,865.9,823.3,fixation
10:21:14.3706,866.5,823.4,fixation
10:21:14.3711,866.8,822.5,fixation
10:21:14.3716,866.9,821.7,fixation
10:21:14.3721,867.1,820.9,fixation
10:21:14.3726,867.5,820.4,fixation
10:21:14.3731,867.2,819.7,fixation
10:21:14.3736,866.5,818.7,fixation
10:21:14.3741,865.9,818.3,fixation
10:21:14.3746,866.0,819.4,fixation
10:21:14.3751,866.2,820.7,fixation
10:21:14.3756,866.1,822.7,fixation
10:21:14.3761,866.0,823.3,fixation
10:21:14.3766,865.9,822.5,fixation
10:21:14.3771,866.0,820.6,fixation
10:21:14.3776,866.5,818.6,fixation
10:21:14.3781,866.8,818.0,fixation
10:21:14.3786,867.2,818.7,fixation
10:21:14.3791,867.4,819.4,fixation
10:21:14.3796,867.1,819.0,fixation
10:21:14.3801,866.7,817.7,fixation
10:21:14.3806,866.2,816.4,fixation
10:21:14.3811,866.3,816.2,fixation
10:21:14.3816,866.4,816.6,fixation
10:21:14.3821,866.5,817.5,fixation
10:21:14.3826,866.4,818.4,fixation
10:21:14.3831,866.0,818.9,fixation
10:21:14.3836,865.5,818.9,fixation
10:21:14.3841,864.4,818.9,fixation
10:21:14.3846,863.6,819.2,fixation
10:21:14.3851,863.1,819.6,fixation
10:21:14.3856,863.3,820.1,fixation
10:21:14.3861,863.6,820.3,fixation
10:21:14.3866,864.0,819.9,fixation
10:21:14.3871,864.3,819.0,fixation
10:21:14.3876,864.5,818.0,fixation
10:21:14.3881,864.4,817.6,fixation
10:21:14.3886,864.2,817.6,fixation
10:21:14.3891,864.1,815.3,fixation
10:21:14.3896,864.0,813.0,fixation
10:21:14.3901,864.2,813.2,fixation
10:21:14.3906,864.4,815.7,fixation
10:21:14.3911,864.4,817.9,fixation
10:21:14.3916,864.3,817.4,fixation
10:21:14.3921,864.2,816.5,fixation
10:21:14.3926,864.3,815.9,fixation
10:21:14.3931,864.9,815.6,fixation
10:21:14.3936,865.5,815.6,fixation
10:21:14.3941,866.0,815.0,fixation
10:21:14.3946,865.9,813.9,fixation
10:21:14.3951,865.8,812.8,fixation
10:21:14.3956,865.9,814.4,fixation
10:21:14.3961,865.8,816.5,fixation
10:21:14.3966,866.0,818.0,fixation
10:21:14.3971,866.2,817.4,fixation
10:21:14.3976,866.6,815.7,fixation
10:21:14.3981,866.8,814.4,fixation
10:21:14.3986,866.9,813.1,fixation
10:21:14.3991,866.8,813.2,fixation
10:21:14.3996,866.9,814.0,fixation
10:21:14.4001,867.0,815.0,fixation
10:21:14.4006,867.0,816.0,fixation
10:21:14.4011,866.9,816.6,fixation
10:21:14.4016,867.3,817.0,fixation
10:21:14.4021,867.8,816.9,fixation
10:21:14.4026,868.2,816.7,fixation
10:21:14.4031,868.5,816.5,fixation
10:21:14.4036,868.7,816.4,fixation
10:21:14.4041,869.3,816.4,fixation
10:21:14.4046,869.6,816.6,fixation
10:21:14.4051,869.8,816.9,fixation
10:21:14.4056,869.7,816.7,fixation
10:21:14.4061,869.7,816.4,fixation
10:21:14.4066,869.9,817.3,fixation
10:21:14.4071,870.1,818.8,fixation
10:21:14.4076,870.5,820.4,fixation
10:21:14.4081,871.0,821.0,fixation
10:21:14.4086,871.3,821.3,fixation
10:21:14.4091,871.2,821.3,fixation
10:21:14.4096,870.2,821.0,fixation
10:21:14.4101,869.4,819.9,fixation
10:21:14.4106,868.7,818.9,fixation
10:21:14.4111,868.8,817.9,fixation
10:21:14.4116,869.0,817.8,fixation
10:21:14.4121,868.9,817.6,fixation
10:21:14.4126,868.8,817.5,fixation
10:21:14.4131,868.4,818.7,fixation
10:21:14.4136,868.1,820.9,fixation
10:21:14.4141,867.9,823.2,fixation
10:21:14.4146,868.0,824.2,fixation
10:21:14.4151,868.2,824.3,fixation
10:21:14.4156,868.2,822.4,fixation
10:21:14.4161,868.2,820.0,fixation
10:21:14.4166,868.1,817.6,fixation
10:21:14.4171,867.7,819.7,fixation
10:21:14.4176,867.1,822.1,fixation
10:21:14.4181,866.2,822.8,fixation
10:21:14.4186,865.7,821.5,fixation
10:21:14.4191,865.4,820.2,fixation
10:21:14.4196,865.5,821.3,fixation
10:21:14.4201,864.7,821.8,fixation
10:21:14.4206,864.0,822.2,fixation
10:21:14.4211,862.9,821.9,fixation
10:21:14.4216,862.6,822.2,fixation
10:21:14.4221,862.2,822.6,fixation
10:21:14.4226,862.0,821.3,fixation
10:21:14.4231,861.8,819.5,fixation
10:21:14.4236,861.5,817.6,fixation
10:21:14.4241,861.5,817.8,fixation
10:21:14.4246,861.4,818.0,fixation
10:21:14.4251,861.8,818.2,fixation
10:21:14.4256,862.2,818.8,fixation
10:21:14.4261,862.8,819.7,fixation
10:21:14.4266,863.0,820.6,fixation
10:21:14.4271,863.1,819.6,fixation
10:21:14.4276,863.1,818.1,fixation
10:21:14.4281,862.7,818.3,fixation
10:21:14.4286,862.2,819.9,fixation
10:21:14.4291,861.7,820.6,fixation
10:21:14.4296,862.0,819.7,fixation
10:21:14.4301,862.7,818.9,fixation
10:21:14.4306,863.3,819.6,fixation
10:21:14.4311,863.7,820.4,fixation
10:21:14.4316,863.2,821.3,fixation
10:21:14.4321,862.4,821.5,fixation
10:21:14.4326,861.6,822.4,fixation
10:21:14.4331,861.5,823.2,fixation
10:21:14.4336,861.8,823.7,fixation
10:21:14.4341,862.2,823.7,fixation
10:21:14.4346,862.5,823.6,fixation
10:21:14.4351,862.6,823.5,fixation
10:21:14.4356,862.5,823.3,fixation
10:21:14.4361,862.4,822.8,fixation
10:21:14.4366,862.3,822.5,fixation
10:21:14.4371,862.5,823.8,fixation
10:21:14.4376,862.9,825.5,fixation
10:21:14.4381,863.4,827.2,fixation
10:21:14.4386,864.3,827.2,fixation
10:21:14.4391,865.1,827.1,fixation
10:21:14.4396,865.3,826.3,fixation
10:21:14.4401,865.0,825.5,fixation
10:21:14.4406,864.8,825.1,fixation
10:21:14.4411,865.2,825.6,fixation
10:21:14.4416,865.8,825.9,fixation
10:21:14.4421,866.2,825.7,fixation
10:21:14.4426,866.6,825.4,fixation
10:21:14.4431,866.9,825.1,fixation
10:21:14.4436,867.2,825.0,fixation
10:21:14.4441,867.4,826.1,fixation
10:21:14.4446,867.2,827.4,fixation
10:21:14.4451,867.0,828.7,fixation
10:21:14.4456,867.4,828.1,fixation
10:21:14.4461,867.9,827.4,fixation
10:21:14.4466,868.1,825.1,fixation
10:21:14.4471,867.8,823.8,fixation
10:21:14.4476,867.5,822.7,fixation
10:21:14.4481,866.8,823.0,fixation
10:21:14.4486,866.2,823.0,fixation
10:21:14.4491,866.2,822.9,fixation
10:21:14.4496,867.0,823.0,fixation
10:21:14.4501,867.9,823.2,fixation
10:21:14.4506,868.1,822.2,fixation
10:21:14.4511,868.0,821.1,fixation
10:21:14.4516,868.0,820.2,fixation
10:21:14.4521,868.1,820.8,fixation
10:21:14.4526,868.2,821.3,fixation
10:21:14.4531,868.0,821.5,fixation
10:21:14.4536,867.8,821.5,fixation
10:21:14.4541,867.7,821.2,fixation
10:21:14.4546,867.8,820.9,fixation
10:21:14.4551,867.9,821.0,fixation
10:21:14.4556,867.9,821.3,fixation
10:21:14.4561,867.9,821.0,fixation
10:21:14.4566,867.8,819.7,fixation
10:21:14.4571,867.9,818.3,fixation
10:21:14.4576,868.0,817.8,fixation
10:21:14.4581,868.4,818.0,fixation
10:21:14.4586,868.8,818.7,fixation
10:21:14.4591,868.4,819.2,fixation
10:21:14.4596,867.8,818.4,fixation
10:21:14.4601,867.6,817.2,fixation
10:21:14.4606,867.9,817.9,fixation
10:21:14.4611,868.2,819.8,fixation
10:21:14.4616,868.1,821.7,fixation
10:21:14.4621,867.8,821.7,fixation
10:21:14.4626,867.4,821.0,fixation
10:21:14.4631,867.1,820.3,fixation
10:21:14.4636,867.0,819.6,fixation
10:21:14.4641,867.0,820.5,fixation
10:21:14.4646,867.1,821.7,fixation
10:21:14.4651,867.4,823.0,fixation
10:21:14.4656,867.7,823.1,fixation
10:21:14.4661,868.0,822.9,fixation
10:21:14.4666,868.1,822.3,fixation
10:21:14.4671,868.1,821.7,fixation
10:21:14.4676,868.2,821.3,fixation
10:21:14.4681,868.3,821.4,fixation
10:21:14.4686,868.3,819.3,fixation
10:21:14.4691,868.7,817.3,fixation
10:21:14.4696,869.1,816.1,fixation
10:21:14.4701,869.4,817.1,fixation
10:21:14.4706,868.3,817.8,fixation
10:21:14.4711,867.1,817.3,fixation
10:21:14.4716,866.1,816.7,fixation
10:21:14.4721,867.2,816.9,fixation
10:21:14.4726,868.3,817.2,fixation
10:21:14.4731,868.8,816.5,fixation
10:21:14.4736,868.4,815.6,fixation
10:21:14.4741,868.3,814.6,fixation
10:21:14.4746,868.5,815.0,fixation
10:21:14.4751,868.9,817.8,fixation
10:21:14.4756,869.2,820.5,fixation
10:21:14.4761,869.4,822.9,fixation
10:21:14.4766,869.4,822.5,fixation
10:21:14.4771,869.4,822.1,fixation
10:21:14.4776,869.3,822.8,fixation
10:21:14.4781,869.5,823.5,fixation
10:21:14.4786,869.7,823.0,fixation
10:21:14.4791,870.2,821.8,fixation
10:21:14.4796,870.7,820.6,fixation
10:21:14.4801,871.2,820.2,fixation
10:21:14.4806,871.0,819.7,fixation
10:21:14.4811,870.3,819.3,fixation
10:21:14.4816,869.8,819.3,fixation
10:21:14.4821,869.7,817.7,fixation
10:21:14.4826,869.0,815.9,fixation
10:21:14.4831,868.2,816.0,fixation
10:21:14.4836,867.4,817.8,fixation
10:21:14.4841,867.3,819.3,fixation
10:21:14.4846,867.1,818.9,fixation
10:21:14.4851,867.1,820.3,fixation
10:21:14.4856,867.5,822.0,fixation
10:21:14.4861,868.1,822.7,fixation
10:21:14.4866,868.8,821.7,fixation
10:21:14.4871,869.2,820.7,fixation
10:21:14.4876,869.4,820.9,fixation
10:21:14.4881,868.7,820.7,fixation
10:21:14.4886,868.1,820.1,fixation
10:21:14.4891,868.4,820.3,fixation
10:21:14.4896,869.0,821.4,fixation
10:21:14.4901,870.1,822.8,fixation
10:21:14.4906,870.6,823.0,fixation
10:21:14.4911,871.0,822.2,fixation
10:21:14.4916,870.9,821.1,fixation
10:21:14.4921,870.6,820.6,fixation
10:21:14.4926,870.4,820.6,fixation
10:21:14.4931,870.2,821.0,fixation
10:21:14.4936,870.1,821.1,fixation
10:21:14.4941,869.5,820.3,fixation
10:21:14.4946,868.9,819.6,fixation
10:21:14.4951,868.8,820.7,fixation
10:21:14.4956,869.3,822.5,fixation
10:21:14.4961,869.5,823.6,fixation
10:21:14.4966,869.2,822.6,fixation
10:21:14.4971,869.0,821.6,fixation
10:21:14.4976,869.3,821.7,fixation
10:21:14.4981,869.8,822.3,fixation
10:21:14.4986,870.1,823.0,fixation
10:21:14.4991,870.2,823.3,fixation
10:21:14.4996,870.3,823.3,fixation
10:21:14.5001,870.4,823.3,fixation
10:21:14.5006,870.1,823.2,fixation
10:21:14.5011,869.7,821.5,fixation
10:21:14.5016,869.3,819.9,fixation
10:21:14.5021,869.1,819.5,fixation
10:21:14.5026,869.0,820.6,fixation
10:21:14.5031,868.8,821.7,fixation
10:21:14.5036,868.8,821.6,fixation
10:21:14.5041,868.9,821.9,fixation
10:21:14.5046,869.1,822.1,fixation
10:21:14.5051,869.5,822.3,fixation
10:21:14.5056,869.9,822.2,fixation
10:21:14.5061,870.2,822.3,fixation
10:21:14.5066,869.9,822.3,fixation
10:21:14.5071,869.5,822.1,fixation
10:21:14.5076,869.2,821.9,fixation
10:21:14.5081,869.1,821.7,fixation
10:21:14.5086,869.2,822.2,fixation
10:21:14.5091,869.5,823.5,fixation
10:21:14.5096,869.8,824.8,fixation
10:21:14.5101,870.0,825.6,fixation
10:21:14.5106,870.4,825.1,fixation
10:21:14.5111,870.8,824.6,fixation
10:21:14.5116,871.0,824.5,fixation
10:21:14.5121,870.8,825.4,fixation
10:21:14.5126,870.0,826.2,fixation
10:21:14.5131,869.3,825.5,fixation
10:21:14.5136,869.3,823.1,fixation
10:21:14.5141,870.0,820.8,fixation
10:21:14.5146,870.6,820.1,fixation
10:21:14.5151,870.5,820.9,fixation
10:21:14.5156,870.4,821.9,fixation
10:21:14.5161,870.4,821.9,fixation
10:21:14.5166,870.4,821.7,fixation
10:21:14.5171,870.5,823.3,fixation
10:21:14.5176,870.5,825.5,fixation
10:21:14.5181,870.2,826.9,fixation
10:21:14.5186,870.2,825.4,fixation
10:21:14.5191,870.2,824.0,fixation
10:21:14.5196,870.5,824.4,fixation
10:21:14.5201,870.2,825.4,fixation
10:21:14.5206,869.9,823.8,fixation
10:21:14.5211,869.8,821.2,fixation
10:21:14.5216,870.2,818.9,fixation
10:21:14.5221,870.0,819.5,fixation
10:21:14.5226,869.2,820.2,fixation
10:21:14.5231,868.4,820.6,fixation
10:21:14.5236,868.2,820.8,fixation
10:21:14.5241,868.5,821.2,fixation
10:21:14.5246,869.1,823.0,fixation
10:21:14.5251,869.6,824.6,fixation
10:21:14.5256,869.9,825.4,fixation
10:21:14.5261,869.7,824.1,fixation
10:21:14.5266,869.2,823.2,fixation
10:21:14.5271,868.6,823.0,fixation
10:21:14.5276,868.3,823.4,fixation
10:21:14.5281,868.4,823.6,fixation
10:21:14.5286,868.6,823.8,fixation
10:21:14.5291,868.8,823.9,fixation
10:21:14.5296,868.9,823.7,fixation
10:21:14.5301,868.8,823.5,fixation
10:21:14.5306,868.8,824.0,fixation
10:21:14.5311,869.1,825.0,fixation
10:21:14.5316,869.5,825.9,fixation
10:21:14.5321,869.9,826.1,fixation
10:21:14.5326,870.0,825.4,fixation
10:21:14.5331,869.6,824.7,fixation
10:21:14.5336,869.1,824.2,fixation
10:21:14.5341,868.7,824.4,fixation
10:21:14.5346,868.8,825.2,fixation
10:21:14.5351,868.9,826.6,fixation
10:21:14.5356,869.6,827.7,fixation
10:21:14.5361,870.1,828.1,fixation
10:21:14.5366,870.0,827.8,fixation
10:21:14.5371,869.4,826.2,fixation
10:21:14.5376,868.3,824.5,fixation
10:21:14.5381,867.9,823.0,fixation
10:21:14.5386,867.4,823.0,fixation
10:21:14.5391,867.2,823.0,fixation
10:21:14.5396,867.1,825.0,fixation
10:21:14.5401,867.1,827.0,fixation
10:21:14.5406,867.1,827.3,fixation
10:21:14.5411,867.1,825.6,fixation
10:21:14.5416,867.0,824.0,fixation
10:21:14.5421,867.0,825.1,fixation
10:21:14.5426,867.0,826.2,fixation
10:21:14.5431,866.9,825.5,fixation
10:21:14.5436,866.8,823.8,fixation
10:21:14.5441,866.8,821.9,fixation
10:21:14.5446,866.6,821.7,fixation
10:21:14.5451,866.5,823.1,fixation
10:21:14.5456,866.2,824.6,fixation
10:21:14.5461,866.0,824.8,fixation
10:21:14.5466,865.8,823.5,fixation
10:21:14.5471,865.8,822.2,fixation
10:21:14.5476,866.3,822.0,fixation
10:21:14.5481,866.8,821.7,fixation
10:21:14.5486,867.2,821.4,fixation
10:21:14.5491,867.4,821.3,fixation
10:21:14.5496,867.8,821.3,fixation
10:21:14.5501,868.2,821.3,fixation
10:21:14.5506,867.6,821.2,fixation
10:21:14.5511,866.9,821.7,fixation
10:21:14.5516,866.1,821.7,fixation
10:21:14.5521,866.0,821.9,fixation
10:21:14.5526,866.2,822.0,fixation
10:21:14.5531,866.7,822.7,fixation
10:21:14.5536,867.1,823.4,fixation
10:21:14.5541,866.9,822.7,fixation
10:21:14.5546,866.3,821.8,fixation
10:21:14.5551,865.8,821.0,fixation
10:21:14.5556,865.7,820.8,fixation
10:21:14.5561,865.7,820.8,fixation
10:21:14.5566,865.6,820.9,fixation
10:21:14.5571,865.6,821.4,fixation
10:21:14.5576,865.8,822.1,fixation
10:21:14.5581,866.1,822.7,fixation
10:21:14.5586,866.3,823.4,fixation
10:21:14.5591,865.3,823.9,fixation
10:21:14.5596,864.2,823.3,fixation
10:21:14.5601,863.4,821.4,fixation
10:21:14.5606,863.6,819.5,fixation
10:21:14.5611,863.9,818.9,fixation
10:21:14.5616,864.1,819.8,fixation
10:21:14.5621,864.2,821.4,fixation
10:21:14.5626,864.3,822.8,fixation
10:21:14.5631,864.2,823.2,fixation
10:21:14.5636,864.2,822.2,fixation
10:21:14.5641,864.9,821.3,fixation
10:21:14.5646,865.6,821.0,fixation
10:21:14.5651,866.3,821.2,fixation
10:21:14.5656,866.2,821.3,fixation
10:21:14.5661,865.9,821.2,fixation
10:21:14.5666,865.2,820.9,fixation
10:21:14.5671,864.6,821.2,fixation
10:21:14.5676,864.0,821.5,fixation
10:21:14.5681,863.8,821.9,fixation
10:21:14.5686,863.3,822.4,fixation
10:21:14.5691,862.8,823.0,fixation
10:21:14.5696,862.5,822.6,fixation
10:21:14.5701,862.6,821.6,fixation
10:21:14.5706,862.7,820.7,fixation
10:21:14.5711,862.7,820.9,fixation
10:21:14.5716,862.7,820.9,fixation
10:21:14.5721,862.6,820.5,fixation
10:21:14.5726,862.4,820.4,fixation
10:21:14.5731,861.7,820.3,fixation
10:21:14.5736,861.1,820.4,fixation
10:21:14.5741,860.4,820.2,fixation
10:21:14.5746,860.4,820.0,fixation
10:21:14.5751,860.6,819.9,fixation
10:21:14.5756,860.8,820.4,fixation
10:21:14.5761,861.6,821.0,fixation
10:21:14.5766,862.1,821.6,fixation
10:21:14.5771,862.6,822.2,fixation
10:21:14.5776,862.6,822.8,fixation
10:21:14.5781,861.8,823.2,fixation
10:21:14.5786,861.0,822.9,fixation
10:21:14.5791,860.3,822.3,fixation
10:21:14.5796,860.3,821.9,fixation
10:21:14.5801,860.3,821.6,fixation
10:21:14.5806,860.3,821.9,fixation
10:21:14.5811,861.0,822.5,fixation
10:21:14.5816,861.7,821.6,fixation
10:21:14.5821,862.4,820.3,fixation
10:21:14.5826,861.9,819.3,fixation
10:21:14.5831,861.4,819.7,fixation
10:21:14.5836,860.9,820.4,fixation
10:21:14.5841,861.0,820.6,fixation
10:21:14.5846,861.2,820.7,fixation
10:21:14.5851,861.5,820.4,fixation
10:21:14.5856,861.8,820.2,fixation
10:21:14.5861,861.8,821.2,fixation
10:21:14.5866,861.8,822.5,fixation
10:21:14.5871,862.3,822.9,fixation
10:21:14.5876,863.1,822.1,fixation
10:21:14.5881,864.2,823.5,fixation
10:21:14.5886,864.5,825.8,fixation
10:21:14.5891,865.0,826.1,fixation
10:21:14.5896,865.3,824.1,fixation
10:21:14.5901,865.5,822.0,fixation
10:21:14.5906,865.6,822.0,fixation
10:21:14.5911,865.7,822.0,fixation
10:21:14.5916,865.8,821.9,fixation
10:21:14.5921,866.0,821.8,fixation
10:21:14.5926,866.8,823.8,fixation
10:21:14.5931,867.6,826.1,fixation
10:21:14.5936,868.6,827.8,fixation
10:21:14.5941,869.0,826.9,fixation
10:21:14.5946,868.9,825.8,fixation
10:21:14.5951,868.7,825.2,fixation
10:21:14.5956,868.4,825.0,fixation
10:21:14.5961,868.4,824.2,fixation
10:21:14.5966,867.9,823.2,fixation
10:21:14.5971,867.5,822.2,fixation
10:21:14.5976,866.6,822.0,fixation
10:21:14.5981,866.3,824.4,fixation
10:21:14.5986,865.9,826.7,fixation
10:21:14.5991,865.8,828.5,fixation
10:21:14.5996,866.6,827.8,fixation
10:21:14.6001,867.4,826.7,fixation
10:21:14.6006,868.3,826.1,fixation
10:21:14.6011,868.7,825.8,fixation
10:21:14.6016,869.0,825.7,fixation
10:21:14.6021,868.2,825.0,fixation
10:21:14.6026,867.2,824.1,fixation
10:21:14.6031,866.5,823.3,fixation
10:21:14.6036,866.8,823.0,fixation
10:21:14.6041,867.2,823.4,fixation
10:21:14.6046,867.2,823.8,fixation
10:21:14.6051,867.2,824.3,fixation
10:21:14.6056,867.3,824.2,fixation
10:21:14.6061,867.2,824.1,fixation
10:21:14.6066,867.0,823.6,fixation
10:21:14.6071,866.9,823.1,fixation
10:21:14.6076,866.9,822.7,fixation
10:21:14.6081,866.9,822.7,fixation
10:21:14.6086,866.8,823.0,fixation
10:21:14.6091,866.7,823.2,fixation
10:21:14.6096,866.8,823.5,fixation
10:21:14.6101,866.9,823.6,fixation
10:21:14.6106,866.9,824.1,fixation
10:21:14.6111,866.8,825.0,fixation
10:21:14.6116,866.7,825.8,fixation
10:21:14.6121,866.5,826.2,fixation
10:21:14.6126,866.1,826.1,fixation
10:21:14.6131,865.9,825.7,fixation
10:21:14.6136,865.8,825.3,fixation
10:21:14.6141,866.0,824.9,fixation
10:21:14.6146,866.0,827.8,fixation
10:21:14.6151,866.0,830.8,fixation
10:21:14.6156,865.8,832.4,fixation
10:21:14.6161,865.7,830.8,fixation
10:21:14.6166,865.5,828.9,fixation
10:21:14.6171,865.1,828.2,fixation
10:21:14.6176,864.6,827.9,fixation
10:21:14.6181,864.0,828.4,fixation
10:21:14.6186,863.9,829.6,fixation
10:21:14.6191,864.1,830.1,fixation
10:21:14.6196,864.4,830.1,fixation
10:21:14.6201,864.9,829.6,fixation
10:21:14.6206,865.0,828.6,fixation
10:21:14.6211,865.0,827.5,fixation
10:21:14.6216,864.7,827.4,fixation
10:21:14.6221,864.6,828.5,fixation
10:21:14.6226,864.4,829.6,fixation
10:21:14.6231,864.2,829.6,fixation
10:21:14.6236,864.0,831.2,fixation
10:21:14.6241,863.9,833.2,fixation
10:21:14.6246,863.7,835.2,fixation
10:21:14.6251,863.6,833.5,fixation
10:21:14.6256,863.8,831.5,fixation
10:21:14.6261,864.2,829.6,fixation
10:21:14.6266,864.7,830.3,fixation
10:21:14.6271,864.6,831.0,fixation
10:21:14.6276,864.7,831.8,fixation
10:21:14.6281,864.7,832.0,fixation
10:21:14.6286,865.3,830.9,fixation
10:21:14.6291,866.4,829.3,fixation
10:21:14.6296,867.4,827.6,fixation
10:21:14.6301,867.6,829.5,fixation
10:21:14.6306,867.4,832.0,fixation
10:21:14.6311,867.9,834.6,fixation
10:21:14.6316,868.4,835.1,fixation
10:21:14.6321,868.8,835.4,fixation
10:21:14.6326,868.7,835.1,fixation
10:21:14.6331,869.1,834.7,fixation
10:21:14.6336,869.6,834.2,fixation
10:21:14.6341,870.1,834.1,fixation
10:21:14.6346,870.3,833.9,fixation
10:21:14.6351,870.4,833.9,fixation
10:21:14.6356,870.2,834.0,fixation
10:21:14.6361,869.8,834.0,fixation
10:21:14.6366,869.4,834.2,fixation
10:21:14.6371,869.5,834.4,fixation
10:21:14.6376,869.6,834.3,fixation
10:21:14.6381,869.6,833.8,fixation
10:21:14.6386,869.5,833.3,fixation
10:21:14.6391,869.4,833.2,fixation
10:21:14.6396,869.1,833.6,fixation
10:21:14.6401,869.0,833.9,fixation
10:21:14.6406,868.9,833.4,fixation
10:21:14.6411,868.8,832.5,fixation
10:21:14.6416,868.5,830.6,fixation
10:21:14.6421,868.1,829.6,fixation
10:21:14.6426,867.7,829.9,fixation
10:21:14.6431,867.4,831.2,fixation
10:21:14.6436,867.3,832.3,fixation
10:21:14.6441,866.7,832.0,fixation
10:21:14.6446,866.1,831.7,fixation
10:21:14.6451,865.3,829.6,fixation
10:21:14.6456,865.1,827.6,fixation
10:21:14.6461,864.9,827.1,fixation
10:21:14.6466,864.8,828.4,fixation
10:21:14.6471,864.8,829.7,fixation
10:21:14.6476,864.8,829.4,fixation
10:21:14.6481,864.5,829.3,fixation
10:21:14.6486,863.9,829.1,fixation
10:21:14.6491,863.6,828.9,fixation
10:21:14.6496,863.5,828.7,fixation
10:21:14.6501,863.3,828.5,fixation
10:21:14.6506,862.8,829.1,fixation
10:21:14.6511,862.4,829.7,fixation
10:21:14.6516,862.0,830.3,fixation
10:21:14.6521,861.6,830.2,fixation
10:21:14.6526,861.2,829.8,fixation
10:21:14.6531,861.5,829.5,fixation
10:21:14.6536,861.8,830.2,fixation
10:21:14.6541,862.1,831.5,fixation
10:21:14.6546,862.5,832.5,fixation
10:21:14.6551,862.9,832.7,fixation
10:21:14.6556,863.4,833.4,fixation
10:21:14.6561,863.5,834.4,fixation
10:21:14.6566,863.8,835.2,fixation
10:21:14.6571,864.2,833.7,fixation
10:21:14.6576,864.4,832.1,fixation
10:21:14.6581,864.6,829.8,fixation
10:21:14.6586,864.9,828.9,fixation
10:21:14.6591,865.6,828.2,fixation
10:21:14.6596,866.3,828.5,fixation
10:21:14.6601,866.7,828.7,fixation
10:21:14.6606,867.6,830.1,fixation
10:21:14.6611,868.6,831.6,fixation
10:21:14.6616,869.5,833.2,fixation
10:21:14.6621,869.4,833.4,fixation
10:21:14.6626,869.0,833.4,fixation
10:21:14.6631,868.7,833.6,fixation
10:21:14.6636,868.4,833.9,fixation
10:21:14.6641,869.0,834.6,fixation
10:21:14.6646,869.7,835.0,fixation
10:21:14.6651,870.1,835.0,fixation
10:21:14.6656,869.7,834.6,fixation
10:21:14.6661,869.2,834.6,fixation
10:21:14.6666,869.1,834.8,fixation
10:21:14.6671,869.2,835.2,fixation
10:21:14.6676,869.4,835.4,fixation
10:21:14.6681,869.5,835.5,fixation
10:21:14.6686,869.4,835.1,fixation
10:21:14.6691,868.7,834.5,fixation
10:21:14.6696,868.1,833.9,fixation
10:21:14.6701,867.0,833.5,fixation
10:21:14.6706,866.2,833.2,fixation
10:21:14.6711,865.5,832.8,fixation
10:21:14.6716,865.6,832.7,fixation
10:21:14.6721,865.6,832.4,fixation
10:21:14.6726,865.4,832.2,fixation
10:21:14.6731,865.2,831.9,fixation
10:21:14.6736,865.1,831.7,fixation
10:21:14.6741,865.2,831.4,fixation
10:21:14.6746,865.3,831.1,fixation
10:21:14.6751,864.9,832.0,fixation
10:21:14.6756,864.7,833.1,fixation
10:21:14.6761,864.4,834.1,fixation
10:21:14.6766,864.4,834.0,fixation
10:21:14.6771,863.7,833.5,fixation
10:21:14.6776,863.1,833.1,fixation
10:21:14.6781,862.7,832.3,fixation
10:21:14.6786,862.4,831.5,fixation
10:21:14.6791,862.0,830.7,fixation
10:21:14.6796,861.4,830.3,fixation
10:21:14.6801,861.1,830.6,fixation
10:21:14.6806,861.0,830.8,fixation
10:21:14.6811,861.0,830.3,fixation
10:21:14.6816,861.3,828.8,saccade
10:21:14.6821,861.5,828.8,saccade
10:21:14.6826,862.3,828.9,saccade
10:21:14.6831,863.1,828.7,saccade
10:21:14.6836,863.8,828.5,saccade
10:21:14.6841,863.6,828.1,saccade
10:21:14.6846,863.2,829.4,saccade
10:21:14.6851,863.0,832.7,saccade
10:21:14.6856,863.0,836.1,saccade
10:21:14.6861,863.4,838.4,saccade
10:21:14.6866,865.0,838.9,saccade
10:21:14.6871,866.4,839.4,saccade
10:21:14.6876,868.1,841.7,saccade
10:21:14.6881,868.7,843.7,saccade
10:21:14.6886,869.4,845.7,saccade
10:21:14.6891,869.4,848.2,saccade
10:21:14.6896,869.3,850.6,saccade
10:21:14.6901,870.8,853.2,saccade
10:21:14.6906,872.5,857.2,saccade
10:21:14.6911,874.2,864.3,saccade
10:21:14.6916,875.0,873.3,saccade
10:21:14.6921,875.8,879.5,saccade
10:21:14.6926,876.5,886.8,saccade
10:21:14.6931,876.4,892.5,saccade
10:21:14.6936,876.5,900.8,saccade
10:21:14.6941,876.5,905.9,saccade
10:21:14.6946,876.5,913.1,saccade
10:21:14.6951,876.1,918.7,saccade
10:21:14.6956,876.0,924.4,saccade
10:21:14.6961,875.9,928.8,saccade
10:21:14.6966,876.0,933.1,saccade
10:21:14.6971,876.2,936.8,saccade
10:21:14.6976,876.3,939.7,saccade
10:21:14.6981,876.6,943.9,saccade
10:21:14.6986,876.9,948.1,saccade
10:21:14.6991,877.4,952.3,saccade
10:21:14.6996,878.0,956.2,saccade
10:21:14.7001,878.7,959.9,saccade
10:21:14.7006,879.1,963.1,saccade
10:21:14.7011,879.4,965.8,saccade
10:21:14.7016,879.6,968.9,saccade
10:21:14.7021,879.8,971.9,saccade
10:21:14.7026,879.7,972.7,saccade
10:21:14.7031,879.8,973.0,saccade
10:21:14.7036,881.1,972.7,saccade
10:21:14.7041,882.3,971.9,saccade
10:21:14.7046,882.2,970.6,saccade
10:21:14.7051,880.9,968.7,saccade
10:21:14.7056,880.0,967.1,saccade
10:21:14.7061,880.8,966.5,fixation
10:21:14.7066,881.0,966.9,fixation
10:21:14.7071,881.1,965.3,fixation
10:21:14.7076,881.1,963.3,fixation
10:21:14.7081,880.8,961.0,fixation
10:21:14.7086,880.7,958.9,fixation
10:21:14.7091,880.6,956.8,fixation
10:21:14.7096,880.6,954.7,fixation
10:21:14.7101,880.7,954.1,fixation
10:21:14.7106,880.7,953.4,fixation
10:21:14.7111,880.6,953.0,fixation
10:21:14.7116,880.3,952.0,fixation
10:21:14.7121,879.9,950.5,fixation
10:21:14.7126,879.5,949.1,fixation
10:21:14.7131,879.2,948.6,fixation
10:21:14.7136,879.2,948.7,fixation
10:21:14.7141,879.2,948.9,fixation
10:21:14.7146,879.3,949.0,fixation
10:21:14.7151,879.4,947.1,fixation
10:21:14.7156,879.5,945.2,fixation
10:21:14.7161,879.5,943.9,fixation
10:21:14.7166,879.1,945.1,fixation
10:21:14.7171,878.6,946.0,fixation
10:21:14.7176,878.5,946.4,fixation
10:21:14.7181,878.9,945.8,fixation
10:21:14.7186,879.0,945.6,fixation
10:21:14.7191,879.0,945.3,fixation
10:21:14.7196,878.9,944.1,fixation
10:21:14.7201,879.1,943.0,fixation
10:21:14.7206,879.0,942.0,fixation
10:21:14.7211,878.9,942.3,fixation
10:21:14.7216,878.8,942.4,fixation
10:21:14.7221,878.7,942.3,fixation
10:21:14.7226,878.5,943.1,fixation
10:21:14.7231,878.3,944.0,fixation
10:21:14.7236,878.2,944.8,fixation
10:21:14.7241,878.0,944.9,fixation
10:21:14.7246,877.9,945.0,fixation
10:21:14.7251,877.8,944.9,fixation
10:21:14.7256,877.5,944.7,fixation
10:21:14.7261,877.1,943.3,fixation
10:21:14.7266,876.8,942.1,fixation
10:21:14.7271,876.9,942.7,fixation
10:21:14.7276,877.1,944.5,fixation
10:21:14.7281,877.2,946.4,fixation
10:21:14.7286,877.2,946.6,fixation
10:21:14.7291,877.3,947.4,fixation
10:21:14.7296,877.7,947.9,fixation
10:21:14.7301,878.1,948.1,fixation
10:21:14.7306,878.2,947.5,fixation
10:21:14.7311,877.7,945.8,fixation
10:21:14.7316,877.1,944.4,fixation
10:21:14.7321,876.7,943.0,fixation
10:21:14.7326,876.5,942.7,fixation
10:21:14.7331,876.4,941.9,fixation
10:21:14.7336,876.4,941.4,fixation
10:21:14.7341,876.6,941.3,fixation
10:21:14.7346,876.7,942.0,fixation
10:21:14.7351,876.6,942.3,fixation
10:21:14.7356,875.7,942.1,fixation
10:21:14.7361,874.9,943.8,fixation
10:21:14.7366,874.5,945.4,fixation
10:21:14.7371,874.8,947.1,fixation
10:21:14.7376,875.1,946.5,fixation
10:21:14.7381,875.2,946.8,fixation
10:21:14.7386,874.9,947.0,fixation
10:21:14.7391,874.6,946.1,fixation
10:21:14.7396,874.5,944.9,fixation
10:21:14.7401,874.9,944.5,fixation
10:21:14.7406,875.5,945.4,fixation
10:21:14.7411,875.8,947.0,fixation
10:21:14.7416,876.0,948.9,fixation
10:21:14.7421,876.3,950.8,fixation
10:21:14.7426,876.5,950.2,fixation
10:21:14.7431,876.5,948.6,fixation
10:21:14.7436,876.4,947.0,fixation
10:21:14.7441,876.4,947.2,fixation
10:21:14.7446,876.6,947.5,fixation
10:21:14.7451,877.3,948.6,fixation
10:21:14.7456,878.0,949.3,fixation
10:21:14.7461,878.4,949.8,fixation
10:21:14.7466,878.7,949.7,fixation
10:21:14.7471,879.2,949.7,fixation
10:21:14.7476,879.6,950.1,fixation
10:21:14.7481,879.5,950.3,fixation
10:21:14.7486,879.6,950.3,fixation
10:21:14.7491,879.8,950.3,fixation
10:21:14.7496,880.0,950.1,fixation
10:21:14.7501,880.1,950.2,fixation
10:21:14.7506,880.3,950.2,fixation
10:21:14.7511,880.5,951.4,fixation
10:21:14.7516,880.6,952.6,fixation
10:21:14.7521,880.3,953.0,fixation
10:21:14.7526,879.9,952.7,fixation
10:21:14.7531,879.4,952.5,fixation
10:21:14.7536,879.8,952.1,fixation
10:21:14.7541,880.1,951.3,fixation
10:21:14.7546,880.6,950.6,fixation
10:21:14.7551,880.7,950.6,fixation
10:21:14.7556,880.8,950.6,fixation
10:21:14.7561,880.8,950.6,fixation
10:21:14.7566,880.7,950.2,fixation
10:21:14.7571,880.7,949.3,fixation
10:21:14.7576,880.6,948.3,fixation
10:21:14.7581,880.4,947.2,fixation
10:21:14.7586,879.7,946.4,fixation
10:21:14.7591,879.0,947.0,fixation
10:21:14.7596,878.5,948.3,fixation
10:21:14.7601,878.6,949.7,fixation
10:21:14.7606,878.7,948.8,fixation
10:21:14.7611,878.7,948.0,fixation
10:21:14.7616,879.2,947.3,fixation
10:21:14.7621,879.7,947.1,fixation
10:21:14.7626,880.2,946.7,fixation
10:21:14.7631,880.0,946.3,fixation
10:21:14.7636,880.4,947.8,fixation
10:21:14.7641,880.6,949.6,fixation
10:21:14.7646,880.6,951.1,fixation
10:21:14.7651,880.2,950.6,fixation
10:21:14.7656,879.9,950.4,fixation
10:21:14.7661,879.8,950.5,fixation
10:21:14.7666,879.3,950.9,fixation
10:21:14.7671,878.8,951.0,fixation
10:21:14.7676,878.3,950.6,fixation
10:21:14.7681,878.2,950.0,fixation
10:21:14.7686,878.0,948.9,fixation
10:21:14.7691,877.2,948.4,fixation
10:21:14.7696,876.4,948.1,fixation
10:21:14.7701,876.4,949.3,fixation
10:21:14.7706,876.9,950.9,fixation
10:21:14.7711,877.5,952.3,fixation
10:21:14.7716,877.5,952.5,fixation
10:21:14.7721,877.6,952.6,fixation
10:21:14.7726,877.7,952.8,fixation
10:21:14.7731,877.5,953.6,fixation
10:21:14.7736,877.2,953.8,fixation
10:21:14.7741,877.1,953.9,fixation
10:21:14.7746,877.3,954.1,fixation
10:21:14.7751,877.3,952.4,fixation
10:21:14.7756,877.3,950.8,fixation
10:21:14.7761,877.3,949.1,fixation
10:21:14.7766,877.4,949.0,fixation
10:21:14.7771,877.5,948.9,fixation
10:21:14.7776,877.2,948.8,fixation
10:21:14.7781,876.9,948.9,fixation
10:21:14.7786,876.5,948.4,fixation
10:21:14.7791,876.6,947.9,fixation
10:21:14.7796,876.6,947.2,fixation
10:21:14.7801,876.6,947.0,fixation
10:21:14.7806,876.5,946.9,fixation
10:21:14.7811,876.4,947.0,fixation
10:21:14.7816,876.3,947.1,fixation
10:21:14.7821,876.7,947.3,fixation
10:21:14.7826,877.3,946.4,fixation
10:21:14.7831,877.9,945.3,fixation
10:21:14.7836,878.1,946.0,fixation
10:21:14.7841,877.3,947.5,fixation
10:21:14.7846,876.5,949.0,fixation
10:21:14.7851,875.5,949.1,fixation
10:21:14.7856,875.4,950.0,fixation
10:21:14.7861,875.4,951.1,fixation
10:21:14.7866,876.0,951.9,fixation
10:21:14.7871,876.5,951.3,fixation
10:21:14.7876,877.1,950.5,fixation
10:21:14.7881,877.2,949.6,fixation
10:21:14.7886,877.4,948.3,fixation
10:21:14.7891,877.5,946.9,fixation
10:21:14.7896,877.8,947.0,fixation
10:21:14.7901,878.0,948.4,fixation
10:21:14.7906,877.7,950.2,fixation
10:21:14.7911,877.2,951.3,fixation
10:21:14.7916,876.8,952.5,fixation
10:21:14.7921,876.4,953.3,fixation
10:21:14.7926,875.9,950.9,fixation
10:21:14.7931,875.4,948.5,fixation
10:21:14.7936,875.3,945.8,fixation
10:21:14.7941,876.0,945.6,fixation
10:21:14.7946,876.6,946.9,fixation
10:21:14.7951,876.8,948.5,fixation
10:21:14.7956,876.2,949.4,fixation
10:21:14.7961,876.1,949.1,fixation
10:21:14.7966,876.5,948.9,fixation
10:21:14.7971,876.9,947.9,fixation
10:21:14.7976,876.9,946.6,fixation
10:21:14.7981,876.5,946.5,fixation
10:21:14.7986,876.2,947.7,fixation
10:21:14.7991,876.2,948.9,fixation
10:21:14.7996,876.5,947.9,fixation
10:21:14.8001,876.7,946.8,fixation
10:21:14.8006,876.5,945.4,fixation
10:21:14.8011,876.4,945.2,fixation
10:21:14.8016,876.6,945.3,fixation
10:21:14.8021,877.0,946.0,fixation
10:21:14.8026,877.2,946.5,fixation
10:21:14.8031,877.2,946.8,fixation
10:21:14.8036,877.2,946.6,fixation
10:21:14.8041,878.1,945.2,fixation
10:21:14.8046,879.1,943.9,fixation
10:21:14.8051,878.6,942.5,fixation
10:21:14.8056,877.2,942.3,fixation
10:21:14.8061,875.8,942.2,fixation
10:21:14.8066,876.1,942.8,fixation
10:21:14.8071,876.7,943.4,fixation
10:21:14.8076,877.2,944.3,fixation
10:21:14.8081,877.6,944.8,fixation
10:21:14.8086,877.1,942.9,fixation
10:21:14.8091,876.6,940.5,fixation
10:21:14.8096,876.2,939.0,fixation
10:21:14.8101,876.4,939.9,fixation
10:21:14.8106,876.6,939.5,fixation
10:21:14.8111,876.8,938.2,fixation
10:21:14.8116,877.3,937.1,fixation
10:21:14.8121,877.2,937.6,fixation
10:21:14.8126,877.3,938.8,fixation
10:21:14.8131,877.0,939.7,fixation
10:21:14.8136,877.6,940.5,fixation
10:21:14.8141,877.9,940.6,fixation
10:21:14.8146,878.1,940.8,fixation
10:21:14.8151,877.9,941.1,fixation
10:21:14.8156,877.7,941.3,fixation
10:21:14.8161,877.5,941.5,fixation
10:21:14.8166,877.8,941.6,fixation
10:21:14.8171,878.3,941.5,fixation
10:21:14.8176,877.7,940.9,fixation
10:21:14.8181,876.6,940.3,fixation
10:21:14.8186,875.5,940.1,fixation
10:21:14.8191,876.2,940.5,fixation
10:21:14.8196,876.9,940.8,fixation
10:21:14.8201,877.7,942.6,fixation
10:21:14.8206,878.0,944.4,fixation
10:21:14.8211,878.3,945.8,fixation
10:21:14.8216,878.2,945.5,fixation
10:21:14.8221,878.0,945.2,fixation
10:21:14.8226,877.2,943.3,fixation
10:21:14.8231,876.4,941.4,fixation
10:21:14.8236,875.5,940.0,fixation
10:21:14.8241,875.9,940.9,fixation
10:21:14.8246,876.4,941.6,fixation
10:21:14.8251,876.9,941.8,fixation
10:21:14.8256,876.9,942.5,fixation
10:21:14.8261,877.2,943.3,fixation
10:21:14.8266,877.7,944.1,fixation
10:21:14.8271,877.8,944.1,fixation
10:21:14.8276,877.9,943.5,fixation
10:21:14.8281,877.7,943.0,fixation
10:21:14.8286,876.6,942.5,fixation
10:21:14.8291,875.6,942.6,fixation
10:21:14.8296,874.7,942.7,fixation
10:21:14.8301,875.5,943.1,fixation
10:21:14.8306,876.5,943.5,fixation
10:21:14.8311,877.4,943.9,fixation
10:21:14.8316,877.7,944.6,fixation
10:21:14.8321,877.8,945.0,fixation
10:21:14.8326,877.8,945.2,fixation
10:21:14.8331,877.3,944.2,fixation
10:21:14.8336,876.8,943.1,fixation
10:21:14.8341,876.4,942.3,fixation
10:21:14.8346,876.4,942.3,fixation
10:21:14.8351,876.6,942.7,fixation
10:21:14.8356,877.0,943.2,fixation
10:21:14.8361,877.4,943.3,fixation
10:21:14.8366,877.5,942.3,fixation
10:21:14.8371,877.5,941.3,fixation
10:21:14.8376,877.5,940.7,fixation
10:21:14.8381,877.1,941.9,fixation
10:21:14.8386,876.7,943.0,fixation
10:21:14.8391,876.4,943.6,fixation
10:21:14.8396,876.2,943.3,fixation
10:21:14.8401,876.0,942.1,fixation
10:21:14.8406,875.7,941.1,fixation
10:21:14.8411,875.5,941.2,fixation
10:21:14.8416,875.5,943.7,fixation
10:21:14.8421,875.5,946.0,fixation
10:21:14.8426,875.5,947.1,fixation
10:21:14.8431,875.4,945.5,fixation
10:21:14.8436,875.4,943.9,fixation
10:21:14.8441,876.0,943.1,fixation
10:21:14.8446,876.7,944.0,fixation
10:21:14.8451,877.4,945.7,fixation
10:21:14.8456,877.5,946.7,fixation
10:21:14.8461,877.5,946.7,fixation
10:21:14.8466,877.5,946.3,fixation
10:21:14.8471,877.4,945.8,fixation
10:21:14.8476,877.2,945.8,fixation
10:21:14.8481,877.0,945.8,fixation
10:21:14.8486,876.8,944.8,fixation
10:21:14.8491,876.7,943.8,fixation
10:21:14.8496,876.2,942.8,fixation
10:21:14.8501,875.7,944.4,fixation
10:21:14.8506,875.9,946.2,fixation
10:21:14.8511,876.6,946.7,fixation
10:21:14.8516,877.3,945.5,fixation
10:21:14.8521,877.4,945.0,fixation
10:21:14.8526,877.5,945.8,fixation
10:21:14.8531,877.5,946.8,fixation
10:21:14.8536,877.4,947.0,fixation
10:21:14.8541,877.4,947.3,fixation
10:21:14.8546,877.0,947.4,fixation
10:21:14.8551,876.7,947.9,fixation
10:21:14.8556,876.4,948.8,fixation
10:21:14.8561,876.4,949.7,fixation
10:21:14.8566,876.3,950.3,fixation
10:21:14.8571,876.1,950.5,fixation
10:21:14.8576,876.5,950.5,fixation
10:21:14.8581,877.0,949.3,fixation
10:21:14.8586,877.5,947.8,fixation
10:21:14.8591,877.5,946.5,fixation
10:21:14.8596,877.7,947.4,fixation
10:21:14.8601,877.8,948.6,fixation
10:21:14.8606,877.3,949.7,fixation
10:21:14.8611,876.6,950.9,fixation
10:21:14.8616,876.2,952.1,fixation
10:21:14.8621,876.8,951.4,fixation
10:21:14.8626,877.4,949.4,fixation
10:21:14.8631,877.8,947.5,fixation
10:21:14.8636,877.9,947.8,fixation
10:21:14.8641,877.7,948.0,fixation
10:21:14.8646,877.4,948.5,fixation
10:21:14.8651,877.1,949.2,fixation
10:21:14.8656,876.8,949.8,fixation
10:21:14.8661,876.7,950.2,fixation
10:21:14.8666,876.6,950.2,fixation
10:21:14.8671,876.8,950.8,fixation
10:21:14.8676,876.8,951.1,fixation
10:21:14.8681,877.2,951.3,fixation
10:21:14.8686,877.5,950.7,fixation
10:21:14.8691,877.9,950.2,fixation
10:21:14.8696,877.9,949.5,fixation
10:21:14.8701,877.8,949.2,fixation
10:21:14.8706,878.0,948.8,fixation
10:21:14.8711,878.4,948.6,fixation
10:21:14.8716,878.9,948.2,fixation
10:21:14.8721,879.2,947.6,fixation
10:21:14.8726,879.3,947.1,fixation
10:21:14.8731,879.3,948.8,fixation
10:21:14.8736,879.1,950.6,fixation
10:21:14.8741,877.9,952.0,fixation
10:21:14.8746,876.8,951.6,fixation
10:21:14.8751,876.3,951.3,fixation
10:21:14.8756,876.8,950.0,fixation
10:21:14.8761,877.4,948.7,fixation
10:21:14.8766,877.4,947.4,fixation
10:21:14.8771,877.5,947.6,fixation
10:21:14.8776,877.5,948.6,fixation
10:21:14.8781,877.6,949.5,fixation
10:21:14.8786,877.8,949.3,fixation
10:21:14.8791,878.0,949.5,fixation
10:21:14.8796,878.1,949.6,fixation
10:21:14.8801,878.2,950.5,fixation
10:21:14.8806,878.3,949.9,fixation
10:21:14.8811,878.2,949.2,fixation
10:21:14.8816,877.8,948.7,fixation
10:21:14.8821,877.5,948.0,fixation
10:21:14.8826,877.5,947.5,fixation
10:21:14.8831,877.4,946.6,fixation
10:21:14.8836,876.6,946.1,fixation
10:21:14.8841,875.8,947.2,fixation
10:21:14.8846,874.9,948.7,fixation
10:21:14.8851,874.7,949.3,fixation
10:21:14.8856,874.7,948.0,fixation
10:21:14.8861,875.5,946.9,fixation
10:21:14.8866,876.3,946.9,fixation
10:21:14.8871,876.5,947.1,fixation
10:21:14.8876,875.7,946.1,fixation
10:21:14.8881,874.9,944.9,fixation
10:21:14.8886,874.5,944.8,fixation
10:21:14.8891,874.5,947.0,fixation
10:21:14.8896,874.7,949.2,fixation
10:21:14.8901,874.9,950.3,fixation
10:21:14.8906,874.7,950.2,fixation
10:21:14.8911,874.5,948.9,fixation
10:21:14.8916,874.4,947.6,fixation
10:21:14.8921,874.4,946.7,fixation
10:21:14.8926,875.0,948.7,fixation
10:21:14.8931,875.5,950.7,fixation
10:21:14.8936,875.8,952.3,fixation
10:21:14.8941,875.8,952.1,fixation
10:21:14.8946,875.8,951.8,fixation
10:21:14.8951,875.7,951.8,fixation
10:21:14.8956,875.5,951.8,fixation
10:21:14.8961,875.0,951.8,fixation
10:21:14.8966,874.4,951.3,fixation
10:21:14.8971,873.8,950.8,fixation
10:21:14.8976,873.9,950.3,fixation
10:21:14.8981,874.2,950.0,fixation
10:21:14.8986,874.5,949.8,fixation
10:21:14.8991,874.5,950.0,fixation
10:21:14.8996,874.7,950.7,fixation
10:21:14.9001,874.8,950.6,fixation
10:21:14.9006,874.8,949.9,fixation
10:21:14.9011,875.0,949.3,fixation
10:21:14.9016,875.4,951.5,fixation
10:21:14.9021,875.1,953.5,fixation
10:21:14.9026,874.6,956.0,fixation
10:21:14.9031,874.4,956.5,fixation
10:21:14.9036,874.7,955.5,fixation
10:21:14.9041,874.8,953.8,fixation
10:21:14.9046,874.4,952.0,fixation
10:21:14.9051,874.0,951.5,fixation
10:21:14.9056,874.0,951.3,fixation
10:21:14.9061,874.1,952.2,fixation
10:21:14.9066,874.0,953.4,fixation
10:21:14.9071,873.7,954.0,fixation
10:21:14.9076,873.4,953.5,fixation
10:21:14.9081,873.4,953.0,fixation
10:21:14.9086,873.5,953.0,fixation
10:21:14.9091,873.8,952.8,fixation
10:21:14.9096,873.9,952.5,fixation
10:21:14.9101,874.1,952.1,fixation
10:21:14.9106,873.8,951.9,fixation
10:21:14.9111,873.7,951.8,fixation
10:21:14.9116,873.5,951.8,fixation
10:21:14.9121,873.5,950.5,fixation
10:21:14.9126,873.4,949.4,fixation
10:21:14.9131,873.3,948.5,fixation
10:21:14.9136,873.3,949.8,fixation
10:21:14.9141,873.4,951.0,fixation
10:21:14.9146,873.7,951.9,fixation
10:21:14.9151,874.1,952.0,fixation
10:21:14.9156,874.4,952.0,fixation
10:21:14.9161,874.5,951.1,fixation
10:21:14.9166,874.5,950.2,fixation
10:21:14.9171,874.5,949.3,fixation
10:21:14.9176,874.5,948.3,fixation
10:21:14.9181,874.5,947.4,fixation
10:21:14.9186,874.5,948.6,fixation
10:21:14.9191,874.5,950.6,fixation
10:21:14.9196,874.5,952.4,fixation
10:21:14.9201,874.8,951.1,fixation
10:21:14.9206,875.2,950.1,fixation
10:21:14.9211,875.2,949.5,fixation
10:21:14.9216,874.9,949.9,fixation
10:21:14.9221,874.6,950.4,fixation
10:21:14.9226,874.8,950.8,fixation
10:21:14.9231,874.9,950.8,fixation
10:21:14.9236,874.9,950.5,fixation
10:21:14.9241,874.7,950.3,fixation
10:21:14.9246,874.5,950.3,fixation
10:21:14.9251,874.7,950.6,fixation
10:21:14.9256,874.3,950.7,fixation
10:21:14.9261,873.9,950.7,fixation
10:21:14.9266,873.9,950.9,fixation
10:21:14.9271,874.3,951.2,fixation
10:21:14.9276,874.9,951.4,fixation
10:21:14.9281,875.0,950.9,fixation
10:21:14.9286,875.1,950.4,fixation
10:21:14.9291,875.1,949.9,fixation
10:21:14.9296,875.1,949.6,fixation
10:21:14.9301,875.2,949.6,fixation
10:21:14.9306,874.4,948.6,fixation
10:21:14.9311,873.6,947.6,fixation
10:21:14.9316,872.8,946.6,fixation
10:21:14.9321,872.9,946.8,fixation
10:21:14.9326,873.2,947.3,fixation
10:21:14.9331,873.4,947.6,fixation
10:21:14.9336,873.6,947.8,fixation
10:21:14.9341,873.3,947.9,fixation
10:21:14.9346,873.0,948.0,fixation
10:21:14.9351,872.6,948.1,fixation
10:21:14.9356,872.5,948.0,fixation
10:21:14.9361,872.5,948.1,fixation
10:21:14.9366,872.7,948.2,fixation
10:21:14.9371,872.8,948.3,fixation
10:21:14.9376,872.9,948.1,fixation
10:21:14.9381,872.9,947.6,fixation
10:21:14.9386,873.4,947.2,fixation
10:21:14.9391,874.1,947.2,fixation
10:21:14.9396,874.6,947.3,fixation
10:21:14.9401,874.6,947.6,fixation
10:21:14.9406,874.5,947.8,fixation
10:21:14.9411,874.5,948.4,fixation
10:21:14.9416,875.0,949.0,fixation
10:21:14.9421,875.4,949.6,fixation
10:21:14.9426,875.8,949.6,fixation
10:21:14.9431,875.8,949.3,fixation
10:21:14.9436,875.7,948.9,fixation
10:21:14.9441,875.7,948.9,fixation
10:21:14.9446,875.9,948.9,fixation
10:21:14.9451,876.2,948.9,fixation
10:21:14.9456,875.8,950.0,fixation
10:21:14.9461,875.3,951.2,fixation
10:21:14.9466,874.8,950.5,fixation
10:21:14.9471,874.8,948.6,fixation
10:21:14.9476,874.8,947.1,fixation
10:21:14.9481,874.7,947.7,fixation
10:21:14.9486,874.9,948.3,fixation
10:21:14.9491,874.9,948.6,fixation
10:21:14.9496,874.7,948.5,fixation
10:21:14.9501,874.2,949.1,fixation
10:21:14.9506,874.3,950.4,fixation
10:21:14.9511,874.4,951.7,fixation
10:21:14.9516,874.6,952.5,fixation
10:21:14.9521,874.6,952.7,fixation
10:21:14.9526,875.4,952.6,fixation
10:21:14.9531,876.2,952.3,fixation
10:21:14.9536,876.0,951.9,fixation
10:21:14.9541,875.0,951.3,fixation
10:21:14.9546,874.3,950.2,fixation
10:21:14.9551,874.6,949.1,fixation
10:21:14.9556,875.0,948.7,fixation
10:21:14.9561,874.8,948.7,fixation
10:21:14.9566,874.7,949.0,fixation
10:21:14.9571,874.6,949.0,fixation
10:21:14.9576,874.8,949.4,fixation
10:21:14.9581,875.3,949.8,fixation
10:21:14.9586,875.6,949.3,fixation
10:21:14.9591,875.3,949.1,fixation
10:21:14.9596,874.8,948.8,fixation
10:21:14.9601,874.4,949.8,fixation
10:21:14.9606,874.6,950.2,fixation
10:21:14.9611,874.7,948.3,fixation
10:21:14.9616,874.4,945.9,fixation
10:21:14.9621,874.2,945.3,fixation
10:21:14.9626,874.1,947.1,fixation
10:21:14.9631,874.1,947.9,fixation
10:21:14.9636,874.1,947.0,fixation
10:21:14.9641,874.1,946.3,fixation
10:21:14.9646,873.8,946.4,fixation
10:21:14.9651,873.4,945.9,fixation
10:21:14.9656,873.0,945.2,fixation
10:21:14.9661,872.9,944.7,fixation
10:21:14.9666,872.8,944.9,fixation
10:21:14.9671,873.0,945.3,fixation
10:21:14.9676,873.3,947.2,fixation
10:21:14.9681,873.3,949.0,fixation
10:21:14.9686,873.2,951.0,fixation
10:21:14.9691,873.1,951.1,fixation
10:21:14.9696,873.3,950.9,fixation
10:21:14.9701,873.6,951.1,fixation
10:21:14.9706,874.2,951.3,fixation
10:21:14.9711,874.7,951.9,fixation
10:21:14.9716,875.1,951.8,fixation
10:21:14.9721,875.0,951.8,fixation
10:21:14.9726,874.9,951.9,fixation
10:21:14.9731,875.1,952.2,fixation
10:21:14.9736,875.4,952.7,fixation
10:21:14.9741,875.7,953.7,fixation
10:21:14.9746,875.8,953.7,fixation
10:21:14.9751,875.8,952.7,fixation
10:21:14.9756,875.9,951.1,fixation
10:21:14.9761,876.0,952.2,fixation
10:21:14.9766,876.1,954.1,fixation
10:21:14.9771,876.2,955.8,fixation
10:21:14.9776,876.3,955.6,fixation
10:21:14.9781,876.3,955.1,fixation
10:21:14.9786,876.0,954.3,fixation
10:21:14.9791,875.7,953.5,fixation
10:21:14.9796,875.6,956.1,fixation
10:21:14.9801,875.6,959.0,fixation
10:21:14.9806,875.6,960.4,fixation
10:21:14.9811,875.4,958.9,fixation
10:21:14.9816,875.2,957.3,fixation
10:21:14.9821,875.1,957.2,fixation
10:21:14.9826,875.2,957.1,fixation
10:21:14.9831,875.3,956.4,fixation
10:21:14.9836,875.4,955.7,fixation
10:21:14.9841,875.5,956.5,fixation
10:21:14.9846,875.5,958.1,fixation
10:21:14.9851,875.3,959.4,fixation
10:21:14.9856,875.0,959.1,fixation
10:21:14.9861,874.9,958.8,fixation
10:21:14.9866,874.8,958.7,fixation
10:21:14.9871,874.7,958.5,fixation
10:21:14.9876,874.5,957.9,fixation
10:21:14.9881,873.7,957.2,fixation
10:21:14.9886,872.9,955.6,fixation
10:21:14.9891,872.4,954.3,fixation
10:21:14.9896,872.5,953.3,fixation
10:21:14.9901,872.7,953.3,fixation
10:21:14.9906,872.7,952.5,fixation
10:21:14.9911,872.7,951.7,fixation
10:21:14.9916,872.7,951.4,fixation
10:21:14.9921,872.6,952.2,fixation
10:21:14.9926,872.6,953.1,fixation
10:21:14.9931,872.6,953.6,fixation
10:21:14.9936,872.6,954.0,fixation
10:21:14.9941,872.6,954.3,fixation
10:21:14.9946,872.5,954.9,fixation
10:21:14.9951,872.3,955.1,fixation
10:21:14.9956,872.2,955.1,fixation
10:21:14.9961,872.2,954.9,fixation
10:21:14.9966,872.3,954.7,fixation
10:21:14.9971,872.4,954.7,fixation
10:21:14.9976,872.8,954.9,fixation
10:21:14.9981,873.2,955.1,fixation
10:21:14.9986,873.5,954.9,fixation
10:21:14.9991,873.5,954.4,fixation
10:21:14.9996,873.5,954.2,fixation
10:21:15.0001,873.5,954.6,fixation
10:21:15.0006,873.5,955.2,fixation
10:21:15.0011,873.5,955.4,fixation
10:21:15.0016,873.6,955.3,fixation
10:21:15.0021,873.6,954.3,fixation
10:21:15.0026,873.6,953.5,fixation
10:21:15.0031,873.1,952.8,fixation
10:21:15.0036,872.5,952.8,fixation
10:21:15.0041,872.7,952.5,fixation
10:21:15.0046,873.6,952.0,fixation
10:21:15.0051,874.5,951.3,fixation
10:21:15.0056,874.8,951.0,fixation
10:21:15.0061,874.6,950.6,fixation
10:21:15.0066,874.3,949.9,fixation
10:21:15.0071,873.8,949.5,fixation
10:21:15.0076,873.5,949.6,fixation
10:21:15.0081,873.6,950.3,fixation
10:21:15.0086,873.9,950.7,fixation
10:21:15.0091,874.1,950.9,fixation
10:21:15.0096,874.1,951.2,fixation
10:21:15.0101,874.1,951.6,fixation
10:21:15.0106,874.4,952.1,fixation
10:21:15.0111,874.7,952.1,fixation
10:21:15.0116,874.9,951.9,fixation
10:21:15.0121,874.9,951.6,fixation
10:21:15.0126,874.9,952.2,fixation
10:21:15.0131,874.7,953.1,fixation
10:21:15.0136,873.9,952.6,fixation
10:21:15.0141,873.1,951.6,fixation
10:21:15.0146,873.4,950.6,fixation
10:21:15.0151,874.1,951.0,fixation
10:21:15.0156,874.8,952.4,fixation
10:21:15.0161,874.8,953.9,fixation
10:21:15.0166,874.8,954.6,fixation
10:21:15.0171,874.6,953.9,fixation
10:21:15.0176,874.3,953.3,fixation
10:21:15.0181,874.1,953.3,fixation
10:21:15.0186,873.9,953.3,fixation
10:21:15.0191,873.6,953.1,fixation
10:21:15.0196,873.4,952.5,fixation
10:21:15.0201,873.5,952.0,fixation
10:21:15.0206,873.7,952.7,fixation
10:21:15.0211,874.0,954.5,fixation
10:21:15.0216,874.2,956.3,fixation
10:21:15.0221,874.4,957.2,fixation
10:21:15.0226,874.3,957.6,fixation
10:21:15.0231,874.1,958.0,fixation
10:21:15.0236,873.7,958.0,fixation
10:21:15.0241,873.3,958.1,fixation
10:21:15.0246,872.9,958.0,fixation
10:21:15.0251,872.6,957.8,fixation
10:21:15.0256,872.8,957.5,fixation
10:21:15.0261,873.0,957.4,fixation
10:21:15.0266,872.4,957.2,fixation
10:21:15.0271,871.7,957.1,fixation
10:21:15.0276,871.5,956.5,fixation
10:21:15.0281,872.1,956.0,fixation
10:21:15.0286,872.6,955.6,fixation
10:21:15.0291,872.6,955.9,fixation
10:21:15.0296,872.4,956.4,fixation
10:21:15.0301,872.1,956.8,fixation
10:21:15.0306,871.8,957.0,fixation
10:21:15.0311,871.6,956.9,fixation
10:21:15.0316,871.5,956.8,fixation
10:21:15.0321,871.4,956.6,fixation
10:21:15.0326,871.4,956.3,fixation
10:21:15.0331,871.6,956.1,fixation
10:21:15.0336,871.8,955.9,fixation
10:21:15.0341,872.1,957.5,fixation
10:21:15.0346,872.1,959.3,fixation
10:21:15.0351,872.2,958.9,fixation
10:21:15.0356,872.4,956.7,fixation
10:21:15.0361,872.6,956.9,fixation
10:21:15.0366,873.0,959.3,fixation
10:21:15.0371,873.4,961.6,fixation
10:21:15.0376,873.9,961.5,fixation
10:21:15.0381,874.2,961.3,fixation
10:21:15.0386,874.4,961.9,fixation
10:21:15.0391,874.4,963.2,fixation
10:21:15.0396,874.4,964.6,fixation
10:21:15.0401,874.5,965.0,fixation
10:21:15.0406,874.6,964.6,fixation
10:21:15.0411,874.3,962.8,fixation
10:21:15.0416,874.0,961.3,fixation
10:21:15.0421,873.8,960.2,fixation
10:21:15.0426,873.9,960.4,fixation
10:21:15.0431,874.1,960.9,fixation
10:21:15.0436,874.5,961.4,fixation
10:21:15.0441,875.0,961.8,fixation
10:21:15.0446,875.4,961.7,fixation
10:21:15.0451,875.5,961.6,fixation
10:21:15.0456,875.5,961.7,fixation
10:21:15.0461,875.0,961.8,fixation
10:21:15.0466,874.8,960.9,fixation
10:21:15.0471,874.6,959.8,fixation
10:21:15.0476,874.9,958.7,fixation
10:21:15.0481,874.7,958.7,fixation
10:21:15.0486,874.1,958.8,fixation
10:21:15.0491,873.5,958.7,fixation
10:21:15.0496,873.3,958.4,fixation
10:21:15.0501,873.3,957.7,fixation
10:21:15.0506,873.2,957.3,fixation
10:21:15.0511,873.2,957.4,fixation
10:21:15.0516,873.2,958.1,fixation
10:21:15.0521,873.0,958.7,fixation
10:21:15.0526,872.5,959.4,fixation
10:21:15.0531,872.0,959.9,fixation
10:21:15.0536,872.4,960.6,fixation
10:21:15.0541,873.1,959.1,fixation
10:21:15.0546,873.8,957.5,fixation
10:21:15.0551,873.9,956.1,fixation
10:21:15.0556,874.0,956.1,fixation
10:21:15.0561,873.6,955.8,fixation
10:21:15.0566,873.4,955.4,fixation
10:21:15.0571,873.1,955.3,fixation
10:21:15.0576,873.0,955.2,fixation
10:21:15.0581,872.9,954.8,fixation
10:21:15.0586,872.8,954.2,fixation
10:21:15.0591,872.8,954.0,fixation
10:21:15.0596,873.2,954.8,fixation
10:21:15.0601,873.5,955.5,fixation
10:21:15.0606,873.6,955.6,fixation
10:21:15.0611,873.4,954.7,fixation
10:21:15.0616,873.2,953.9,fixation
10:21:15.0621,873.3,953.5,fixation
10:21:15.0626,873.4,953.6,fixation
10:21:15.0631,873.3,953.3,fixation
10:21:15.0636,873.2,952.6,fixation
10:21:15.0641,873.1,950.6,fixation
10:21:15.0646,873.0,948.8,fixation
10:21:15.0651,873.0,948.5,fixation
10:21:15.0656,872.6,949.6,fixation
10:21:15.0661,872.3,950.7,fixation
10:21:15.0666,872.0,951.7,fixation
10:21:15.0671,872.1,952.9,fixation
10:21:15.0676,872.1,952.3,fixation
10:21:15.0681,872.4,950.7,fixation
10:21:15.0686,872.9,950.4,fixation
10:21:15.0691,873.4,951.9,fixation
10:21:15.0696,873.6,954.2,fixation
10:21:15.0701,873.7,955.1,fixation
10:21:15.0706,873.5,955.6,fixation
10:21:15.0711,873.3,955.0,fixation
10:21:15.0716,873.2,954.4,fixation
10:21:15.0721,873.2,953.1,fixation
10:21:15.0726,873.1,952.0,fixation
10:21:15.0731,873.1,952.6,fixation
10:21:15.0736,873.1,954.3,fixation
10:21:15.0741,873.2,954.1,fixation
10:21:15.0746,873.2,952.5,fixation
10:21:15.0751,872.9,951.1,fixation
10:21:15.0756,872.7,952.3,fixation
10:21:15.0761,872.1,953.1,fixation
10:21:15.0766,871.5,953.7,fixation
10:21:15.0771,870.9,953.8,fixation
10:21:15.0776,871.0,954.2,fixation
10:21:15.0781,871.4,954.5,fixation
10:21:15.0786,871.8,954.1,fixation
10:21:15.0791,871.9,953.3,fixation
10:21:15.0796,871.9,952.5,fixation
10:21:15.0801,871.9,952.5,fixation
10:21:15.0806,872.0,952.5,fixation
10:21:15.0811,872.0,952.7,fixation
10:21:15.0816,871.9,953.0,fixation
10:21:15.0821,871.7,953.3,fixation
10:21:15.0826,871.6,953.4,fixation
10:21:15.0831,871.2,952.8,fixation
10:21:15.0836,870.9,951.9,fixation
10:21:15.0841,871.0,951.1,fixation
10:21:15.0846,871.8,952.0,fixation
10:21:15.0851,872.5,953.1,fixation
10:21:15.0856,872.7,954.1,fixation
10:21:15.0861,872.5,954.6,fixation
10:21:15.0866,872.2,955.6,fixation
10:21:15.0871,872.2,956.2,fixation
10:21:15.0876,872.1,955.9,fixation
10:21:15.0881,872.1,955.2,fixation
10:21:15.0886,872.0,955.8,fixation
10:21:15.0891,871.8,956.7,fixation
10:21:15.0896,871.8,957.7,fixation
10:21:15.0901,871.7,956.1,fixation
10:21:15.0906,871.4,954.0,fixation
10:21:15.0911,870.5,951.4,fixation
10:21:15.0916,869.7,950.4,fixation
10:21:15.0921,869.6,950.6,fixation
10:21:15.0926,870.0,951.9,fixation
10:21:15.0931,870.4,952.5,fixation
10:21:15.0936,870.5,951.9,fixation
10:21:15.0941,870.1,950.6,fixation
10:21:15.0946,869.7,952.5,fixation
10:21:15.0951,869.7,955.1,fixation
10:21:15.0956,870.5,957.8,fixation
10:21:15.0961,871.1,956.7,fixation
10:21:15.0966,871.3,955.4,fixation
10:21:15.0971,871.0,953.8,fixation
10:21:15.0976,870.6,953.1,fixation
10:21:15.0981,870.4,952.5,fixation
10:21:15.0986,870.3,952.8,fixation
10:21:15.0991,870.3,954.4,fixation
10:21:15.0996,871.0,956.1,fixation
10:21:15.1001,871.4,955.9,fixation
10:21:15.1006,871.6,954.7,fixation
10:21:15.1011,871.1,953.0,fixation
10:21:15.1016,870.9,952.6,fixation
10:21:15.1021,870.9,952.4,fixation
10:21:15.1026,871.8,952.9,fixation
10:21:15.1031,872.6,953.5,fixation
10:21:15.1036,873.4,954.0,fixation
10:21:15.1041,873.3,955.2,fixation
10:21:15.1046,873.2,956.3,fixation
10:21:15.1051,873.8,957.3,fixation
10:21:15.1056,874.4,957.3,fixation
10:21:15.1061,874.3,957.3,fixation
10:21:15.1066,873.6,956.9,fixation
10:21:15.1071,872.4,956.6,fixation
10:21:15.1076,872.0,956.0,fixation
10:21:15.1081,871.1,955.3,fixation
10:21:15.1086,870.6,954.8,fixation
10:21:15.1091,870.2,955.4,fixation
10:21:15.1096,870.3,956.3,fixation
10:21:15.1101,870.4,958.1,fixation
10:21:15.1106,870.5,959.0,fixation
10:21:15.1111,870.4,957.6,fixation
10:21:15.1116,870.3,954.7,fixation
10:21:15.1121,870.2,951.9,fixation
10:21:15.1126,870.3,952.7,fixation
10:21:15.1131,870.5,953.9,fixation
10:21:15.1136,871.0,955.5,fixation
10:21:15.1141,871.4,956.1,fixation
10:21:15.1146,871.8,956.6,fixation
10:21:15.1151,871.9,957.6,fixation
10:21:15.1156,871.8,958.5,fixation
10:21:15.1161,871.6,958.1,fixation
10:21:15.1166,871.3,956.9,fixation
10:21:15.1171,871.2,955.7,fixation
10:21:15.1176,871.1,955.6,fixation
10:21:15.1181,871.2,955.6,fixation
10:21:15.1186,871.4,955.6,fixation
10:21:15.1191,870.7,955.2,fixation
10:21:15.1196,869.8,954.2,fixation
10:21:15.1201,868.9,953.2,fixation
10:21:15.1206,868.7,952.5,fixation
10:21:15.1211,868.5,952.1,fixation
10:21:15.1216,868.8,952.9,fixation
10:21:15.1221,869.2,954.1,fixation
10:21:15.1226,870.4,955.4,fixation
10:21:15.1231,871.3,956.6,fixation
10:21:15.1236,872.1,957.7,fixation
10:21:15.1241,872.1,958.6,fixation
10:21:15.1246,872.4,958.6,fixation
10:21:15.1251,872.7,958.4,fixation
10:21:15.1256,872.2,958.1,fixation
10:21:15.1261,871.4,957.7,fixation
10:21:15.1266,870.6,957.6,fixation
10:21:15.1271,870.9,959.0,fixation
10:21:15.1276,871.2,960.4,fixation
10:21:15.1281,871.4,960.4,fixation
10:21:15.1286,871.4,959.0,fixation
10:21:15.1291,871.4,957.1,fixation
10:21:15.1296,871.5,956.6,fixation
10:21:15.1301,871.7,956.9,fixation
10:21:15.1306,871.7,957.8,fixation
10:21:15.1311,871.7,957.2,fixation
10:21:15.1316,871.6,955.3,fixation
10:21:15.1321,871.4,953.4,fixation
10:21:15.1326,871.3,953.1,fixation
10:21:15.1331,871.2,953.5,fixation
10:21:15.1336,871.3,953.7,fixation
10:21:15.1341,871.1,953.7,fixation
10:21:15.1346,871.0,953.5,fixation
10:21:15.1351,871.0,953.5,fixation
10:21:15.1356,871.5,954.2,fixation
10:21:15.1361,871.9,954.9,fixation
10:21:15.1366,871.9,955.5,fixation
10:21:15.1371,871.7,955.1,fixation
10:21:15.1376,871.5,954.6,fixation
10:21:15.1381,871.4,953.9,fixation
10:21:15.1386,871.2,953.6,fixation
10:21:15.1391,871.0,953.9,fixation
10:21:15.1396,870.5,955.0,fixation
10:21:15.1401,870.2,956.2,fixation
10:21:15.1406,869.8,956.7,fixation
10:21:15.1411,869.8,956.3,fixation
10:21:15.1416,869.7,956.1,fixation
10:21:15.1421,869.4,956.0,fixation
10:21:15.1426,868.8,956.3,fixation
10:21:15.1431,868.0,956.4,fixation
10:21:15.1436,867.2,956.3,fixation
10:21:15.1441,867.6,956.3,fixation
10:21:15.1446,868.5,957.2,fixation
10:21:15.1451,869.4,958.0,fixation
10:21:15.1456,869.6,958.0,fixation
10:21:15.1461,869.8,957.3,fixation
10:21:15.1466,869.9,956.3,fixation
10:21:15.1471,870.0,955.7,fixation
10:21:15.1476,869.7,955.0,fixation
10:21:15.1481,869.3,954.9,fixation
10:21:15.1486,868.8,954.7,fixation
10:21:15.1491,868.4,954.4,fixation
10:21:15.1496,868.2,954.7,fixation
10:21:15.1501,868.2,955.4,fixation
10:21:15.1506,868.4,956.2,fixation
10:21:15.1511,868.4,956.3,fixation
10:21:15.1516,868.4,956.2,fixation
10:21:15.1521,869.0,956.2,fixation
10:21:15.1526,869.8,956.3,fixation
10:21:15.1531,870.7,956.5,fixation
10:21:15.1536,870.7,956.5,fixation
10:21:15.1541,870.4,955.9,fixation
10:21:15.1546,870.6,955.4,fixation
10:21:15.1551,871.1,955.7,fixation
10:21:15.1556,871.3,957.1,fixation
10:21:15.1561,870.9,958.4,fixation
10:21:15.1566,870.6,959.1,fixation
10:21:15.1571,870.6,959.1,fixation
10:21:15.1576,870.7,959.1,fixation
10:21:15.1581,870.2,958.8,fixation
10:21:15.1586,869.7,958.7,fixation
10:21:15.1591,869.0,958.6,fixation
10:21:15.1596,868.9,958.7,fixation
10:21:15.1601,868.8,958.6,fixation
10:21:15.1606,868.8,958.6,fixation
10:21:15.1611,868.8,957.9,fixation
10:21:15.1616,868.8,957.3,fixation
10:21:15.1621,869.0,956.8,fixation
10:21:15.1626,869.4,957.1,fixation
10:21:15.1631,869.8,957.4,fixation
10:21:15.1636,870.2,957.3,fixation
10:21:15.1641,870.4,957.5,fixation
10:21:15.1646,870.2,957.8,fixation
10:21:15.1651,869.7,958.1,fixation
10:21:15.1656,869.2,957.5,fixation
10:21:15.1661,869.0,957.0,fixation
10:21:15.1666,869.2,956.5,fixation
10:21:15.1671,869.4,956.6,fixation
10:21:15.1676,869.6,957.4,fixation
10:21:15.1681,869.6,958.1,fixation
10:21:15.1686,869.8,959.0,fixation
10:21:15.1691,870.0,959.2,fixation
10:21:15.1696,870.1,958.8,fixation
10:21:15.1701,869.8,958.2,fixation
10:21:15.1706,869.5,958.3,fixation
10:21:15.1711,869.0,959.0,fixation
10:21:15.1716,868.9,959.7,fixation
10:21:15.1721,868.8,959.4,fixation
10:21:15.1726,868.9,958.8,fixation
10:21:15.1731,868.8,957.7,fixation
10:21:15.1736,868.8,957.0,fixation
10:21:15.1741,868.8,956.5,fixation
10:21:15.1746,868.3,956.6,fixation
10:21:15.1751,868.0,956.8,fixation
10:21:15.1756,867.6,957.0,fixation
10:21:15.1761,867.5,956.2,fixation
10:21:15.1766,866.6,955.0,fixation
10:21:15.1771,865.8,954.3,fixation
10:21:15.1776,866.1,954.8,fixation
10:21:15.1781,866.9,956.7,fixation
10:21:15.1786,867.5,958.1,fixation
10:21:15.1791,867.0,959.5,fixation
10:21:15.1796,866.6,959.4,fixation
10:21:15.1801,866.4,959.8,fixation
10:21:15.1806,866.2,960.2,fixation
10:21:15.1811,866.0,960.6,fixation
10:21:15.1816,866.3,960.8,fixation
10:21:15.1821,866.9,960.6,fixation
10:21:15.1826,867.5,959.3,fixation
10:21:15.1831,867.4,957.8,fixation
10:21:15.1836,867.4,956.7,fixation
10:21:15.1841,867.4,956.9,fixation
10:21:15.1846,867.2,957.3,fixation
10:21:15.1851,867.0,958.2,fixation
10:21:15.1856,866.9,959.8,fixation
10:21:15.1861,867.0,961.3,fixation
10:21:15.1866,867.0,960.4,fixation
10:21:15.1871,867.0,958.7,fixation
10:21:15.1876,867.1,957.0,fixation
10:21:15.1881,867.2,957.5,fixation
10:21:15.1886,867.6,958.1,fixation
10:21:15.1891,867.9,958.7,fixation
10:21:15.1896,868.1,959.9,fixation
10:21:15.1901,867.9,961.0,fixation
10:21:15.1906,867.7,961.1,fixation
10:21:15.1911,867.2,960.1,fixation
10:21:15.1916,866.8,959.0,fixation
10:21:15.1921,867.0,959.0,fixation
10:21:15.1926,867.2,959.1,fixation
10:21:15.1931,867.3,959.2,fixation
10:21:15.1936,867.3,960.9,fixation
10:21:15.1941,867.4,962.5,fixation
10:21:15.1946,867.4,963.8,fixation
10:21:15.1951,867.3,961.7,fixation
10:21:15.1956,867.3,959.6,fixation
10:21:15.1961,867.4,959.2,fixation
10:21:15.1966,867.5,960.6,fixation
10:21:15.1971,867.7,962.1,fixation
10:21:15.1976,867.6,962.2,fixation
10:21:15.1981,867.6,962.3,fixation
10:21:15.1986,867.5,962.3,fixation
10:21:15.1991,868.1,962.3,fixation
10:21:15.1996,868.6,962.3,fixation
10:21:15.2001,869.1,962.4,fixation
10:21:15.2006,868.8,962.5,fixation
10:21:15.2011,868.5,962.6,fixation
10:21:15.2016,868.2,961.0,fixation
10:21:15.2021,868.2,959.4,fixation
10:21:15.2026,868.6,959.4,fixation
10:21:15.2031,869.3,961.0,fixation
10:21:15.2036,869.9,962.9,fixation
10:21:15.2041,870.0,963.2,fixation
10:21:15.2046,870.0,963.5,fixation
10:21:15.2051,869.9,963.5,fixation
10:21:15.2056,870.2,962.8,fixation
10:21:15.2061,870.4,962.1,fixation
10:21:15.2066,870.2,961.3,fixation
10:21:15.2071,869.8,961.6,fixation
10:21:15.2076,869.4,961.9,fixation
10:21:15.2081,869.2,962.2,fixation
10:21:15.2086,869.1,962.2,fixation
10:21:15.2091,868.9,962.3,fixation
10:21:15.2096,868.0,962.1,fixation
10:21:15.2101,867.1,961.9,fixation
10:21:15.2106,866.1,961.5,fixation
10:21:15.2111,866.0,961.3,fixation
10:21:15.2116,867.1,961.4,fixation
10:21:15.2121,868.3,961.7,fixation
10:21:15.2126,869.7,960.9,fixation
10:21:15.2131,869.9,959.7,fixation
10:21:15.2136,869.6,958.6,fixation
10:21:15.2141,869.2,958.6,fixation
10:21:15.2146,869.0,958.6,fixation
10:21:15.2151,869.2,959.1,fixation
10:21:15.2156,868.7,959.6,fixation
10:21:15.2161,868.0,960.0,fixation
10:21:15.2166,867.4,960.0,fixation
10:21:15.2171,867.5,959.6,fixation
10:21:15.2176,867.5,959.2,fixation
10:21:15.2181,867.5,959.9,fixation
10:21:15.2186,867.2,961.1,fixation
10:21:15.2191,866.6,962.0,fixation
10:21:15.2196,866.1,962.0,fixation
10:21:15.2201,865.9,961.9,fixation
10:21:15.2206,865.9,962.0,fixation
10:21:15.2211,865.9,962.0,fixation
10:21:15.2216,865.3,962.2,fixation
10:21:15.2221,864.7,962.5,fixation
10:21:15.2226,864.1,962.9,fixation
10:21:15.2231,864.6,963.5,fixation
10:21:15.2236,865.2,964.2,fixation
10:21:15.2241,865.3,964.4,fixation
10:21:15.2246,864.7,961.9,fixation
10:21:15.2251,864.1,959.3,fixation
10:21:15.2256,863.9,957.5,fixation
10:21:15.2261,863.8,958.3,fixation
10:21:15.2266,864.0,960.6,fixation
10:21:15.2271,864.2,962.3,fixation
10:21:15.2276,864.9,963.4,fixation
10:21:15.2281,865.4,962.5,fixation
10:21:15.2286,865.3,961.6,fixation
10:21:15.2291,864.8,961.5,fixation
10:21:15.2296,864.4,961.8,fixation
10:21:15.2301,864.6,962.0,fixation
10:21:15.2306,865.1,961.8,fixation
10:21:15.2311,865.5,961.4,fixation
10:21:15.2316,865.8,961.0,fixation
10:21:15.2321,865.8,960.8,fixation
10:21:15.2326,865.6,960.7,fixation
10:21:15.2331,865.4,961.1,fixation
10:21:15.2336,865.2,961.5,fixation
10:21:15.2341,865.2,961.8,fixation
10:21:15.2346,865.5,962.3,fixation
10:21:15.2351,866.1,963.4,fixation
10:21:15.2356,866.5,964.6,fixation
10:21:15.2361,866.8,965.4,fixation
10:21:15.2366,866.9,965.6,fixation
10:21:15.2371,867.0,965.6,fixation
10:21:15.2376,867.3,965.4,fixation
10:21:15.2381,867.5,964.9,fixation
10:21:15.2386,866.7,964.6,fixation
10:21:15.2391,865.7,964.5,fixation
10:21:15.2396,865.7,964.6,fixation
10:21:15.2401,866.6,964.6,fixation
10:21:15.2406,867.4,964.5,fixation
10:21:15.2411,867.2,963.1,fixation
10:21:15.2416,867.1,961.9,fixation
10:21:15.2421,867.2,961.4,fixation
10:21:15.2426,866.6,961.5,fixation
10:21:15.2431,865.8,961.5,fixation
10:21:15.2436,865.2,961.5,fixation
10:21:15.2441,865.5,962.1,fixation
10:21:15.2446,865.9,963.5,fixation
10:21:15.2451,866.1,964.4,fixation
10:21:15.2456,866.0,964.0,fixation
10:21:15.2461,865.9,962.9,fixation
10:21:15.2466,866.0,961.8,fixation
10:21:15.2471,866.3,962.2,fixation
10:21:15.2476,866.6,962.5,fixation
10:21:15.2481,866.5,963.3,fixation
10:21:15.2486,866.3,964.2,fixation
10:21:15.2491,866.0,965.1,fixation
10:21:15.2496,866.0,964.5,fixation
10:21:15.2501,865.8,963.4,fixation
10:21:15.2506,865.3,962.3,fixation
10:21:15.2511,864.7,962.2,fixation
10:21:15.2516,864.2,961.9,fixation
10:21:15.2521,863.9,961.7,fixation
10:21:15.2526,863.7,961.3,fixation
10:21:15.2531,863.5,960.9,fixation
10:21:15.2536,863.2,960.7,fixation
10:21:15.2541,862.4,960.7,fixation
10:21:15.2546,861.5,959.3,fixation
10:21:15.2551,860.9,957.7,fixation
10:21:15.2556,860.8,958.7,fixation
10:21:15.2561,860.9,961.2,fixation
10:21:15.2566,860.8,963.7,fixation
10:21:15.2571,860.7,963.0,fixation
10:21:15.2576,860.7,962.4,fixation
10:21:15.2581,860.6,962.0,fixation
10:21:15.2586,860.6,962.3,fixation
10:21:15.2591,860.5,961.1,fixation
10:21:15.2596,861.0,959.9,fixation
10:21:15.2601,861.6,958.9,fixation
10:21:15.2606,862.2,959.2,fixation
10:21:15.2611,862.1,959.7,fixation
10:21:15.2616,861.9,960.2,fixation
10:21:15.2621,861.8,960.2,fixation
10:21:15.2626,861.9,959.5,fixation
10:21:15.2631,861.9,958.6,fixation
10:21:15.2636,862.5,958.4,fixation
10:21:15.2641,863.1,959.5,fixation
10:21:15.2646,863.6,961.0,fixation
10:21:15.2651,863.5,962.3,fixation
10:21:15.2656,863.2,962.0,saccade
10:21:15.2661,863.5,961.6,saccade
10:21:15.2666,864.0,961.5,saccade
10:21:15.2671,864.1,961.3,saccade
10:21:15.2676,863.8,961.0,saccade
10:21:15.2681,864.0,959.2,saccade
10:21:15.2686,865.0,957.6,saccade
10:21:15.2691,866.1,956.0,saccade
10:21:15.2696,867.1,956.2,saccade
10:21:15.2701,868.4,953.9,saccade
10:21:15.2706,869.5,951.5,saccade
10:21:15.2711,870.2,947.7,saccade
10:21:15.2716,871.4,946.5,saccade
10:21:15.2721,872.8,944.5,saccade
10:21:15.2726,874.4,943.9,saccade
10:21:15.2731,874.6,939.7,saccade
10:21:15.2736,875.0,934.7,saccade
10:21:15.2741,875.3,928.2,saccade
10:21:15.2746,875.4,922.5,saccade
10:21:15.2751,876.0,916.0,saccade
10:21:15.2756,876.5,910.9,saccade
10:21:15.2761,876.8,904.7,saccade
10:21:15.2766,876.6,898.6,saccade
10:21:15.2771,876.5,890.6,saccade
10:21:15.2776,876.7,886.3,saccade
10:21:15.2781,876.0,880.8,saccade
10:21:15.2786,875.0,874.8,saccade
10:21:15.2791,874.1,868.8,saccade
10:21:15.2796,874.0,863.2,saccade
10:21:15.2801,873.1,856.9,saccade
10:21:15.2806,872.2,850.8,saccade
10:21:15.2811,871.4,845.7,saccade
10:21:15.2816,871.3,842.3,saccade
10:21:15.2821,871.2,836.8,saccade
10:21:15.2826,871.2,832.5,saccade
10:21:15.2831,870.1,829.5,saccade
10:21:15.2836,869.0,828.7,saccade
10:21:15.2841,868.0,828.6,saccade
10:21:15.2846,868.0,828.0,saccade
10:21:15.2851,868.0,827.3,saccade
10:21:15.2856,868.3,826.9,saccade
10:21:15.2861,868.6,826.3,saccade
10:21:15.2866,868.9,826.0,saccade
10:21:15.2871,868.9,825.9,saccade
10:21:15.2876,868.9,826.2,saccade
10:21:15.2881,867.6,829.5,fixation
10:21:15.2886,866.9,831.7,fixation
10:21:15.2891,866.9,833.3,fixation
10:21:15.2896,867.1,833.4,fixation
10:21:15.2901,866.2,834.0,fixation
10:21:15.2906,865.2,836.4,fixation
10:21:15.2911,864.2,838.7,fixation
10:21:15.2916,864.1,842.6,fixation
10:21:15.2921,863.7,844.6,fixation
10:21:15.2926,863.4,845.6,fixation
10:21:15.2931,863.2,844.6,fixation
10:21:15.2936,863.2,843.6,fixation
10:21:15.2941,862.3,843.3,fixation
10:21:15.2946,861.4,843.1,fixation
10:21:15.2951,860.4,843.0,fixation
10:21:15.2956,860.0,843.0,fixation
10:21:15.2961,859.7,842.8,fixation
10:21:15.2966,859.3,842.5,fixation
10:21:15.2971,859.3,842.2,fixation
10:21:15.2976,860.2,842.1,fixation
10:21:15.2981,861.1,842.1,fixation
10:21:15.2986,862.0,842.7,fixation
10:21:15.2991,861.8,843.9,fixation
10:21:15.2996,861.8,845.9,fixation
10:21:15.3001,861.7,847.2,fixation
10:21:15.3006,862.6,847.5,fixation
10:21:15.3011,863.8,847.2,fixation
10:21:15.3016,864.9,848.1,fixation
10:21:15.3021,864.9,849.4,fixation
10:21:15.3026,864.6,850.5,fixation
10:21:15.3031,864.3,850.1,fixation
10:21:15.3036,864.3,851.5,fixation
10:21:15.3041,865.2,853.2,fixation
10:21:15.3046,866.1,853.9,fixation
10:21:15.3051,866.8,853.0,fixation
10:21:15.3056,866.5,851.6,fixation
10:21:15.3061,866.2,851.1,fixation
10:21:15.3066,866.3,850.6,fixation
10:21:15.3071,867.4,850.6,fixation
10:21:15.3076,868.4,851.0,fixation
10:21:15.3081,869.3,852.4,fixation
10:21:15.3086,869.4,853.6,fixation
10:21:15.3091,869.6,854.8,fixation
10:21:15.3096,869.8,854.4,fixation
10:21:15.3101,870.0,853.4,fixation
10:21:15.3106,869.9,852.4,fixation
10:21:15.3111,869.7,852.0,fixation
10:21:15.3116,869.8,852.2,fixation
10:21:15.3121,870.0,852.4,fixation
10:21:15.3126,870.2,852.5,fixation
10:21:15.3131,870.2,852.1,fixation
10:21:15.3136,870.1,851.2,fixation
10:21:15.3141,870.0,850.7,fixation
10:21:15.3146,870.1,850.7,fixation
10:21:15.3151,870.2,851.4,fixation
10:21:15.3156,869.8,852.0,fixation
10:21:15.3161,869.0,852.4,fixation
10:21:15.3166,868.2,851.3,fixation
10:21:15.3171,868.0,850.0,fixation
10:21:15.3176,868.2,848.8,fixation
10:21:15.3181,868.4,848.2,fixation
10:21:15.3186,868.3,847.5,fixation
10:21:15.3191,868.0,846.9,fixation
10:21:15.3196,867.7,847.0,fixation
10:21:15.3201,867.6,846.5,fixation
10:21:15.3206,867.7,845.9,fixation
10:21:15.3211,867.8,847.6,fixation
10:21:15.3216,867.5,849.9,fixation
10:21:15.3221,867.3,852.2,fixation
10:21:15.3226,867.1,852.4,fixation
10:21:15.3231,866.8,852.5,fixation
10:21:15.3236,866.2,852.6,fixation
10:21:15.3241,865.7,852.6,fixation
10:21:15.3246,865.3,852.4,fixation
10:21:15.3251,865.1,852.3,fixation
10:21:15.3256,864.9,852.5,fixation
10:21:15.3261,864.6,852.9,fixation
10:21:15.3266,864.3,852.6,fixation
10:21:15.3271,864.1,852.2,fixation
10:21:15.3276,863.7,851.1,fixation
10:21:15.3281,863.3,850.4,fixation
10:21:15.3286,862.9,850.2,fixation
10:21:15.3291,862.9,850.7,fixation
10:21:15.3296,862.2,851.1,fixation
10:21:15.3301,861.5,851.2,fixation
10:21:15.3306,860.9,851.5,fixation
10:21:15.3311,861.3,851.9,fixation
10:21:15.3316,861.7,852.2,fixation
10:21:15.3321,862.1,852.2,fixation
10:21:15.3326,861.4,852.0,fixation
10:21:15.3331,860.5,852.3,fixation
10:21:15.3336,859.7,852.5,fixation
10:21:15.3341,859.6,852.2,fixation
10:21:15.3346,859.6,851.4,fixation
10:21:15.3351,860.3,850.6,fixation
10:21:15.3356,860.9,850.6,fixation
10:21:15.3361,860.9,851.7,fixation
10:21:15.3366,860.2,852.9,fixation
10:21:15.3371,859.6,853.9,fixation
10:21:15.3376,859.6,851.7,fixation
10:21:15.3381,859.7,849.6,fixation
10:21:15.3386,859.7,847.5,fixation
10:21:15.3391,859.7,847.3,fixation
10:21:15.3396,859.9,847.2,fixation
10:21:15.3401,860.2,847.2,fixation
10:21:15.3406,860.5,848.7,fixation
10:21:15.3411,860.6,849.9,fixation
10:21:15.3416,860.6,851.2,fixation
10:21:15.3421,860.7,851.2,fixation
10:21:15.3426,860.7,851.4,fixation
10:21:15.3431,860.9,852.5,fixation
10:21:15.3436,861.1,853.4,fixation
10:21:15.3441,861.2,853.8,fixation
10:21:15.3446,861.2,853.3,fixation
10:21:15.3451,861.4,852.4,fixation
10:21:15.3456,861.7,852.0,fixation
10:21:15.3461,862.5,851.7,fixation
10:21:15.3466,863.4,851.7,fixation
10:21:15.3471,864.0,851.7,fixation
10:21:15.3476,864.0,851.6,fixation
10:21:15.3481,863.8,851.5,fixation
10:21:15.3486,863.7,851.4,fixation
10:21:15.3491,863.7,851.8,fixation
10:21:15.3496,863.8,852.5,fixation
10:21:15.3501,863.9,853.3,fixation
10:21:15.3506,864.0,853.1,fixation
10:21:15.3511,863.8,852.5,fixation
10:21:15.3516,863.7,851.8,fixation
10:21:15.3521,863.6,851.6,fixation
10:21:15.3526,863.5,852.9,fixation
10:21:15.3531,863.5,854.4,fixation
10:21:15.3536,863.6,855.4,fixation
10:21:15.3541,863.6,854.7,fixation
10:21:15.3546,863.8,854.1,fixation
10:21:15.3551,864.1,853.5,fixation
10:21:15.3556,865.1,853.5,fixation
10:21:15.3561,866.0,853.5,fixation
10:21:15.3566,866.8,854.3,fixation
10:21:15.3571,867.2,854.9,fixation
10:21:15.3576,867.6,855.6,fixation
10:21:15.3581,867.0,855.6,fixation
10:21:15.3586,866.0,855.6,fixation
10:21:15.3591,865.7,856.0,fixation
10:21:15.3596,866.4,856.5,fixation
10:21:15.3601,867.1,855.7,fixation
10:21:15.3606,867.1,854.3,fixation
10:21:15.3611,867.0,852.1,fixation
10:21:15.3616,866.8,851.1,fixation
10:21:15.3621,866.6,851.3,fixation
10:21:15.3626,866.1,852.5,fixation
10:21:15.3631,865.5,853.3,fixation
10:21:15.3636,864.9,852.8,fixation
10:21:15.3641,865.8,852.5,fixation
10:21:15.3646,867.0,851.8,fixation
10:21:15.3651,868.2,851.0,fixation
10:21:15.3656,868.0,850.0,fixation
10:21:15.3661,867.9,850.1,fixation
10:21:15.3666,867.5,850.6,fixation
10:21:15.3671,867.4,851.2,fixation
10:21:15.3676,867.2,851.5,fixation
10:21:15.3681,867.3,851.2,fixation
10:21:15.3686,867.4,850.6,fixation
10:21:15.3691,867.7,850.1,fixation
10:21:15.3696,867.8,851.6,fixation
10:21:15.3701,867.5,853.3,fixation
10:21:15.3706,867.1,854.5,fixation
10:21:15.3711,866.7,853.1,fixation
10:21:15.3716,866.6,851.8,fixation
10:21:15.3721,866.1,851.0,fixation
10:21:15.3726,865.5,851.1,fixation
10:21:15.3731,865.1,851.2,fixation
10:21:15.3736,865.2,851.4,fixation
10:21:15.3741,865.1,851.4,fixation
10:21:15.3746,864.9,851.4,fixation
10:21:15.3751,864.3,851.3,fixation
10:21:15.3756,863.8,851.2,fixation
10:21:15.3761,863.3,852.6,fixation
10:21:15.3766,863.2,854.1,fixation
10:21:15.3771,863.0,855.3,fixation
10:21:15.3776,863.0,855.1,fixation
10:21:15.3781,862.9,854.9,fixation
10:21:15.3786,861.9,854.5,fixation
10:21:15.3791,860.7,854.3,fixation
10:21:15.3796,859.5,854.1,fixation
10:21:15.3801,859.5,854.2,fixation
10:21:15.3806,859.2,853.7,fixation
10:21:15.3811,859.0,853.0,fixation
10:21:15.3816,858.8,852.3,fixation
10:21:15.3821,859.3,852.1,fixation
10:21:15.3826,860.0,852.6,fixation
10:21:15.3831,860.7,853.2,fixation
10:21:15.3836,860.2,852.1,fixation
10:21:15.3841,859.4,850.4,fixation
10:21:15.3846,858.6,848.7,fixation
10:21:15.3851,858.4,849.2,fixation
10:21:15.3856,858.2,849.8,fixation
10:21:15.3861,858.3,850.4,fixation
10:21:15.3866,858.6,850.4,fixation
10:21:15.3871,859.0,849.6,fixation
10:21:15.3876,859.1,848.8,fixation
10:21:15.3881,859.1,848.4,fixation
10:21:15.3886,859.3,849.5,fixation
10:21:15.3891,859.4,850.7,fixation
10:21:15.3896,859.5,851.1,fixation
10:21:15.3901,859.5,850.8,fixation
10:21:15.3906,859.4,850.4,fixation
10:21:15.3911,859.2,850.2,fixation
10:21:15.3916,859.0,850.1,fixation
10:21:15.3921,859.6,850.2,fixation
10:21:15.3926,860.3,850.3,fixation
10:21:15.3931,861.0,850.3,fixation
10:21:15.3936,861.0,849.8,fixation
10:21:15.3941,861.1,849.3,fixation
10:21:15.3946,861.2,849.5,fixation
10:21:15.3951,861.2,850.0,fixation
10:21:15.3956,861.1,850.4,fixation
10:21:15.3961,861.1,850.4,fixation
10:21:15.3966,861.1,850.5,fixation
10:21:15.3971,861.3,851.7,fixation
10:21:15.3976,861.6,852.9,fixation
10:21:15.3981,862.1,852.5,fixation
10:21:15.3986,863.0,851.1,fixation
10:21:15.3991,863.8,850.2,fixation
10:21:15.3996,864.1,850.9,fixation
10:21:15.4001,864.0,851.6,fixation
10:21:15.4006,863.8,851.7,fixation
10:21:15.4011,863.9,851.7,fixation
10:21:15.4016,864.0,851.6,fixation
10:21:15.4021,864.2,851.6,fixation
10:21:15.4026,864.6,851.7,fixation
10:21:15.4031,864.9,851.9,fixation
10:21:15.4036,865.2,852.8,fixation
10:21:15.4041,865.4,854.0,fixation
10:21:15.4046,865.7,855.2,fixation
10:21:15.4051,865.9,855.1,fixation
10:21:15.4056,866.0,854.7,fixation
10:21:15.4061,865.9,854.1,fixation
10:21:15.4066,865.7,853.7,fixation
10:21:15.4071,865.5,853.1,fixation
10:21:15.4076,865.4,853.6,fixation
10:21:15.4081,865.3,854.6,fixation
10:21:15.4086,865.3,853.7,fixation
10:21:15.4091,865.6,851.8,fixation
10:21:15.4096,865.8,850.0,fixation
10:21:15.4101,865.6,851.5,fixation
10:21:15.4106,864.8,852.9,fixation
10:21:15.4111,864.1,854.2,fixation
10:21:15.4116,863.9,854.2,fixation
10:21:15.4121,863.5,853.7,fixation
10:21:15.4126,863.1,853.6,fixation
10:21:15.4131,862.7,853.9,fixation
10:21:15.4136,862.6,854.3,fixation
10:21:15.4141,862.5,853.9,fixation
10:21:15.4146,862.3,853.4,fixation
10:21:15.4151,861.9,853.2,fixation
10:21:15.4156,861.6,853.5,fixation
10:21:15.4161,861.3,853.5,fixation
10:21:15.4166,861.3,853.6,fixation
10:21:15.4171,861.3,853.3,fixation
10:21:15.4176,860.9,852.6,fixation
10:21:15.4181,860.4,851.7,fixation
10:21:15.4186,859.4,850.1,fixation
10:21:15.4191,858.8,848.9,fixation
10:21:15.4196,858.2,848.0,fixation
10:21:15.4201,858.0,849.0,fixation
10:21:15.4206,857.9,849.8,fixation
10:21:15.4211,857.9,851.0,fixation
10:21:15.4216,858.1,851.9,fixation
10:21:15.4221,858.0,852.7,fixation
10:21:15.4226,857.3,852.4,fixation
10:21:15.4231,856.6,851.7,fixation
10:21:15.4236,856.7,851.0,fixation
10:21:15.4241,857.2,850.8,fixation
10:21:15.4246,857.4,850.2,fixation
10:21:15.4251,857.0,849.3,fixation
10:21:15.4256,856.6,848.7,fixation
10:21:15.4261,856.7,848.3,fixation
10:21:15.4266,856.7,848.2,fixation
10:21:15.4271,856.6,850.1,fixation
10:21:15.4276,857.0,852.3,fixation
10:21:15.4281,857.7,854.4,fixation
10:21:15.4286,858.3,854.5,fixation
10:21:15.4291,858.6,854.9,fixation
10:21:15.4296,858.6,855.1,fixation
10:21:15.4301,858.6,855.2,fixation
10:21:15.4306,858.6,853.1,fixation
10:21:15.4311,858.9,851.1,fixation
10:21:15.4316,859.2,849.8,fixation
10:21:15.4321,859.3,850.4,fixation
10:21:15.4326,859.2,850.3,fixation
10:21:15.4331,859.1,849.7,fixation
10:21:15.4336,860.1,849.1,fixation
10:21:15.4341,861.1,849.0,fixation
10:21:15.4346,862.1,848.8,fixation
10:21:15.4351,861.9,848.5,fixation
10:21:15.4356,861.7,848.7,fixation
10:21:15.4361,861.8,848.9,fixation
10:21:15.4366,861.9,849.2,fixation
10:21:15.4371,862.0,850.5,fixation
10:21:15.4376,862.5,851.9,fixation
10:21:15.4381,863.2,852.1,fixation
10:21:15.4386,863.9,851.2,fixation
10:21:15.4391,863.5,850.1,fixation
10:21:15.4396,862.9,848.9,fixation
10:21:15.4401,862.3,847.6,fixation
10:21:15.4406,862.2,846.6,fixation
10:21:15.4411,862.2,846.9,fixation
10:21:15.4416,862.5,847.5,fixation
10:21:15.4421,862.8,848.0,fixation
10:21:15.4426,863.2,848.4,fixation
10:21:15.4431,863.2,848.4,fixation
10:21:15.4436,863.1,848.2,fixation
10:21:15.4441,862.9,848.0,fixation
10:21:15.4446,862.7,848.8,fixation
10:21:15.4451,862.7,849.9,fixation
10:21:15.4456,862.6,851.2,fixation
10:21:15.4461,862.6,851.8,fixation
10:21:15.4466,862.6,850.4,fixation
10:21:15.4471,862.6,848.0,fixation
10:21:15.4476,862.6,845.6,fixation
10:21:15.4481,862.5,846.4,fixation
10:21:15.4486,862.2,849.1,fixation
10:21:15.4491,861.9,851.9,fixation
10:21:15.4496,861.7,852.9,fixation
10:21:15.4501,861.9,852.0,fixation
10:21:15.4506,862.1,851.0,fixation
10:21:15.4511,861.9,850.2,fixation
10:21:15.4516,861.4,849.3,fixation
10:21:15.4521,861.1,848.5,fixation
10:21:15.4526,861.3,848.6,fixation
10:21:15.4531,861.4,849.5,fixation
10:21:15.4536,861.1,850.5,fixation
10:21:15.4541,860.5,850.5,fixation
10:21:15.4546,859.9,850.6,fixation
10:21:15.4551,859.6,850.7,fixation
10:21:15.4556,860.1,851.0,fixation
10:21:15.4561,860.5,850.5,fixation
10:21:15.4566,860.2,850.0,fixation
10:21:15.4571,859.4,849.5,fixation
10:21:15.4576,858.5,849.9,fixation
10:21:15.4581,858.4,849.1,fixation
10:21:15.4586,858.3,846.8,fixation
10:21:15.4591,858.3,844.6,fixation
10:21:15.4596,858.0,844.6,fixation
10:21:15.4601,857.4,845.8,fixation
10:21:15.4606,856.7,847.5,fixation
10:21:15.4611,856.4,847.8,fixation
10:21:15.4616,856.3,846.9,fixation
10:21:15.4621,856.3,845.1,fixation
10:21:15.4626,856.4,843.8,fixation
10:21:15.4631,856.5,844.0,fixation
10:21:15.4636,856.6,844.8,fixation
10:21:15.4641,856.6,844.8,fixation
10:21:15.4646,856.6,844.2,fixation
10:21:15.4651,856.5,843.6,fixation
10:21:15.4656,856.5,843.3,fixation
10:21:15.4661,856.7,843.3,fixation
10:21:15.4666,856.8,843.2,fixation
10:21:15.4671,856.6,842.7,fixation
10:21:15.4676,856.1,842.3,fixation
10:21:15.4681,855.6,843.7,fixation
10:21:15.4686,855.4,845.3,fixation
10:21:15.4691,855.2,846.7,fixation
10:21:15.4696,855.2,845.9,fixation
10:21:15.4701,855.3,845.1,fixation
10:21:15.4706,855.7,844.3,fixation
10:21:15.4711,855.9,842.7,fixation
10:21:15.4716,856.1,841.2,fixation
10:21:15.4721,856.1,839.7,fixation
10:21:15.4726,856.2,839.6,fixation
10:21:15.4731,856.5,839.6,fixation
10:21:15.4736,856.9,839.7,fixation
10:21:15.4741,857.4,841.2,fixation
10:21:15.4746,857.1,842.6,fixation
10:21:15.4751,856.5,842.5,fixation
10:21:15.4756,856.0,841.1,fixation
10:21:15.4761,855.7,839.3,fixation
10:21:15.4766,855.5,838.9,fixation
10:21:15.4771,856.3,839.3,fixation
10:21:15.4776,857.3,840.7,fixation
10:21:15.4781,858.3,841.7,fixation
10:21:15.4786,857.8,841.7,fixation
10:21:15.4791,857.2,840.7,fixation
10:21:15.4796,856.7,840.2,fixation
10:21:15.4801,856.8,841.3,fixation
10:21:15.4806,856.9,843.0,fixation
10:21:15.4811,856.8,846.4,fixation
10:21:15.4816,856.7,848.3,fixation
10:21:15.4821,856.9,848.9,fixation
10:21:15.4826,857.7,846.7,fixation
10:21:15.4831,858.5,844.5,fixation
10:21:15.4836,858.0,843.3,fixation
10:21:15.4841,857.1,843.2,fixation
10:21:15.4846,857.1,843.2,fixation
10:21:15.4851,858.2,843.5,fixation
10:21:15.4856,859.2,843.3,fixation
10:21:15.4861,859.0,843.0,fixation
10:21:15.4866,858.8,842.4,fixation
10:21:15.4871,858.7,842.1,fixation
10:21:15.4876,858.5,843.5,fixation
10:21:15.4881,858.3,845.0,fixation
10:21:15.4886,858.7,846.6,fixation
10:21:15.4891,859.2,846.6,fixation
10:21:15.4896,859.8,846.7,fixation
10:21:15.4901,859.9,847.7,fixation
10:21:15.4906,860.0,848.5,fixation
10:21:15.4911,859.4,849.3,fixation
10:21:15.4916,858.8,849.0,fixation
10:21:15.4921,858.7,849.0,fixation
10:21:15.4926,859.2,849.8,fixation
10:21:15.4931,859.7,850.7,fixation
10:21:15.4936,859.7,852.1,fixation
10:21:15.4941,859.6,852.8,fixation
10:21:15.4946,859.5,852.2,fixation
10:21:15.4951,859.5,850.9,fixation
10:21:15.4956,859.4,849.9,fixation
10:21:15.4961,859.2,850.2,fixation
10:21:15.4966,859.0,850.1,fixation
10:21:15.4971,859.2,849.9,fixation
10:21:15.4976,859.6,849.1,fixation
10:21:15.4981,860.0,848.6,fixation
10:21:15.4986,860.1,847.4,fixation
10:21:15.4991,860.1,846.9,fixation
10:21:15.4996,859.7,848.7,fixation
10:21:15.5001,859.3,851.1,fixation
10:21:15.5006,858.9,853.4,fixation
10:21:15.5011,859.3,853.0,fixation
10:21:15.5016,859.8,852.2,fixation
10:21:15.5021,860.2,851.2,fixation
10:21:15.5026,860.5,850.3,fixation
10:21:15.5031,860.8,849.5,fixation
10:21:15.5036,860.9,848.9,fixation
10:21:15.5041,860.3,848.6,fixation
10:21:15.5046,859.8,849.0,fixation
10:21:15.5051,859.7,849.5,fixation
10:21:15.5056,860.0,850.2,fixation
10:21:15.5061,859.9,851.1,fixation
10:21:15.5066,859.6,851.7,fixation
10:21:15.5071,859.2,851.7,fixation
10:21:15.5076,859.5,850.8,fixation
10:21:15.5081,859.8,849.8,fixation
10:21:15.5086,860.0,849.3,fixation
10:21:15.5091,860.0,849.3,fixation
10:21:15.5096,860.0,849.9,fixation
10:21:15.5101,859.7,851.6,fixation
10:21:15.5106,859.5,853.3,fixation
10:21:15.5111,859.1,852.3,fixation
10:21:15.5116,859.0,850.8,fixation
10:21:15.5121,858.8,849.9,fixation
10:21:15.5126,858.6,850.9,fixation
10:21:15.5131,858.4,851.2,fixation
10:21:15.5136,858.5,849.0,fixation
10:21:15.5141,858.9,847.0,fixation
10:21:15.5146,859.2,846.3,fixation
10:21:15.5151,859.6,847.4,fixation
10:21:15.5156,859.7,847.2,fixation
10:21:15.5161,859.8,845.9,fixation
10:21:15.5166,859.9,847.1,fixation
10:21:15.5171,860.1,849.6,fixation
10:21:15.5176,860.0,850.4,fixation
10:21:15.5181,859.7,848.7,fixation
10:21:15.5186,859.2,847.5,fixation
10:21:15.5191,858.8,847.9,fixation
10:21:15.5196,858.5,848.4,fixation
10:21:15.5201,858.2,848.4,fixation
10:21:15.5206,857.9,848.5,fixation
10:21:15.5211,857.9,848.5,fixation
10:21:15.5216,858.2,847.4,fixation
10:21:15.5221,858.6,846.4,fixation
10:21:15.5226,859.1,845.3,fixation
10:21:15.5231,859.5,845.8,fixation
10:21:15.5236,860.0,846.6,fixation
10:21:15.5241,860.2,847.7,fixation
10:21:15.5246,860.2,848.8,fixation
10:21:15.5251,860.0,849.6,fixation
10:21:15.5256,859.9,850.0,fixation
10:21:15.5261,859.5,848.9,fixation
10:21:15.5266,859.2,847.7,fixation
10:21:15.5271,859.2,846.6,fixation
10:21:15.5276,859.5,846.9,fixation
10:21:15.5281,859.4,847.4,fixation
10:21:15.5286,859.0,847.8,fixation
10:21:15.5291,859.1,846.5,fixation
10:21:15.5296,859.6,845.0,fixation
10:21:15.5301,860.0,843.4,fixation
10:21:15.5306,860.0,845.1,fixation
10:21:15.5311,860.0,846.1,fixation
10:21:15.5316,859.6,846.5,fixation
10:21:15.5321,859.3,845.2,fixation
10:21:15.5326,859.0,844.5,fixation
10:21:15.5331,859.1,844.5,fixation
10:21:15.5336,859.1,844.6,fixation
10:21:15.5341,859.0,844.6,fixation
10:21:15.5346,858.8,842.5,fixation
10:21:15.5351,858.4,840.4,fixation
10:21:15.5356,857.9,839.4,fixation
10:21:15.5361,857.6,841.2,fixation
10:21:15.5366,857.5,843.1,fixation
10:21:15.5371,857.5,843.5,fixation
10:21:15.5376,857.2,842.9,fixation
10:21:15.5381,856.9,841.9,fixation
10:21:15.5386,856.6,839.9,fixation
10:21:15.5391,856.7,838.3,fixation
10:21:15.5396,856.8,837.1,fixation
10:21:15.5401,856.7,840.2,fixation
10:21:15.5406,856.7,843.3,fixation
10:21:15.5411,856.2,844.8,fixation
10:21:15.5416,855.6,841.5,fixation
10:21:15.5421,855.0,838.2,fixation
10:21:15.5426,855.3,837.8,fixation
10:21:15.5431,855.9,840.3,fixation
10:21:15.5436,856.3,842.9,fixation
10:21:15.5441,856.1,844.4,fixation
10:21:15.5446,855.9,844.6,fixation
10:21:15.5451,855.7,844.1,fixation
10:21:15.5456,855.5,843.3,fixation
10:21:15.5461,855.9,842.6,fixation
10:21:15.5466,856.3,841.8,fixation
10:21:15.5471,856.3,840.9,fixation
10:21:15.5476,855.9,840.0,fixation
10:21:15.5481,855.2,839.9,fixation
10:21:15.5486,854.6,841.1,fixation
10:21:15.5491,854.0,842.3,fixation
10:21:15.5496,853.5,843.7,fixation
10:21:15.5501,853.2,844.6,fixation
10:21:15.5506,852.7,845.7,fixation
10:21:15.5511,852.5,846.6,fixation
10:21:15.5516,853.2,847.5,fixation
10:21:15.5521,854.1,848.2,fixation
10:21:15.5526,855.1,849.6,fixation
10:21:15.5531,855.2,850.4,fixation
10:21:15.5536,854.5,851.2,fixation
10:21:15.5541,853.7,851.3,fixation
10:21:15.5546,853.1,851.1,fixation
10:21:15.5551,853.3,850.8,fixation
10:21:15.5556,853.6,850.6,fixation
10:21:15.5561,853.8,848.7,fixation
10:21:15.5566,853.9,846.7,fixation
10:21:15.5571,853.7,844.4,fixation
10:21:15.5576,853.6,844.1,fixation
10:21:15.5581,853.6,843.1,fixation
10:21:15.5586,853.8,842.5,fixation
10:21:15.5591,853.9,842.0,fixation
10:21:15.5596,853.9,842.1,fixation
10:21:15.5601,853.8,843.0,fixation
10:21:15.5606,853.7,843.9,fixation
10:21:15.5611,853.6,844.9,fixation
10:21:15.5616,853.7,845.0,fixation
10:21:15.5621,853.8,845.7,fixation
10:21:15.5626,853.4,846.7,fixation
10:21:15.5631,852.9,847.1,fixation
10:21:15.5636,852.4,847.1,fixation
10:21:15.5641,852.2,846.7,fixation
10:21:15.5646,851.9,847.2,fixation
10:21:15.5651,851.7,847.7,fixation
10:21:15.5656,851.7,847.9,fixation
10:21:15.5661,851.5,847.6,fixation
10:21:15.5666,851.3,847.0,fixation
10:21:15.5671,851.1,846.5,fixation
10:21:15.5676,851.1,846.4,fixation
10:21:15.5681,851.2,846.3,fixation
10:21:15.5686,851.6,846.4,fixation
10:21:15.5691,852.1,847.1,fixation
10:21:15.5696,852.4,847.8,fixation
10:21:15.5701,852.5,848.2,fixation
10:21:15.5706,853.0,848.0,fixation
10:21:15.5711,853.4,847.7,fixation
10:21:15.5716,853.9,847.0,fixation
10:21:15.5721,853.8,846.4,fixation
10:21:15.5726,853.7,847.2,fixation
10:21:15.5731,853.5,848.2,fixation
10:21:15.5736,853.3,848.9,fixation
10:21:15.5741,853.1,847.4,fixation
10:21:15.5746,852.9,846.2,fixation
10:21:15.5751,852.8,845.3,fixation
10:21:15.5756,852.8,845.3,fixation
10:21:15.5761,853.0,845.4,fixation
10:21:15.5766,853.3,846.6,fixation
10:21:15.5771,853.5,847.6,fixation
10:21:15.5776,853.9,848.3,fixation
10:21:15.5781,854.3,847.9,fixation
10:21:15.5786,854.7,847.7,fixation
10:21:15.5791,855.0,848.1,fixation
10:21:15.5796,855.2,848.4,fixation
10:21:15.5801,854.9,847.1,fixation
10:21:15.5806,854.5,845.4,fixation
10:21:15.5811,854.1,844.0,fixation
10:21:15.5816,854.0,844.5,fixation
10:21:15.5821,853.9,845.0,fixation
10:21:15.5826,853.9,844.7,fixation
10:21:15.5831,854.3,844.2,fixation
10:21:15.5836,854.8,842.9,fixation
10:21:15.5841,855.3,842.2,fixation
10:21:15.5846,855.3,841.5,fixation
10:21:15.5851,855.3,841.9,fixation
10:21:15.5856,855.5,842.5,fixation
10:21:15.5861,855.6,843.3,fixation
10:21:15.5866,855.8,844.7,fixation
10:21:15.5871,855.6,845.8,fixation
10:21:15.5876,855.2,846.6,fixation
10:21:15.5881,854.7,846.5,fixation
10:21:15.5886,854.5,846.2,fixation
10:21:15.5891,854.4,845.8,fixation
10:21:15.5896,855.1,845.1,fixation
10:21:15.5901,856.0,844.4,fixation
10:21:15.5906,857.0,844.0,fixation
10:21:15.5911,857.1,843.9,fixation
10:21:15.5916,857.3,843.5,fixation
10:21:15.5921,857.4,842.7,fixation
10:21:15.5926,858.0,841.9,fixation
10:21:15.5931,858.5,841.9,fixation
10:21:15.5936,858.8,841.8,fixation
10:21:15.5941,858.6,841.6,fixation
10:21:15.5946,858.4,841.3,fixation
10:21:15.5951,858.4,841.5,fixation
10:21:15.5956,858.4,842.5,fixation
10:21:15.5961,858.5,843.6,fixation
10:21:15.5966,858.6,844.4,fixation
10:21:15.5971,858.8,844.5,fixation
10:21:15.5976,859.1,844.6,fixation
10:21:15.5981,859.1,844.4,fixation
10:21:15.5986,858.9,844.1,fixation
10:21:15.5991,859.1,843.8,fixation
10:21:15.5996,859.4,844.7,fixation
10:21:15.6001,859.6,845.7,fixation
10:21:15.6006,859.3,845.2,fixation
10:21:15.6011,859.1,843.6,fixation
10:21:15.6016,859.5,843.3,fixation
10:21:15.6021,859.9,844.5,fixation
10:21:15.6026,860.0,845.7,fixation
10:21:15.6031,859.6,845.7,fixation
10:21:15.6036,859.4,845.6,fixation
10:21:15.6041,859.6,845.5,fixation
10:21:15.6046,859.7,845.7,fixation
10:21:15.6051,859.9,846.5,fixation
10:21:15.6056,859.8,847.2,fixation
10:21:15.6061,859.7,847.4,fixation
10:21:15.6066,859.6,847.2,fixation
10:21:15.6071,859.6,846.9,fixation
10:21:15.6076,859.7,846.8,fixation
10:21:15.6081,859.8,846.3,fixation
10:21:15.6086,859.4,845.8,fixation
10:21:15.6091,859.2,846.3,fixation
10:21:15.6096,859.2,847.6,fixation
10:21:15.6101,859.5,848.9,fixation
10:21:15.6106,859.4,849.4,fixation
10:21:15.6111,859.1,849.6,fixation
10:21:15.6116,858.6,849.6,fixation
10:21:15.6121,858.2,849.2,fixation
10:21:15.6126,858.4,848.9,fixation
10:21:15.6131,858.9,847.7,fixation
10:21:15.6136,858.6,846.5,fixation
10:21:15.6141,857.9,846.5,fixation
10:21:15.6146,858.4,847.7,fixation
10:21:15.6151,859.6,849.0,fixation
10:21:15.6156,860.4,849.0,fixation
10:21:15.6161,858.9,848.8,fixation
10:21:15.6166,857.4,848.6,fixation
10:21:15.6171,856.6,848.5,fixation
10:21:15.6176,857.8,849.3,fixation
10:21:15.6181,859.0,850.2,fixation
10:21:15.6186,859.6,851.0,fixation
10:21:15.6191,859.5,851.2,fixation
10:21:15.6196,859.3,851.3,fixation
10:21:15.6201,859.2,851.8,fixation
10:21:15.6206,858.5,851.9,fixation
10:21:15.6211,857.8,850.2,fixation
10:21:15.6216,857.2,848.3,fixation
10:21:15.6221,857.3,847.1,fixation
10:21:15.6226,857.5,847.5,fixation
10:21:15.6231,857.4,847.7,fixation
10:21:15.6236,857.4,847.3,fixation
10:21:15.6241,857.5,847.2,fixation
10:21:15.6246,857.6,846.8,fixation
10:21:15.6251,857.5,846.2,fixation
10:21:15.6256,857.1,845.3,fixation
10:21:15.6261,856.7,844.7,fixation
10:21:15.6266,856.7,845.3,fixation
10:21:15.6271,856.9,846.1,fixation
10:21:15.6276,857.1,846.9,fixation
10:21:15.6281,857.2,847.0,fixation
10:21:15.6286,856.6,846.7,fixation
10:21:15.6291,855.9,846.0,fixation
10:21:15.6296,855.2,844.8,fixation
10:21:15.6301,855.2,844.2,fixation
10:21:15.6306,855.2,844.0,fixation
10:21:15.6311,855.0,843.2,fixation
10:21:15.6316,855.2,842.5,fixation
10:21:15.6321,855.4,841.8,fixation
10:21:15.6326,855.6,841.2,fixation
10:21:15.6331,855.3,840.3,fixation
10:21:15.6336,855.0,839.5,fixation
10:21:15.6341,854.8,840.0,fixation
10:21:15.6346,854.8,840.4,fixation
10:21:15.6351,854.9,840.7,fixation
10:21:15.6356,855.0,841.1,fixation
10:21:15.6361,855.1,841.7,fixation
10:21:15.6366,855.2,842.5,fixation
10:21:15.6371,855.2,842.7,fixation
10:21:15.6376,854.8,842.7,fixation
10:21:15.6381,854.4,842.7,fixation
10:21:15.6386,854.2,843.4,fixation
10:21:15.6391,854.3,844.5,fixation
10:21:15.6396,854.3,845.5,fixation
10:21:15.6401,854.3,844.6,fixation
10:21:15.6406,854.3,843.5,fixation
10:21:15.6411,854.1,842.4,fixation
10:21:15.6416,853.5,842.5,fixation
10:21:15.6421,852.9,842.2,fixation
10:21:15.6426,852.4,841.8,fixation
10:21:15.6431,852.2,842.4,fixation
10:21:15.6436,852.1,843.4,fixation
10:21:15.6441,852.2,844.4,fixation
10:21:15.6446,852.2,845.0,fixation
10:21:15.6451,851.7,845.5,fixation
10:21:15.6456,851.2,845.9,fixation
10:21:15.6461,850.8,845.6,fixation
10:21:15.6466,851.3,846.0,fixation
10:21:15.6471,851.9,846.6,fixation
10:21:15.6476,852.5,847.0,fixation
10:21:15.6481,852.7,846.6,fixation
10:21:15.6486,852.8,844.4,fixation
10:21:15.6491,852.8,842.5,fixation
10:21:15.6496,852.8,840.7,fixation
10:21:15.6501,853.6,841.2,fixation
10:21:15.6506,854.4,841.5,fixation
10:21:15.6511,854.7,841.7,fixation
10:21:15.6516,854.2,841.7,fixation
10:21:15.6521,853.7,841.7,fixation
10:21:15.6526,853.6,841.9,fixation
10:21:15.6531,853.6,842.4,fixation
10:21:15.6536,853.7,843.3,fixation
10:21:15.6541,854.0,844.3,fixation
10:21:15.6546,854.4,844.8,fixation
10:21:15.6551,854.8,844.8,fixation
10:21:15.6556,855.0,845.5,fixation
10:21:15.6561,855.1,846.5,fixation
10:21:15.6566,854.5,847.4,fixation
10:21:15.6571,853.9,847.8,fixation
10:21:15.6576,853.9,847.9,fixation
10:21:15.6581,854.2,848.7,fixation
10:21:15.6586,854.5,849.4,fixation
10:21:15.6591,854.6,849.3,fixation
10:21:15.6596,855.1,848.7,fixation
10:21:15.6601,855.4,849.5,fixation
10:21:15.6606,855.2,850.9,fixation
10:21:15.6611,855.1,850.9,fixation
10:21:15.6616,855.1,849.4,fixation
10:21:15.6621,855.3,849.3,fixation
10:21:15.6626,855.4,850.7,fixation
10:21:15.6631,855.4,851.1,fixation
10:21:15.6636,855.1,850.1,fixation
10:21:15.6641,854.8,848.3,fixation
10:21:15.6646,854.6,847.4,fixation
10:21:15.6651,854.6,846.7,fixation
10:21:15.6656,855.1,847.2,fixation
10:21:15.6661,856.2,849.3,fixation
10:21:15.6666,857.2,851.2,fixation
10:21:15.6671,857.4,852.7,fixation
10:21:15.6676,856.9,852.6,fixation
10:21:15.6681,856.8,851.8,fixation
10:21:15.6686,857.7,851.2,fixation
10:21:15.6691,858.7,851.7,fixation
10:21:15.6696,859.3,852.9,fixation
10:21:15.6701,859.3,853.8,fixation
10:21:15.6706,859.2,853.5,fixation
10:21:15.6711,858.9,853.1,fixation
10:21:15.6716,858.6,852.0,fixation
10:21:15.6721,858.5,850.9,fixation
10:21:15.6726,858.8,850.4,fixation
10:21:15.6731,859.1,851.4,fixation
10:21:15.6736,859.2,852.4,fixation
10:21:15.6741,859.1,852.9,fixation
10:21:15.6746,858.7,852.3,fixation
10:21:15.6751,858.4,851.6,fixation
10:21:15.6756,858.3,851.2,fixation
10:21:15.6761,858.6,851.6,fixation
10:21:15.6766,858.8,852.2,fixation
10:21:15.6771,858.9,852.7,fixation
10:21:15.6776,858.9,853.1,fixation
10:21:15.6781,858.9,853.8,fixation
10:21:15.6786,858.8,854.0,fixation
10:21:15.6791,858.7,854.1,fixation
10:21:15.6796,858.6,854.2,fixation
10:21:15.6801,858.7,854.4,fixation
10:21:15.6806,858.8,852.3,fixation
10:21:15.6811,858.0,849.8,fixation
10:21:15.6816,857.2,847.3,fixation
10:21:15.6821,857.3,847.4,fixation
10:21:15.6826,858.3,847.6,fixation
10:21:15.6831,859.6,847.5,fixation
10:21:15.6836,860.1,847.3,fixation
10:21:15.6841,860.5,847.0,fixation
10:21:15.6846,860.2,847.2,fixation
10:21:15.6851,859.9,847.7,fixation
10:21:15.6856,859.5,848.0,fixation
10:21:15.6861,859.3,847.9,fixation
10:21:15.6866,859.0,847.5,fixation
10:21:15.6871,858.9,845.5,fixation
10:21:15.6876,859.0,843.9,fixation
10:21:15.6881,859.4,842.6,fixation
10:21:15.6886,859.7,842.7,fixation
10:21:15.6891,859.5,842.4,fixation
10:21:15.6896,858.9,842.3,fixation
10:21:15.6901,858.3,842.3,fixation
10:21:15.6906,858.1,842.4,fixation
10:21:15.6911,857.9,842.2,fixation
10:21:15.6916,857.8,843.2,fixation
10:21:15.6921,857.7,844.3,fixation
10:21:15.6926,857.6,845.3,fixation
10:21:15.6931,857.8,845.6,fixation
10:21:15.6936,858.1,847.7,fixation
10:21:15.6941,858.4,849.5,fixation
10:21:15.6946,858.5,852.0,fixation
10:21:15.6951,858.6,852.3,fixation
10:21:15.6956,859.1,852.7,fixation
10:21:15.6961,859.9,853.0,fixation
10:21:15.6966,860.6,853.6,fixation
10:21:15.6971,860.7,853.9,fixation
10:21:15.6976,860.6,853.8,fixation
10:21:15.6981,860.1,853.6,fixation
10:21:15.6986,859.6,853.8,fixation
10:21:15.6991,859.3,853.9,fixation
10:21:15.6996,859.3,853.7,fixation
10:21:15.7001,859.4,853.5,fixation
10:21:15.7006,859.9,853.4,fixation
10:21:15.7011,860.3,853.6,fixation
10:21:15.7016,860.2,853.6,fixation
10:21:15.7021,859.8,853.6,fixation
10:21:15.7026,859.3,853.8,fixation
10:21:15.7031,858.4,854.1,fixation
10:21:15.7036,857.6,854.3,fixation
10:21:15.7041,856.7,853.7,fixation
10:21:15.7046,856.7,853.1,fixation
10:21:15.7051,856.6,852.3,fixation
10:21:15.7056,856.5,852.2,fixation
10:21:15.7061,856.6,852.1,fixation
10:21:15.7066,856.8,851.9,fixation
10:21:15.7071,857.2,851.8,fixation
10:21:15.7076,857.6,851.6,fixation
10:21:15.7081,857.9,852.1,fixation
10:21:15.7086,858.1,852.6,fixation
10:21:15.7091,858.2,852.8,fixation
10:21:15.7096,858.2,852.2,fixation
10:21:15.7101,858.2,852.4,fixation
10:21:15.7106,858.9,853.0,fixation
10:21:15.7111,859.4,853.9,fixation
10:21:15.7116,859.8,853.3,fixation
10:21:15.7121,859.6,852.4,fixation
10:21:15.7126,859.4,851.4,fixation
10:21:15.7131,859.3,851.2,fixation
10:21:15.7136,859.3,851.1,fixation
10:21:15.7141,859.1,849.9,fixation
10:21:15.7146,858.7,848.6,fixation
10:21:15.7151,858.5,847.5,fixation
10:21:15.7156,858.6,847.6,fixation
10:21:15.7161,858.5,847.8,fixation
10:21:15.7166,858.3,847.9,fixation
10:21:15.7171,858.0,848.0,fixation
10:21:15.7176,858.0,848.2,fixation
10:21:15.7181,857.9,848.5,fixation
10:21:15.7186,857.8,847.8,fixation
10:21:15.7191,857.7,846.9,fixation
10:21:15.7196,857.7,846.0,fixation
10:21:15.7201,858.0,846.0,fixation
10:21:15.7206,858.3,846.0,fixation
10:21:15.7211,857.8,845.8,fixation
10:21:15.7216,857.0,846.0,fixation
10:21:15.7221,856.2,847.4,fixation
10:21:15.7226,856.2,848.8,fixation
10:21:15.7231,856.2,848.7,fixation
10:21:15.7236,855.6,848.0,fixation
10:21:15.7241,855.1,847.4,fixation
10:21:15.7246,854.5,847.1,fixation
10:21:15.7251,854.5,846.4,fixation
10:21:15.7256,854.5,845.8,fixation
10:21:15.7261,855.2,846.1,fixation
10:21:15.7266,855.9,846.6,fixation
10:21:15.7271,856.3,846.9,fixation
10:21:15.7276,855.7,847.1,fixation
10:21:15.7281,855.0,846.2,fixation
10:21:15.7286,855.1,844.8,fixation
10:21:15.7291,855.6,843.5,fixation
10:21:15.7296,855.8,843.6,fixation
10:21:15.7301,855.6,845.3,fixation
10:21:15.7306,855.4,847.5,fixation
10:21:15.7311,855.4,848.8,fixation
10:21:15.7316,855.2,849.3,fixation
10:21:15.7321,855.1,849.3,fixation
10:21:15.7326,854.8,849.1,fixation
10:21:15.7331,854.3,848.9,fixation
10:21:15.7336,853.8,848.8,fixation
10:21:15.7341,853.6,848.8,fixation
10:21:15.7346,853.7,848.6,fixation
10:21:15.7351,853.6,848.3,fixation
10:21:15.7356,853.6,849.8,fixation
10:21:15.7361,853.7,851.5,fixation
10:21:15.7366,853.8,853.3,fixation
10:21:15.7371,854.2,852.6,fixation
10:21:15.7376,854.5,851.9,fixation
10:21:15.7381,854.8,850.9,fixation
10:21:15.7386,854.9,850.6,fixation
10:21:15.7391,855.6,850.4,fixation
10:21:15.7396,856.3,850.5,fixation
10:21:15.7401,856.7,851.0,fixation
10:21:15.7406,856.3,851.2,fixation
10:21:15.7411,855.7,851.1,fixation
10:21:15.7416,855.3,850.7,fixation
10:21:15.7421,854.7,850.8,fixation
10:21:15.7426,854.1,851.4,fixation
10:21:15.7431,853.8,852.1,fixation
10:21:15.7436,853.8,852.6,fixation
10:21:15.7441,853.8,856.8,fixation
10:21:15.7446,853.8,861.0,fixation
10:21:15.7451,854.4,862.5,fixation
10:21:15.7456,854.9,859.8,fixation
10:21:15.7461,855.3,857.0,fixation
10:21:15.7466,855.1,856.8,fixation
10:21:15.7471,854.9,856.9,fixation
10:21:15.7476,855.3,857.5,fixation
10:21:15.7481,855.7,858.0,fixation
10:21:15.7486,856.1,858.6,fixation
10:21:15.7491,856.2,859.1,fixation
10:21:15.7496,856.2,859.5,fixation
10:21:15.7501,856.6,859.6,fixation
10:21:15.7506,856.8,858.7,fixation
10:21:15.7511,857.1,858.6,fixation
10:21:15.7516,857.3,859.5,fixation
10:21:15.7521,857.7,861.2,fixation
10:21:15.7526,858.8,861.2,fixation
10:21:15.7531,859.6,860.2,fixation
10:21:15.7536,859.7,858.7,fixation
10:21:15.7541,859.0,858.2,fixation
10:21:15.7546,858.9,857.8,fixation
10:21:15.7551,859.5,858.0,fixation
10:21:15.7556,860.2,858.3,fixation
10:21:15.7561,860.2,858.4,fixation
10:21:15.7566,860.3,857.7,fixation
10:21:15.7571,860.4,856.9,fixation
10:21:15.7576,860.4,856.1,fixation
10:21:15.7581,860.6,856.2,fixation
10:21:15.7586,860.8,856.2,fixation
10:21:15.7591,860.2,858.0,fixation
10:21:15.7596,859.4,859.8,fixation
10:21:15.7601,858.6,859.4,fixation
10:21:15.7606,858.6,857.3,fixation
10:21:15.7611,858.6,855.2,fixation
10:21:15.7616,858.6,856.3,fixation
10:21:15.7621,858.4,857.4,fixation
10:21:15.7626,858.1,856.5,fixation
10:21:15.7631,859.5,854.8,fixation
10:21:15.7636,861.1,853.0,fixation
10:21:15.7641,861.9,852.8,fixation
10:21:15.7646,861.1,851.8,fixation
10:21:15.7651,860.2,851.1,fixation
10:21:15.7656,860.5,852.1,fixation
10:21:15.7661,860.6,853.7,fixation
10:21:15.7666,860.6,855.2,fixation
10:21:15.7671,860.1,855.0,fixation
10:21:15.7676,859.2,854.3,fixation
10:21:15.7681,858.3,853.3,fixation
10:21:15.7686,857.7,851.9,fixation
10:21:15.7691,857.6,850.8,fixation
10:21:15.7696,858.1,850.1,fixation
10:21:15.7701,858.6,849.7,fixation
10:21:15.7706,859.3,850.4,fixation
10:21:15.7711,859.6,851.2,fixation
10:21:15.7716,859.2,851.8,fixation
10:21:15.7721,858.2,850.7,fixation
10:21:15.7726,857.2,849.5,fixation
10:21:15.7731,856.6,848.8,fixation
10:21:15.7736,856.3,848.6,fixation
10:21:15.7741,856.0,848.4,fixation
10:21:15.7746,856.2,848.2,fixation
10:21:15.7751,856.3,848.2,fixation
10:21:15.7756,856.4,848.1,fixation
10:21:15.7761,856.4,847.7,fixation
10:21:15.7766,855.5,847.1,fixation
10:21:15.7771,854.7,846.8,fixation
10:21:15.7776,853.8,846.6,fixation
10:21:15.7781,854.9,846.7,fixation
10:21:15.7786,856.1,847.9,fixation
10:21:15.7791,856.4,849.0,fixation
10:21:15.7796,855.6,849.8,fixation
10:21:15.7801,854.0,849.4,fixation
10:21:15.7806,853.3,848.7,fixation
10:21:15.7811,852.6,848.4,fixation
10:21:15.7816,852.8,850.4,fixation
10:21:15.7821,853.0,852.6,fixation
10:21:15.7826,853.2,853.8,fixation
10:21:15.7831,854.0,853.0,fixation
10:21:15.7836,854.7,852.2,fixation
10:21:15.7841,855.2,853.3,fixation
10:21:15.7846,855.2,854.2,fixation
10:21:15.7851,855.2,853.7,fixation
10:21:15.7856,854.9,852.3,fixation
10:21:15.7861,854.7,851.1,fixation
10:21:15.7866,854.8,851.3,fixation
10:21:15.7871,855.6,853.5,fixation
10:21:15.7876,856.6,855.6,fixation
10:21:15.7881,857.1,857.4,fixation
10:21:15.7886,856.7,857.4,fixation
10:21:15.7891,856.1,856.7,fixation
10:21:15.7896,856.4,856.3,fixation
10:21:15.7901,857.2,856.0,fixation
10:21:15.7906,858.0,856.2,fixation
10:21:15.7911,858.2,856.3,fixation
10:21:15.7916,858.5,856.2,fixation
10:21:15.7921,859.3,855.9,fixation
10:21:15.7926,859.9,855.6,fixation
10:21:15.7931,860.6,855.1,fixation
10:21:15.7936,861.2,855.1,fixation
10:21:15.7941,861.9,855.3,fixation
10:21:15.7946,862.5,855.6,fixation
10:21:15.7951,862.6,855.5,fixation
10:21:15.7956,862.2,855.2,fixation
10:21:15.7961,861.8,857.3,fixation
10:21:15.7966,861.6,859.6,fixation
10:21:15.7971,861.8,861.7,fixation
10:21:15.7976,862.0,860.9,fixation
10:21:15.7981,862.1,859.3,fixation
10:21:15.7986,862.2,858.1,fixation
10:21:15.7991,862.4,858.0,fixation
10:21:15.7996,862.1,858.9,fixation
10:21:15.8001,861.7,859.8,fixation
10:21:15.8006,861.2,860.3,fixation
10:21:15.8011,860.8,860.4,fixation
10:21:15.8016,860.1,859.7,fixation
10:21:15.8021,859.5,858.8,fixation
10:21:15.8026,859.0,857.9,fixation
10:21:15.8031,858.5,857.9,fixation
10:21:15.8036,858.0,857.9,fixation
10:21:15.8041,857.5,857.8,fixation
10:21:15.8046,857.0,858.2,fixation
10:21:15.8051,856.0,858.9,fixation
10:21:15.8056,855.1,859.6,fixation
10:21:15.8061,854.7,858.8,fixation
10:21:15.8066,854.3,857.7,fixation
10:21:15.8071,853.9,856.3,fixation
10:21:15.8076,853.6,856.1,fixation
10:21:15.8081,853.5,856.0,fixation
10:21:15.8086,853.3,856.6,fixation
10:21:15.8091,853.2,857.0,fixation
10:21:15.8096,853.3,857.3,fixation
10:21:15.8101,853.1,857.0,fixation
10:21:15.8106,853.0,856.8,fixation
10:21:15.8111,853.4,856.7,fixation
10:21:15.8116,853.9,856.8,fixation
10:21:15.8121,854.4,856.8,fixation
10:21:15.8126,854.8,856.7,fixation
10:21:15.8131,854.9,856.2,fixation
10:21:15.8136,855.0,855.8,fixation
10:21:15.8141,855.0,855.5,fixation
10:21:15.8146,855.3,855.8,fixation
10:21:15.8151,855.5,856.0,fixation
10:21:15.8156,856.5,856.5,fixation
10:21:15.8161,857.4,856.7,fixation
10:21:15.8166,858.3,856.7,fixation
10:21:15.8171,858.5,856.5,fixation
10:21:15.8176,858.3,856.1,fixation
10:21:15.8181,858.2,855.6,fixation
10:21:15.8186,858.2,855.3,fixation
10:21:15.8191,858.5,855.4,fixation
10:21:15.8196,858.9,855.4,fixation
10:21:15.8201,860.2,855.3,fixation
10:21:15.8206,861.3,854.8,fixation
10:21:15.8211,861.2,853.9,fixation
10:21:15.8216,860.3,852.9,fixation
10:21:15.8221,860.0,853.8,fixation
10:21:15.8226,860.7,855.4,fixation
10:21:15.8231,861.3,855.5,fixation
10:21:15.8236,861.1,853.6,fixation
10:21:15.8241,861.0,851.3,fixation
10:21:15.8246,861.0,850.3,fixation
10:21:15.8251,861.0,851.1,fixation
10:21:15.8256,860.9,852.6,fixation
10:21:15.8261,860.7,854.5,fixation
10:21:15.8266,860.5,855.8,fixation
10:21:15.8271,860.2,856.7,fixation
10:21:15.8276,860.0,855.0,fixation
10:21:15.8281,859.8,852.7,fixation
10:21:15.8286,859.6,850.9,fixation
10:21:15.8291,859.2,851.4,fixation
10:21:15.8296,858.9,852.0,fixation
10:21:15.8301,858.6,852.0,fixation
10:21:15.8306,858.6,852.6,fixation
10:21:15.8311,858.6,853.1,fixation
10:21:15.8316,858.1,853.5,fixation
10:21:15.8321,857.5,853.5,fixation
10:21:15.8326,856.8,853.5,fixation
10:21:15.8331,856.6,854.0,fixation
10:21:15.8336,856.3,854.4,fixation
10:21:15.8341,855.8,854.7,fixation
10:21:15.8346,855.4,854.1,fixation
10:21:15.8351,855.2,853.4,fixation
10:21:15.8356,855.0,852.7,fixation
10:21:15.8361,854.6,852.4,fixation
10:21:15.8366,854.3,852.5,fixation
10:21:15.8371,854.5,853.1,fixation
10:21:15.8376,855.2,854.0,fixation
10:21:15.8381,856.0,854.9,fixation
10:21:15.8386,856.4,855.1,fixation
10:21:15.8391,856.5,854.5,fixation
10:21:15.8396,856.8,854.0,fixation
10:21:15.8401,857.1,854.0,fixation
10:21:15.8406,857.7,854.1,fixation
10:21:15.8411,857.8,854.2,fixation
10:21:15.8416,857.8,854.4,fixation
10:21:15.8421,857.5,854.9,fixation
10:21:15.8426,857.3,855.4,fixation
10:21:15.8431,858.3,855.7,fixation
10:21:15.8436,859.4,856.1,fixation
10:21:15.8441,861.1,856.6,fixation
10:21:15.8446,861.7,856.9,fixation
10:21:15.8451,862.2,857.1,fixation
10:21:15.8456,861.5,855.2,fixation
10:21:15.8461,860.8,853.2,fixation
10:21:15.8466,860.9,851.3,fixation
10:21:15.8471,861.6,851.7,fixation
10:21:15.8476,862.0,852.4,fixation
10:21:15.8481,861.5,853.2,fixation
10:21:15.8486,861.0,853.7,fixation
10:21:15.8491,860.7,854.0,fixation
10:21:15.8496,860.6,854.0,fixation
10:21:15.8501,860.7,853.2,fixation
10:21:15.8506,860.8,852.5,fixation
10:21:15.8511,860.3,851.9,fixation
10:21:15.8516,859.5,852.2,fixation
10:21:15.8521,858.7,853.5,fixation
10:21:15.8526,858.8,854.8,fixation
10:21:15.8531,858.4,855.5,fixation
10:21:15.8536,857.9,854.8,fixation
10:21:15.8541,857.4,854.2,fixation
10:21:15.8546,857.3,854.3,fixation
10:21:15.8551,857.3,854.4,fixation
10:21:15.8556,857.3,854.4,fixation
10:21:15.8561,856.6,854.3,fixation
10:21:15.8566,855.8,853.3,fixation
10:21:15.8571,855.0,852.3,fixation
10:21:15.8576,854.6,851.3,fixation
10:21:15.8581,854.1,851.2,fixation
10:21:15.8586,854.8,851.2,fixation
10:21:15.8591,856.1,851.3,fixation
10:21:15.8596,857.3,851.8,fixation
10:21:15.8601,857.7,852.5,fixation
10:21:15.8606,858.0,854.0,fixation
10:21:15.8611,858.1,855.2,fixation
10:21:15.8616,858.1,856.0,fixation
10:21:15.8621,858.8,855.7,fixation
10:21:15.8626,859.6,855.4,fixation
10:21:15.8631,860.4,855.3,fixation
10:21:15.8636,860.4,855.8,fixation
10:21:15.8641,860.3,856.0,fixation
10:21:15.8646,860.3,856.0,fixation
10:21:15.8651,860.5,855.9,fixation
10:21:15.8656,860.8,856.1,fixation
10:21:15.8661,861.1,856.1,fixation
10:21:15.8666,861.2,856.3,fixation
10:21:15.8671,860.7,856.4,fixation
10:21:15.8676,860.1,856.7,fixation
10:21:15.8681,859.4,857.2,fixation
10:21:15.8686,859.3,857.7,fixation
10:21:15.8691,859.3,858.2,fixation
10:21:15.8696,859.4,858.0,fixation
10:21:15.8701,859.5,857.7,fixation
10:21:15.8706,859.4,857.4,fixation
10:21:15.8711,859.3,856.2,fixation
10:21:15.8716,859.3,855.1,fixation
10:21:15.8721,859.2,854.0,fixation
10:21:15.8726,858.5,853.6,fixation
10:21:15.8731,857.8,853.7,fixation
10:21:15.8736,856.6,855.1,fixation
10:21:15.8741,856.1,856.5,fixation
10:21:15.8746,855.7,857.7,fixation
10:21:15.8751,855.7,857.7,fixation
10:21:15.8756,855.7,857.1,fixation
10:21:15.8761,855.6,855.9,fixation
10:21:15.8766,855.5,854.9,fixation
10:21:15.8771,855.3,854.6,fixation
10:21:15.8776,855.1,855.1,fixation
10:21:15.8781,855.0,855.4,fixation
10:21:15.8786,855.5,855.7,fixation
10:21:15.8791,856.1,855.8,fixation
10:21:15.8796,856.7,855.9,fixation
10:21:15.8801,856.7,855.9,fixation
10:21:15.8806,857.6,856.1,fixation
10:21:15.8811,858.5,857.1,fixation
10:21:15.8816,859.4,858.2,fixation
10:21:15.8821,859.4,858.0,fixation
10:21:15.8826,859.4,857.0,fixation
10:21:15.8831,859.4,856.0,fixation
10:21:15.8836,859.3,856.2,fixation
10:21:15.8841,859.6,856.4,fixation
10:21:15.8846,859.9,856.6,fixation
10:21:15.8851,860.7,857.4,fixation
10:21:15.8856,861.3,858.4,fixation
10:21:15.8861,861.9,859.3,fixation
10:21:15.8866,861.9,859.3,fixation
10:21:15.8871,861.9,858.7,fixation
10:21:15.8876,861.8,858.0,fixation
10:21:15.8881,861.7,857.4,fixation
10:21:15.8886,860.8,857.0,fixation
10:21:15.8891,860.0,856.5,fixation
10:21:15.8896,859.3,856.2,fixation
10:21:15.8901,859.4,856.4,fixation
10:21:15.8906,859.6,856.3,fixation
10:21:15.8911,859.8,856.1,fixation
10:21:15.8916,859.1,856.1,fixation
10:21:15.8921,857.5,856.6,fixation
10:21:15.8926,855.9,857.8,fixation
10:21:15.8931,855.1,859.0,fixation
10:21:15.8936,855.0,860.0,fixation
10:21:15.8941,854.9,860.3,fixation
10:21:15.8946,854.9,860.2,fixation
10:21:15.8951,855.1,860.1,fixation
10:21:15.8956,855.3,860.1,fixation
10:21:15.8961,855.5,860.1,fixation
10:21:15.8966,855.7,860.1,fixation
10:21:15.8971,856.6,860.6,fixation
10:21:15.8976,857.5,861.0,fixation
10:21:15.8981,858.3,861.4,fixation
10:21:15.8986,858.8,861.1,fixation
10:21:15.8991,859.3,860.9,fixation
10:21:15.8996,859.8,860.7,fixation
10:21:15.9001,859.8,860.7,fixation
10:21:15.9006,860.4,860.0,fixation
10:21:15.9011,861.1,859.2,fixation
10:21:15.9016,861.5,858.1,fixation
10:21:15.9021,861.4,857.7,fixation
10:21:15.9026,861.3,857.5,fixation
10:21:15.9031,861.4,858.0,fixation
10:21:15.9036,861.6,858.5,fixation
10:21:15.9041,861.9,859.1,fixation
10:21:15.9046,862.1,858.5,fixation
10:21:15.9051,861.9,857.9,fixation
10:21:15.9056,860.9,858.1,fixation
10:21:15.9061,860.0,858.7,fixation
10:21:15.9066,859.3,859.4,fixation
10:21:15.9071,859.1,859.4,fixation
10:21:15.9076,858.5,859.1,fixation
10:21:15.9081,857.8,858.5,fixation
10:21:15.9086,857.3,858.0,fixation
10:21:15.9091,857.1,857.7,fixation
10:21:15.9096,857.1,857.6,fixation
10:21:15.9101,857.2,857.9,fixation
10:21:15.9106,857.0,858.2,fixation
10:21:15.9111,857.0,858.7,fixation
10:21:15.9116,857.0,858.8,fixation
10:21:15.9121,857.0,858.9,fixation
10:21:15.9126,856.7,858.9,fixation
10:21:15.9131,856.3,859.2,fixation
10:21:15.9136,856.2,859.5,fixation
10:21:15.9141,856.2,859.8,fixation
10:21:15.9146,856.4,859.9,fixation
10:21:15.9151,856.9,860.2,fixation
10:21:15.9156,857.3,861.1,fixation
10:21:15.9161,857.6,861.9,fixation
10:21:15.9166,858.0,862.7,fixation
10:21:15.9171,859.0,863.3,fixation
10:21:15.9176,860.0,863.9,fixation
10:21:15.9181,860.7,864.2,fixation
10:21:15.9186,860.7,862.7,fixation
10:21:15.9191,860.8,861.5,fixation
10:21:15.9196,860.8,860.3,fixation
10:21:15.9201,860.8,860.7,fixation
10:21:15.9206,860.8,861.2,fixation
10:21:15.9211,860.8,862.4,fixation
10:21:15.9216,861.1,863.5,fixation
10:21:15.9221,861.4,863.9,fixation
10:21:15.9226,861.7,862.4,fixation
10:21:15.9231,861.0,860.7,fixation
10:21:15.9236,860.4,859.5,fixation
10:21:15.9241,859.8,859.3,fixation
10:21:15.9246,860.0,860.2,fixation
10:21:15.9251,860.2,861.1,fixation
10:21:15.9256,859.7,861.8,fixation
10:21:15.9261,858.8,861.4,fixation
10:21:15.9266,857.5,860.7,fixation
10:21:15.9271,856.8,860.3,fixation
10:21:15.9276,856.3,859.7,fixation
10:21:15.9281,856.4,859.3,fixation
10:21:15.9286,856.3,859.0,fixation
10:21:15.9291,856.1,858.5,fixation
10:21:15.9296,855.6,857.9,fixation
10:21:15.9301,855.1,856.8,fixation
10:21:15.9306,854.8,856.1,fixation
10:21:15.9311,854.8,856.9,fixation
10:21:15.9316,855.3,858.3,fixation
10:21:15.9321,855.8,858.8,fixation
10:21:15.9326,856.5,858.1,fixation
10:21:15.9331,856.6,857.3,fixation
10:21:15.9336,856.8,857.5,fixation
10:21:15.9341,857.1,857.8,fixation
10:21:15.9346,857.3,858.4,fixation
10:21:15.9351,857.5,859.3,fixation
10:21:15.9356,857.6,860.0,fixation
10:21:15.9361,858.0,860.5,fixation
10:21:15.9366,858.8,860.6,fixation
10:21:15.9371,859.3,860.8,fixation
10:21:15.9376,859.6,862.0,fixation
10:21:15.9381,859.7,863.1,fixation
10:21:15.9386,860.0,863.8,fixation
10:21:15.9391,860.2,863.2,fixation
10:21:15.9396,860.3,862.2,fixation
10:21:15.9401,860.5,861.7,fixation
10:21:15.9406,860.8,861.1,fixation
10:21:15.9411,860.7,860.8,fixation
10:21:15.9416,860.3,860.4,fixation
10:21:15.9421,859.7,860.0,fixation
10:21:15.9426,859.5,860.9,fixation
10:21:15.9431,860.0,862.0,fixation
10:21:15.9436,860.6,863.2,fixation
10:21:15.9441,861.0,863.5,fixation
10:21:15.9446,859.7,863.5,fixation
10:21:15.9451,858.4,863.2,fixation
10:21:15.9456,856.7,861.3,saccade
10:21:15.9461,856.3,859.9,saccade
10:21:15.9466,856.2,858.6,saccade
10:21:15.9471,856.4,857.9,saccade
10:21:15.9476,856.7,857.6,saccade
10:21:15.9481,857.0,857.5,saccade
10:21:15.9486,857.2,857.2,saccade
10:21:15.9491,857.1,857.1,saccade
10:21:15.9496,857.0,857.1,saccade
10:21:15.9501,857.0,857.5,saccade
10:21:15.9506,857.9,857.9,saccade
10:21:15.9511,858.8,858.4,saccade
10:21:15.9516,858.6,857.0,saccade
10:21:15.9521,857.2,855.3,saccade
10:21:15.9526,855.8,853.4,saccade
10:21:15.9531,852.9,852.5,saccade
10:21:15.9536,848.8,848.7,saccade
10:21:15.9541,844.3,844.1,saccade
10:21:15.9546,841.6,838.0,saccade
10:21:15.9551,838.1,831.6,saccade
10:21:15.9556,833.8,823.7,saccade
10:21:15.9561,829.2,817.0,saccade
10:21:15.9566,826.4,810.5,saccade
10:21:15.9571,823.1,806.2,saccade
10:21:15.9576,816.5,798.3,saccade
10:21:15.9581,808.4,790.9,saccade
10:21:15.9586,799.8,779.1,saccade
10:21:15.9591,793.4,768.2,saccade
10:21:15.9596,788.0,755.1,saccade
10:21:15.9601,783.4,741.5,saccade
10:21:15.9606,778.1,728.4,saccade
10:21:15.9611,771.9,713.9,saccade
10:21:15.9616,765.6,703.4,saccade
10:21:15.9621,761.5,693.2,saccade
10:21:15.9626,756.8,684.6,saccade
10:21:15.9631,751.5,672.2,saccade
10:21:15.9636,744.7,658.0,saccade
10:21:15.9641,738.9,642.6,saccade
10:21:15.9646,733.6,629.3,saccade
10:21:15.9651,726.9,617.6,saccade
10:21:15.9656,720.9,605.9,saccade
10:21:15.9661,714.6,591.8,saccade
10:21:15.9666,709.5,579.7,saccade
10:21:15.9671,702.5,567.8,saccade
10:21:15.9676,695.3,558.4,saccade
10:21:15.9681,689.3,544.7,saccade
10:21:15.9686,685.2,530.6,saccade
10:21:15.9691,680.7,516.6,saccade
10:21:15.9696,675.2,507.4,saccade
10:21:15.9701,670.1,500.5,saccade
10:21:15.9706,666.6,492.2,saccade
10:21:15.9711,665.3,478.8,saccade
10:21:15.9716,663.5,468.8,saccade
10:21:15.9721,661.4,456.6,saccade
10:21:15.9726,658.4,449.4,saccade
10:21:15.9731,656.8,438.9,saccade
10:21:15.9736,656.3,433.1,saccade
10:21:15.9741,656.4,426.1,saccade
10:21:15.9746,656.4,421.1,saccade
10:21:15.9751,655.2,411.1,saccade
10:21:15.9756,654.1,401.8,saccade
10:21:15.9761,652.6,393.2,saccade
10:21:15.9766,652.4,388.9,saccade
10:21:15.9771,652.1,385.8,saccade
10:21:15.9776,652.9,381.0,saccade
10:21:15.9781,654.5,377.0,saccade
10:21:15.9786,656.4,370.3,saccade
10:21:15.9791,657.7,363.4,saccade
10:21:15.9796,657.3,354.9,saccade
10:21:15.9801,655.8,347.4,saccade
10:21:15.9806,654.2,342.4,saccade
10:21:15.9811,653.7,336.3,saccade
10:21:15.9816,654.0,330.1,saccade
10:21:15.9821,654.3,320.7,saccade
10:21:15.9826,654.7,310.1,saccade
10:21:15.9831,654.3,300.3,saccade
10:21:15.9836,652.2,289.2,saccade
10:21:15.9841,649.5,283.1,saccade
10:21:15.9846,646.9,274.1,saccade
10:21:15.9851,645.8,265.2,saccade
10:21:15.9856,645.2,254.1,saccade
10:21:15.9861,644.0,242.7,saccade
10:21:15.9866,642.9,234.1,saccade
10:21:15.9871,639.7,227.8,saccade
10:21:15.9876,637.0,224.3,saccade
10:21:15.9881,632.1,220.4,saccade
10:21:15.9886,627.8,216.0,saccade
10:21:15.9891,623.8,212.7,saccade
10:21:15.9896,621.5,209.8,saccade
10:21:15.9901,620.4,203.7,saccade
10:21:15.9906,620.0,196.0,saccade
10:21:15.9911,620.3,188.3,saccade
10:21:15.9916,618.9,184.3,saccade
10:21:15.9921,617.3,182.6,saccade
10:21:15.9926,615.8,182.3,saccade
10:21:15.9931,616.2,181.1,saccade
10:21:15.9936,616.1,178.1,saccade
10:21:15.9941,615.0,175.1,saccade
10:21:15.9946,614.1,171.9,saccade
10:21:15.9951,613.7,170.5,saccade
10:21:15.9956,614.3,168.7,saccade
10:21:15.9961,615.1,167.8,saccade
10:21:15.9966,616.4,166.7,saccade
10:21:15.9971,617.5,165.7,saccade
10:21:15.9976,618.3,165.0,saccade
10:21:15.9981,619.1,164.2,saccade
10:21:15.9986,619.7,163.7,saccade
10:21:15.9991,620.3,163.5,saccade
10:21:15.9996,621.2,163.5,saccade
10:21:16.0001,622.3,162.4,saccade
10:21:16.0006,623.6,161.4,saccade
10:21:16.0010,623.9,160.5,saccade
10:21:16.0015,624.2,160.9,saccade
10:21:16.002,624.8,161.6,saccade
10:21:16.0024,625.4,163.0,saccade
10:21:16.0029,626.0,164.1,saccade
10:21:16.0034,626.0,164.3,saccade
10:21:16.0038,626.0,163.7,saccade
10:21:16.0042,625.8,166.5,saccade
10:21:16.0047,625.0,169.9,saccade
10:21:16.0052,624.3,173.7,saccade
10:21:16.0056,622.9,174.0,saccade
10:21:16.0061,621.7,174.2,saccade
10:21:16.0066,620.5,174.0,saccade
10:21:16.0070,620.0,174.3,saccade
10:21:16.0075,619.5,175.0,saccade
10:21:16.008,618.9,176.6,saccade
10:21:16.0084,618.1,177.8,saccade
10:21:16.0089,617.3,178.6,saccade
10:21:16.0094,616.4,180.3,saccade
10:21:16.0099,615.8,182.0,saccade
10:21:16.0103,615.6,183.7,saccade
10:21:16.0108,615.6,183.7,saccade
10:21:16.0113,615.4,183.7,saccade
10:21:16.0117,615.1,183.7,saccade
10:21:16.0122,613.8,179.9,fixation
10:21:16.0127,613.0,176.5,fixation
10:21:16.0131,612.3,174.6,fixation
10:21:16.0136,612.2,173.8,fixation
10:21:16.0141,612.3,174.1,fixation
10:21:16.0145,612.4,174.3,fixation
10:21:16.015,612.9,173.2,fixation
10:21:16.0155,613.2,172.2,fixation
10:21:16.016,613.5,171.2,fixation
10:21:16.0164,613.8,171.0,fixation
10:21:16.0169,614.1,170.5,fixation
10:21:16.0174,614.3,169.7,fixation
10:21:16.0178,614.6,167.6,fixation
10:21:16.0183,614.3,164.8,fixation
10:21:16.0188,613.4,162.5,fixation
10:21:16.0192,612.1,161.4,fixation
10:21:16.0197,611.3,161.0,fixation
10:21:16.0202,611.0,159.1,fixation
10:21:16.0206,611.1,157.3,fixation
10:21:16.0211,611.1,156.4,fixation
10:21:16.0216,610.9,157.0,fixation
10:21:16.0221,610.8,156.2,fixation
10:21:16.0225,609.7,152.3,fixation
10:21:16.023,608.6,148.5,fixation
10:21:16.0235,608.3,146.6,fixation
10:21:16.0239,609.1,147.8,fixation
10:21:16.0244,609.9,149.1,fixation
10:21:16.0249,610.0,149.7,fixation
10:21:16.0253,610.1,149.7,fixation
10:21:16.0258,610.2,149.7,fixation
10:21:16.0263,610.2,149.7,fixation
10:21:16.0267,609.5,149.7,fixation
10:21:16.0272,608.8,149.9,fixation
10:21:16.0277,608.6,150.5,fixation
10:21:16.0282,609.2,150.5,fixation
10:21:16.0286,609.8,150.2,fixation
10:21:16.0291,610.1,150.3,fixation
10:21:16.0296,610.8,151.0,fixation
10:21:16.0300,611.4,151.4,fixation
10:21:16.0305,610.3,150.8,fixation
10:21:16.031,608.8,150.3,fixation
10:21:16.0314,607.7,150.1,fixation
10:21:16.0319,608.1,148.3,fixation
10:21:16.0324,608.5,146.5,fixation
10:21:16.0328,608.6,145.0,fixation
10:21:16.0333,608.5,145.3,fixation
10:21:16.0338,608.8,145.7,fixation
10:21:16.0342,609.1,147.2,fixation
10:21:16.0346,609.1,148.7,fixation
10:21:16.0351,608.9,148.7,fixation
10:21:16.0356,609.1,146.5,fixation
10:21:16.0360,609.7,144.0,fixation
10:21:16.0365,610.3,142.9,fixation
10:21:16.037,610.7,142.5,fixation
10:21:16.0374,610.3,142.2,fixation
10:21:16.0379,609.7,141.9,fixation
10:21:16.0384,609.1,141.6,fixation
10:21:16.0388,609.5,141.6,fixation
10:21:16.0392,610.1,141.4,fixation
10:21:16.0397,610.7,141.2,fixation
10:21:16.0402,610.4,142.4,fixation
10:21:16.0406,610.2,143.8,fixation
10:21:16.0411,609.0,144.8,fixation
10:21:16.0416,607.9,144.7,fixation
10:21:16.0420,606.5,144.7,fixation
10:21:16.0425,606.1,145.5,fixation
10:21:16.043,605.8,146.2,fixation
10:21:16.0434,605.8,146.7,fixation
10:21:16.0438,605.5,145.8,fixation
10:21:16.0443,605.3,144.7,fixation
10:21:16.0448,605.1,144.1,fixation
10:21:16.0452,605.1,145.7,fixation
10:21:16.0457,605.1,147.3,fixation
10:21:16.0462,605.1,147.9,fixation
10:21:16.0466,605.2,147.3,fixation
10:21:16.0471,605.2,147.0,fixation
10:21:16.0476,604.7,147.2,fixation
10:21:16.0480,604.5,147.4,fixation
10:21:16.0484,604.6,147.5,fixation
10:21:16.0489,605.2,147.0,fixation
10:21:16.0494,605.1,146.4,fixation
10:21:16.0498,604.7,145.9,fixation
10:21:16.0503,604.2,145.9,fixation
10:21:16.0508,604.0,146.0,fixation
10:21:16.0512,603.7,145.9,fixation
10:21:16.0517,603.4,144.5,fixation
10:21:16.0522,603.5,142.3,fixation
10:21:16.0526,603.7,140.2,fixation
10:21:16.0531,603.7,139.9,fixation
10:21:16.0536,603.7,140.2,fixation
10:21:16.0541,603.7,140.5,fixation
10:21:16.0545,603.9,140.4,fixation
10:21:16.055,604.0,140.2,fixation
10:21:16.0555,604.0,140.0,fixation
10:21:16.0559,603.4,139.9,fixation
10:21:16.0564,602.9,140.5,fixation
10:21:16.0569,602.5,141.0,fixation
10:21:16.0573,603.4,142.4,fixation
10:21:16.0578,604.1,143.4,fixation
10:21:16.0583,604.8,144.4,fixation
10:21:16.0587,604.8,144.5,fixation
10:21:16.0592,604.8,145.0,fixation
10:21:16.0597,604.8,145.8,fixation
10:21:16.0602,604.8,146.7,fixation
10:21:16.0606,604.8,147.1,fixation
10:21:16.0611,604.8,148.7,fixation
10:21:16.0616,605.0,150.4,fixation
10:21:16.0620,605.3,151.3,fixation
10:21:16.0625,605.6,150.9,fixation
10:21:16.063,605.7,150.3,fixation
10:21:16.0634,605.7,150.4,fixation
10:21:16.0639,605.8,148.5,fixation
10:21:16.0644,605.9,146.8,fixation
10:21:16.0648,606.1,146.7,fixation
10:21:16.0653,606.3,148.1,fixation
10:21:16.0658,606.5,149.5,fixation
10:21:16.0663,606.5,149.7,fixation
10:21:16.0667,606.3,150.4,fixation
10:21:16.0672,606.0,151.1,fixation
10:21:16.0677,605.9,152.1,fixation
10:21:16.0681,605.6,152.7,fixation
10:21:16.0686,605.4,151.8,fixation
10:21:16.0691,605.2,150.4,fixation
10:21:16.0695,605.2,149.0,fixation
10:21:16.07,605.1,149.1,fixation
10:21:16.0705,605.3,149.1,fixation
10:21:16.0709,605.6,149.2,fixation
10:21:16.0714,605.9,149.4,fixation
10:21:16.0719,605.8,149.4,fixation
10:21:16.0724,606.5,148.9,fixation
10:21:16.0728,607.6,147.8,fixation
10:21:16.0733,608.5,147.2,fixation
10:21:16.0738,608.7,146.8,fixation
10:21:16.0742,608.8,146.0,fixation
10:21:16.0747,608.8,145.0,fixation
10:21:16.0752,608.8,144.0,fixation
10:21:16.0756,608.5,144.1,fixation
10:21:16.0761,607.4,144.2,fixation
10:21:16.0766,606.5,144.3,fixation
10:21:16.0770,605.6,144.6,fixation
10:21:16.0775,605.7,145.0,fixation
10:21:16.078,605.8,145.2,fixation
10:21:16.0785,606.9,145.1,fixation
10:21:16.0789,607.9,144.8,fixation
10:21:16.0794,608.5,144.7,fixation
10:21:16.0799,608.3,144.7,fixation
10:21:16.0803,608.0,144.5,fixation
10:21:16.0808,607.5,144.3,fixation
10:21:16.0813,606.8,144.0,fixation
10:21:16.0817,606.1,143.3,fixation
10:21:16.0822,606.1,142.6,fixation
10:21:16.0827,605.6,141.6,fixation
10:21:16.0831,605.1,141.1,fixation
10:21:16.0836,604.9,140.6,fixation
10:21:16.0841,605.0,141.8,fixation
10:21:16.0846,605.1,143.3,fixation
10:21:16.0850,605.1,144.0,fixation
10:21:16.0855,605.1,143.4,fixation
10:21:16.086,604.7,142.8,fixation
10:21:16.0864,603.9,142.8,fixation
10:21:16.0869,603.2,142.8,fixation
10:21:16.0874,603.0,142.2,fixation
10:21:16.0878,603.0,141.6,fixation
10:21:16.0883,603.1,140.8,fixation
10:21:16.0888,603.1,140.7,fixation
10:21:16.0892,603.0,141.1,fixation
10:21:16.0897,603.1,142.0,fixation
10:21:16.0902,603.1,143.3,fixation
10:21:16.0907,603.0,144.1,fixation
10:21:16.0911,602.6,144.5,fixation
10:21:16.0916,602.3,144.5,fixation
10:21:16.0921,602.1,144.4,fixation
10:21:16.0925,602.1,143.8,fixation
10:21:16.093,602.1,143.0,fixation
10:21:16.0935,602.1,142.2,fixation
10:21:16.0939,602.1,142.2,fixation
10:21:16.0944,602.2,142.4,fixation
10:21:16.0949,602.6,142.7,fixation
10:21:16.0953,603.0,143.4,fixation
10:21:16.0958,603.5,144.3,fixation
10:21:16.0963,603.7,145.1,fixation
10:21:16.0967,603.6,146.3,fixation
10:21:16.0971,604.1,147.0,fixation
10:21:16.0976,604.7,146.9,fixation
10:21:16.0981,605.3,146.1,fixation
10:21:16.0985,605.5,145.5,fixation
10:21:16.099,605.6,146.2,fixation
10:21:16.0995,605.5,146.8,fixation
10:21:16.0999,605.3,147.4,fixation
10:21:16.1004,604.9,147.6,fixation
10:21:16.1009,604.7,147.9,fixation
10:21:16.1013,604.6,148.1,fixation
10:21:16.1017,604.8,148.3,fixation
10:21:16.1022,605.1,148.5,fixation
10:21:16.1027,605.2,148.7,fixation
10:21:16.1031,605.2,148.6,fixation
10:21:16.1036,605.0,148.5,fixation
10:21:16.1041,604.6,148.4,fixation
10:21:16.1045,604.2,148.8,fixation
10:21:16.105,604.0,149.3,fixation
10:21:16.1055,603.9,149.5,fixation
10:21:16.1059,603.8,149.5,fixation
10:21:16.1063,603.8,149.6,fixation
10:21:16.1068,603.8,150.3,fixation
10:21:16.1073,603.8,151.0,fixation
10:21:16.1077,603.8,151.7,fixation
10:21:16.1082,603.9,151.2,fixation
10:21:16.1087,604.0,150.6,fixation
10:21:16.1091,604.1,150.1,fixation
10:21:16.1096,603.9,150.7,fixation
10:21:16.1101,603.7,151.3,fixation
10:21:16.1105,603.9,152.1,fixation
10:21:16.1109,604.3,152.3,fixation
10:21:16.1114,604.9,150.3,fixation
10:21:16.1119,605.2,148.1,fixation
10:21:16.1123,605.1,146.4,fixation
10:21:16.1128,604.7,147.4,fixation
10:21:16.1133,605.1,148.9,fixation
10:21:16.1137,605.9,150.3,fixation
10:21:16.1142,606.2,151.7,fixation
10:21:16.1147,605.6,152.5,fixation
10:21:16.1151,605.5,151.8,fixation
10:21:16.1156,606.0,150.9,fixation
10:21:16.1161,606.0,150.0,fixation
10:21:16.1166,605.5,150.3,fixation
10:21:16.1170,605.0,151.3,fixation
10:21:16.1175,604.9,152.3,fixation
10:21:16.118,605.0,153.4,fixation
10:21:16.1184,605.6,153.4,fixation
10:21:16.1189,606.2,153.3,fixation
10:21:16.1194,606.4,153.3,fixation
10:21:16.1198,606.3,153.3,fixation
10:21:16.1203,606.2,153.5,fixation
10:21:16.1208,606.4,153.8,fixation
10:21:16.1212,606.6,153.3,fixation
10:21:16.1217,606.8,152.6,fixation
10:21:16.1222,606.8,151.9,fixation
10:21:16.1227,607.0,151.8,fixation
10:21:16.1231,607.2,151.6,fixation
10:21:16.1236,607.5,149.9,fixation
10:21:16.1241,607.6,148.3,fixation
10:21:16.1245,607.2,147.6,fixation
10:21:16.125,606.5,148.6,fixation
10:21:16.1255,605.6,149.7,fixation
10:21:16.1259,604.9,150.4,fixation
10:21:16.1264,604.3,150.8,fixation
10:21:16.1269,603.9,150.0,fixation
10:21:16.1273,603.7,148.6,fixation
10:21:16.1278,603.6,147.4,fixation
10:21:16.1283,603.6,147.4,fixation
10:21:16.1288,603.9,147.7,fixation
10:21:16.1292,604.3,148.1,fixation
10:21:16.1297,604.6,148.0,fixation
10:21:16.1302,604.8,147.3,fixation
10:21:16.1306,604.9,146.5,fixation
10:21:16.1311,604.5,146.0,fixation
10:21:16.1316,604.1,146.1,fixation
10:21:16.1320,605.0,146.1,fixation
10:21:16.1325,606.7,145.7,fixation
10:21:16.133,608.3,145.2,fixation
10:21:16.1334,608.4,144.5,fixation
10:21:16.1339,608.2,144.4,fixation
10:21:16.1344,608.1,146.3,fixation
10:21:16.1349,608.2,148.3,fixation
10:21:16.1353,608.3,149.3,fixation
10:21:16.1358,608.2,148.3,fixation
10:21:16.1363,608.0,148.4,fixation
10:21:16.1367,607.8,148.8,fixation
10:21:16.1372,607.7,149.2,fixation
10:21:16.1377,607.8,148.5,fixation
10:21:16.1381,607.8,148.6,fixation
10:21:16.1386,607.7,150.5,fixation
10:21:16.1391,607.7,152.4,fixation
10:21:16.1395,607.7,151.7,fixation
10:21:16.14,607.4,149.2,fixation
10:21:16.1405,607.0,147.6,fixation
10:21:16.141,606.5,149.0,fixation
10:21:16.1414,606.6,152.4,fixation
10:21:16.1419,607.0,155.0,fixation
10:21:16.1424,607.5,157.7,fixation
10:21:16.1428,607.8,158.4,fixation
10:21:16.1433,608.0,158.9,fixation
10:21:16.1438,608.6,155.4,fixation
10:21:16.1442,609.3,152.0,fixation
10:21:16.1447,610.0,148.8,fixation
10:21:16.1452,610.3,149.1,fixation
10:21:16.1456,610.0,150.1,fixation
10:21:16.1461,609.5,151.0,fixation
10:21:16.1466,608.9,152.0,fixation
10:21:16.1471,608.8,152.4,fixation
10:21:16.1475,608.9,153.0,fixation
10:21:16.148,608.7,154.0,fixation
10:21:16.1485,608.4,154.8,fixation
10:21:16.1489,607.9,155.9,fixation
10:21:16.1494,607.5,156.8,fixation
10:21:16.1499,607.2,157.7,fixation
10:21:16.1503,606.3,158.1,fixation
10:21:16.1508,605.7,157.7,fixation
10:21:16.1513,605.6,157.1,fixation
10:21:16.1517,606.2,156.6,fixation
10:21:16.1522,606.7,156.3,fixation
10:21:16.1527,607.0,156.6,fixation
10:21:16.1532,607.3,158.5,fixation
10:21:16.1536,607.5,159.4,fixation
10:21:16.1541,607.7,159.9,fixation
10:21:16.1546,607.8,158.9,fixation
10:21:16.1550,607.8,158.8,fixation
10:21:16.1555,607.9,158.9,fixation
10:21:16.156,607.9,158.7,fixation
10:21:16.1564,608.0,158.5,fixation
10:21:16.1569,608.8,157.9,fixation
10:21:16.1574,609.5,157.5,fixation
10:21:16.1578,610.1,157.3,fixation
10:21:16.1583,610.0,157.5,fixation
10:21:16.1588,609.9,157.8,fixation
10:21:16.1592,609.9,159.3,fixation
10:21:16.1596,610.0,160.9,fixation
10:21:16.1601,609.7,160.8,fixation
10:21:16.1606,608.5,159.2,fixation
10:21:16.1610,607.3,157.5,fixation
10:21:16.1615,606.6,157.3,fixation
10:21:16.162,606.6,157.8,fixation
10:21:16.1624,606.7,158.4,fixation
10:21:16.1629,606.5,159.0,fixation
10:21:16.1634,606.4,159.1,fixation
10:21:16.1638,606.3,159.1,fixation
10:21:16.1642,606.8,158.8,fixation
10:21:16.1647,607.3,158.8,fixation
10:21:16.1652,607.7,158.7,fixation
10:21:16.1656,607.5,158.8,fixation
10:21:16.1661,607.4,158.7,fixation
10:21:16.1666,607.3,158.7,fixation
10:21:16.1670,607.3,158.7,fixation
10:21:16.1675,607.3,158.7,fixation
10:21:16.168,607.9,158.8,fixation
10:21:16.1684,608.6,159.0,fixation
10:21:16.1688,609.3,159.1,fixation
10:21:16.1693,608.8,159.1,fixation
10:21:16.1698,608.1,158.8,fixation
10:21:16.1702,608.8,158.7,fixation
10:21:16.1707,610.4,158.4,fixation
10:21:16.1712,612.1,158.0,fixation
10:21:16.1716,612.5,157.7,fixation
10:21:16.1721,612.7,158.2,fixation
10:21:16.1726,612.0,158.9,fixation
10:21:16.1730,611.3,159.2,fixation
10:21:16.1734,611.3,159.0,fixation
10:21:16.1739,611.9,159.0,fixation
10:21:16.1744,611.6,159.9,fixation
10:21:16.1748,610.6,160.8,fixation
10:21:16.1753,609.9,161.8,fixation
10:21:16.1758,610.4,161.0,fixation
10:21:16.1762,610.9,160.2,fixation
10:21:16.1767,610.2,159.3,fixation
10:21:16.1772,609.2,159.2,fixation
10:21:16.1776,608.2,158.6,fixation
10:21:16.1781,608.1,158.0,fixation
10:21:16.1786,608.1,158.6,fixation
10:21:16.1791,608.1,159.9,fixation
10:21:16.1795,608.2,160.8,fixation
10:21:16.18,608.3,159.7,fixation
10:21:16.1805,608.4,158.7,fixation
10:21:16.1809,608.5,158.0,fixation
10:21:16.1814,608.7,158.2,fixation
10:21:16.1819,609.1,157.9,fixation
10:21:16.1823,609.5,157.5,fixation
10:21:16.1828,609.8,156.9,fixation
10:21:16.1833,610.0,156.7,fixation
10:21:16.1837,610.2,156.6,fixation
10:21:16.1842,610.3,156.9,fixation
10:21:16.1847,610.2,157.2,fixation
10:21:16.1852,610.5,157.4,fixation
10:21:16.1856,610.9,157.5,fixation
10:21:16.1861,611.9,157.4,fixation
10:21:16.1866,612.5,156.9,fixation
10:21:16.1870,613.5,155.8,saccade
10:21:16.1875,613.6,155.5,saccade
10:21:16.188,613.4,156.8,saccade
10:21:16.1884,613.1,158.5,saccade
10:21:16.1889,612.6,160.5,saccade
10:21:16.1894,612.3,161.1,saccade
10:21:16.1898,612.0,161.7,saccade
10:21:16.1903,611.9,161.9,saccade
10:21:16.1908,612.5,161.8,saccade
10:21:16.1913,613.7,162.5,saccade
10:21:16.1917,615.7,164.1,saccade
10:21:16.1922,617.9,165.9,saccade
10:21:16.1927,619.5,166.7,saccade
10:21:16.1931,620.4,166.6,saccade
10:21:16.1936,620.5,166.0,saccade
10:21:16.1941,623.5,165.6,saccade
10:21:16.1945,626.6,165.6,saccade
10:21:16.195,631.1,166.5,saccade
10:21:16.1955,632.7,167.5,saccade
10:21:16.1959,636.3,166.9,saccade
10:21:16.1964,640.3,164.4,saccade
10:21:16.1969,645.8,162.9,saccade
10:21:16.1974,650.2,162.5,saccade
10:21:16.1978,653.7,163.2,saccade
10:21:16.1983,658.7,164.1,saccade
10:21:16.1988,664.1,164.7,saccade
10:21:16.1992,669.2,164.9,saccade
10:21:16.1997,672.6,163.8,saccade
10:21:16.2002,677.2,163.4,saccade
10:21:16.2006,683.8,163.9,saccade
10:21:16.2011,690.6,164.2,saccade
10:21:16.2016,696.6,164.2,saccade
10:21:16.2020,701.1,162.7,saccade
10:21:16.2025,706.9,162.5,saccade
10:21:16.203,711.0,159.3,saccade
10:21:16.2035,714.6,157.1,saccade
10:21:16.2039,717.5,155.2,saccade
10:21:16.2044,720.6,156.0,saccade
10:21:16.2049,723.6,156.6,saccade
10:21:16.2053,725.1,156.8,saccade
10:21:16.2058,726.0,156.9,saccade
10:21:16.2063,726.7,154.8,saccade
10:21:16.2067,726.4,152.6,saccade
10:21:16.2072,725.7,152.8,saccade
10:21:16.2077,724.8,155.2,saccade
10:21:16.2081,724.5,157.4,saccade
10:21:16.2086,724.2,156.8,saccade
10:21:16.2091,723.7,156.2,saccade
10:21:16.2096,722.3,156.1,saccade
10:21:16.2100,718.5,156.8,fixation
10:21:16.2105,717.1,157.2,fixation
10:21:16.211,714.7,157.8,fixation
10:21:16.2114,713.3,158.0,fixation
10:21:16.2119,711.6,158.6,fixation
10:21:16.2124,709.6,159.3,fixation
10:21:16.2128,707.8,160.1,fixation
10:21:16.2133,706.1,160.4,fixation
10:21:16.2138,705.4,160.3,fixation
10:21:16.2142,704.8,160.2,fixation
10:21:16.2147,704.3,160.1,fixation
10:21:16.2152,703.9,160.1,fixation
10:21:16.2157,703.4,160.3,fixation
10:21:16.2161,702.2,160.1,fixation
10:21:16.2166,701.5,160.1,fixation
10:21:16.2171,700.9,160.3,fixation
10:21:16.2175,701.1,160.8,fixation
10:21:16.218,701.4,160.5,fixation
10:21:16.2185,701.6,159.9,fixation
10:21:16.2189,700.9,158.9,fixation
10:21:16.2194,699.7,158.4,fixation
10:21:16.2199,698.5,158.2,fixation
10:21:16.2203,697.9,158.3,fixation
10:21:16.2208,697.7,158.5,fixation
10:21:16.2213,697.4,160.7,fixation
10:21:16.2217,697.2,162.8,fixation
10:21:16.2221,697.2,163.6,fixation
10:21:16.2226,697.4,162.4,fixation
10:21:16.2231,697.0,161.0,fixation
10:21:16.2235,696.2,159.3,fixation
10:21:16.224,695.2,157.3,fixation
10:21:16.2245,694.7,155.5,fixation
10:21:16.2249,693.6,155.7,fixation
10:21:16.2254,692.6,157.2,fixation
10:21:16.2259,691.8,158.9,fixation
10:21:16.2263,691.8,160.4,fixation
10:21:16.2267,692.0,159.3,fixation
10:21:16.2272,692.1,158.0,fixation
10:21:16.2277,692.0,156.6,fixation
10:21:16.2281,691.8,156.5,fixation
10:21:16.2286,691.6,156.8,fixation
10:21:16.2291,691.7,157.1,fixation
10:21:16.2295,691.9,157.1,fixation
10:21:16.23,691.8,156.8,fixation
10:21:16.2305,691.7,156.2,fixation
10:21:16.2309,692.0,155.8,fixation
10:21:16.2313,692.4,155.3,fixation
10:21:16.2318,692.8,155.6,fixation
10:21:16.2323,693.4,157.0,fixation
10:21:16.2327,693.9,158.4,fixation
10:21:16.2332,694.3,159.3,fixation
10:21:16.2337,693.3,159.4,fixation
10:21:16.2341,692.4,159.1,fixation
10:21:16.2346,692.5,158.8,fixation
10:21:16.2351,693.4,158.3,fixation
10:21:16.2355,694.2,159.2,fixation
10:21:16.2359,694.7,160.3,fixation
10:21:16.2364,695.1,161.6,fixation
10:21:16.2369,694.9,161.8,fixation
10:21:16.2373,694.4,160.8,fixation
10:21:16.2378,693.9,159.7,fixation
10:21:16.2383,693.8,159.8,fixation
10:21:16.2387,693.4,161.4,fixation
10:21:16.2392,692.7,162.9,fixation
10:21:16.2397,692.3,162.0,fixation
10:21:16.2401,692.2,160.9,fixation
10:21:16.2406,692.4,159.8,fixation
10:21:16.2411,692.5,160.2,fixation
10:21:16.2416,692.5,160.6,fixation
10:21:16.2420,692.7,161.0,fixation
10:21:16.2425,692.9,161.2,fixation
10:21:16.243,693.1,161.5,fixation
10:21:16.2434,692.9,161.6,fixation
10:21:16.2439,692.7,161.1,fixation
10:21:16.2444,692.5,160.5,fixation
10:21:16.2448,692.5,159.9,fixation
10:21:16.2453,692.5,159.9,fixation
10:21:16.2458,692.9,159.8,fixation
10:21:16.2462,693.4,159.2,fixation
10:21:16.2467,693.3,158.6,fixation
10:21:16.2472,692.9,157.9,fixation
10:21:16.2477,692.2,157.8,fixation
10:21:16.2481,692.2,156.8,fixation
10:21:16.2486,692.2,155.8,fixation
10:21:16.2491,692.7,154.8,fixation
10:21:16.2495,694.3,155.1,fixation
10:21:16.25,695.8,155.2,fixation
10:21:16.2505,697.0,155.3,fixation
10:21:16.2509,695.9,155.0,fixation
10:21:16.2514,694.8,154.9,fixation
10:21:16.2519,693.8,154.8,fixation
10:21:16.2523,693.7,156.0,fixation
10:21:16.2528,693.6,157.2,fixation
10:21:16.2533,693.6,158.5,fixation
10:21:16.2538,693.3,158.6,fixation
10:21:16.2542,693.1,158.2,fixation
10:21:16.2547,692.9,157.6,fixation
10:21:16.2552,693.0,158.7,fixation
10:21:16.2556,693.6,160.4,fixation
10:21:16.2561,694.0,162.0,fixation
10:21:16.2566,694.4,162.0,fixation
10:21:16.2570,694.2,161.9,fixation
10:21:16.2575,694.5,162.0,fixation
10:21:16.258,695.0,161.5,fixation
10:21:16.2584,695.5,161.0,fixation
10:21:16.2589,695.4,161.9,fixation
10:21:16.2594,694.9,163.5,fixation
10:21:16.2599,694.3,165.0,fixation
10:21:16.2603,694.2,163.7,fixation
10:21:16.2608,694.6,162.4,fixation
10:21:16.2613,694.9,161.5,fixation
10:21:16.2617,694.6,161.6,fixation
10:21:16.2622,694.2,161.6,fixation
10:21:16.2627,693.6,163.5,fixation
10:21:16.2631,693.9,165.9,fixation
10:21:16.2636,694.5,168.5,fixation
10:21:16.2641,695.2,168.9,fixation
10:21:16.2645,695.1,168.7,fixation
10:21:16.265,694.8,168.0,fixation
10:21:16.2655,694.4,167.5,fixation
10:21:16.266,694.1,167.6,fixation
10:21:16.2664,693.9,169.0,fixation
10:21:16.2669,693.9,170.1,fixation
10:21:16.2674,694.6,171.1,fixation
10:21:16.2678,695.4,171.0,fixation
10:21:16.2683,695.6,170.3,fixation
10:21:16.2688,694.4,169.5,fixation
10:21:16.2692,693.3,168.7,fixation
10:21:16.2697,693.0,168.9,fixation
10:21:16.2702,693.4,169.2,fixation
10:21:16.2706,694.5,169.3,fixation
10:21:16.2711,695.5,167.5,fixation
10:21:16.2716,696.3,165.7,fixation
10:21:16.2721,696.3,164.7,fixation
10:21:16.2725,696.0,165.3,fixation
10:21:16.273,695.8,165.8,fixation
10:21:16.2735,695.5,164.4,fixation
10:21:16.2739,695.2,162.9,fixation
10:21:16.2744,695.3,163.3,fixation
10:21:16.2749,695.6,165.0,fixation
10:21:16.2753,695.5,167.1,fixation
10:21:16.2758,695.1,167.8,fixation
10:21:16.2763,694.8,168.1,fixation
10:21:16.2767,695.3,167.7,fixation
10:21:16.2772,695.6,166.0,fixation
10:21:16.2777,695.8,164.7,fixation
10:21:16.2782,695.7,163.8,fixation
10:21:16.2786,695.9,163.9,fixation
10:21:16.2791,696.0,164.5,fixation
10:21:16.2796,696.3,166.1,fixation
10:21:16.2800,696.6,167.7,fixation
10:21:16.2805,697.5,167.0,fixation
10:21:16.281,698.3,165.3,fixation
10:21:16.2814,698.9,163.7,fixation
10:21:16.2819,699.1,164.0,fixation
10:21:16.2824,699.5,165.4,fixation
10:21:16.2828,699.8,166.6,fixation
10:21:16.2833,700.3,168.2,fixation
10:21:16.2838,700.6,168.7,fixation
10:21:16.2842,700.9,169.2,fixation
10:21:16.2846,701.0,168.7,fixation
10:21:16.2851,701.3,168.2,fixation
10:21:16.2856,701.6,167.6,fixation
10:21:16.2860,701.6,167.6,fixation
10:21:16.2865,701.6,167.9,fixation
10:21:16.287,701.9,168.4,fixation
10:21:16.2874,702.2,169.0,fixation
10:21:16.2879,702.5,169.5,fixation
10:21:16.2884,702.7,169.7,fixation
10:21:16.2888,703.1,168.4,fixation
10:21:16.2892,703.5,166.9,fixation
10:21:16.2897,703.7,165.9,fixation
10:21:16.2902,703.5,166.4,fixation
10:21:16.2906,703.4,166.7,fixation
10:21:16.2911,703.5,166.3,fixation
10:21:16.2916,703.6,165.5,fixation
10:21:16.2920,702.8,164.3,fixation
10:21:16.2925,701.9,163.0,fixation
10:21:16.293,700.9,162.0,fixation
10:21:16.2934,700.9,161.4,fixation
10:21:16.2938,701.3,160.9,fixation
10:21:16.2943,701.7,160.5,fixation
10:21:16.2948,702.0,160.8,fixation
10:21:16.2952,701.6,161.3,fixation
10:21:16.2957,700.8,161.2,fixation
10:21:16.2962,699.9,160.6,fixation
10:21:16.2966,699.0,160.4,fixation
10:21:16.2971,698.5,160.7,fixation
10:21:16.2976,698.2,162.3,fixation
10:21:16.2980,698.0,164.2,fixation
10:21:16.2984,697.7,166.1,fixation
10:21:16.2989,697.4,166.0,fixation
10:21:16.2994,696.5,164.8,fixation
10:21:16.2998,695.7,163.7,fixation
10:21:16.3003,694.9,163.3,fixation
10:21:16.3008,694.6,163.1,fixation
10:21:16.3012,694.6,162.5,fixation
10:21:16.3017,694.9,162.0,fixation
10:21:16.3022,695.3,163.2,fixation
10:21:16.3026,695.5,164.5,fixation
10:21:16.3031,695.3,165.7,fixation
10:21:16.3036,695.1,165.5,fixation
10:21:16.3041,694.7,165.6,fixation
10:21:16.3045,694.2,165.9,fixation
10:21:16.305,693.9,166.3,fixation
10:21:16.3055,693.8,166.4,fixation
10:21:16.3059,693.8,166.5,fixation
10:21:16.3064,695.0,166.6,fixation
10:21:16.3069,696.3,166.6,fixation
10:21:16.3073,697.5,167.0,fixation
10:21:16.3078,697.5,167.5,fixation
10:21:16.3083,697.5,168.2,fixation
10:21:16.3087,697.5,168.4,fixation
10:21:16.3092,697.6,168.4,fixation
10:21:16.3097,697.7,168.3,fixation
10:21:16.3102,697.7,168.6,fixation
10:21:16.3106,697.8,169.2,fixation
10:21:16.3111,697.8,169.8,fixation
10:21:16.3116,697.9,169.3,fixation
10:21:16.3120,697.9,168.4,fixation
10:21:16.3125,697.9,167.5,fixation
10:21:16.313,698.2,167.7,fixation
10:21:16.3134,698.4,168.0,fixation
10:21:16.3139,698.5,167.8,fixation
10:21:16.3144,698.4,167.4,fixation
10:21:16.3148,698.2,167.6,fixation
10:21:16.3153,698.2,168.3,fixation
10:21:16.3158,698.1,168.7,fixation
10:21:16.3163,698.4,168.1,fixation
10:21:16.3167,698.7,167.4,fixation
10:21:16.3172,698.9,167.1,fixation
10:21:16.3177,699.1,167.1,fixation
10:21:16.3181,699.4,167.2,fixation
10:21:16.3186,700.3,168.4,fixation
10:21:16.3191,700.9,169.5,fixation
10:21:16.3195,701.6,170.7,fixation
10:21:16.32,701.5,171.4,fixation
10:21:16.3205,701.4,172.7,fixation
10:21:16.3209,701.2,173.9,fixation
10:21:16.3214,701.2,173.4,fixation
10:21:16.3219,701.3,171.7,fixation
10:21:16.3224,701.5,170.0,fixation
10:21:16.3228,701.5,170.7,fixation
10:21:16.3233,701.5,172.1,fixation
10:21:16.3238,701.5,171.1,fixation
10:21:16.3242,701.6,168.6,fixation
10:21:16.3247,702.5,166.4,fixation
10:21:16.3252,703.3,166.6,fixation
10:21:16.3256,703.9,167.7,fixation
10:21:16.3261,703.5,168.2,fixation
10:21:16.3266,703.3,168.9,fixation
10:21:16.3270,703.3,169.0,fixation
10:21:16.3275,702.3,168.9,fixation
10:21:16.328,700.8,168.8,fixation
10:21:16.3285,699.3,168.7,fixation
10:21:16.3289,698.8,170.1,fixation
10:21:16.3294,698.7,171.6,fixation
10:21:16.3299,698.8,172.5,fixation
10:21:16.3303,699.1,172.4,fixation
10:21:16.3308,699.5,172.4,fixation
10:21:16.3313,699.1,172.4,fixation
10:21:16.3317,698.5,172.4,fixation
10:21:16.3322,698.0,172.4,fixation
10:21:16.3327,697.8,172.5,fixation
10:21:16.3331,697.6,172.1,fixation
10:21:16.3336,697.5,171.6,fixation
10:21:16.3341,697.4,171.9,fixation
10:21:16.3346,697.2,172.6,fixation
10:21:16.3350,697.3,173.4,fixation
10:21:16.3355,697.9,173.4,fixation
10:21:16.336,698.8,171.9,fixation
10:21:16.3364,699.2,170.3,fixation
10:21:16.3369,699.2,168.7,fixation
10:21:16.3374,699.0,168.9,fixation
10:21:16.3378,698.8,170.5,fixation
10:21:16.3383,698.7,172.1,fixation
10:21:16.3388,698.2,171.3,fixation
10:21:16.3392,697.7,169.0,fixation
10:21:16.3397,697.7,166.0,fixation
10:21:16.3402,697.9,165.4,fixation
10:21:16.3407,698.1,165.8,fixation
10:21:16.3411,697.9,166.9,fixation
10:21:16.3416,697.9,167.8,fixation
10:21:16.3421,698.0,167.4,fixation
10:21:16.3425,698.2,167.4,fixation
10:21:16.343,698.1,167.6,fixation
10:21:16.3435,698.0,168.0,fixation
10:21:16.3439,697.9,168.0,fixation
10:21:16.3444,697.5,168.0,fixation
10:21:16.3449,696.8,168.0,fixation
10:21:16.3453,696.0,167.4,fixation
10:21:16.3458,695.0,166.2,fixation
10:21:16.3463,694.4,164.8,fixation
10:21:16.3467,693.8,164.0,fixation
10:21:16.3471,694.6,164.2,fixation
10:21:16.3476,695.4,164.6,fixation
10:21:16.3481,696.2,164.8,fixation
10:21:16.3485,696.3,164.2,fixation
10:21:16.349,696.5,163.5,fixation
10:21:16.3495,696.6,163.0,fixation
10:21:16.3499,696.5,163.5,fixation
10:21:16.3504,696.1,164.4,fixation
10:21:16.3509,694.8,164.7,fixation
10:21:16.3513,693.7,164.1,fixation
10:21:16.3517,693.0,164.0,fixation
10:21:16.3522,693.8,164.6,fixation
10:21:16.3527,694.6,165.2,fixation
10:21:16.3531,695.2,165.2,fixation
10:21:16.3536,695.5,164.7,fixation
10:21:16.3541,696.3,164.4,fixation
10:21:16.3545,696.8,163.8,fixation
10:21:16.355,697.2,163.3,fixation
10:21:16.3555,697.1,163.0,fixation
10:21:16.3559,697.5,163.8,fixation
10:21:16.3563,697.8,164.0,fixation
10:21:16.3568,698.1,163.8,fixation
10:21:16.3573,697.7,164.3,fixation
10:21:16.3577,697.4,165.3,fixation
10:21:16.3582,697.6,166.4,fixation
10:21:16.3587,698.2,166.7,fixation
10:21:16.3591,698.5,167.0,fixation
10:21:16.3596,698.2,167.7,fixation
10:21:16.3601,698.0,168.2,fixation
10:21:16.3605,698.1,168.3,fixation
10:21:16.3609,697.8,167.6,fixation
10:21:16.3614,697.4,167.4,fixation
10:21:16.3619,697.3,167.5,fixation
10:21:16.3623,697.6,168.4,fixation
10:21:16.3628,697.7,169.7,fixation
10:21:16.3633,697.7,171.1,fixation
10:21:16.3637,697.7,170.7,fixation
10:21:16.3642,697.9,169.7,fixation
10:21:16.3647,697.9,168.7,fixation
10:21:16.3651,697.8,169.0,fixation
10:21:16.3656,697.7,169.6,fixation
10:21:16.3661,697.7,170.2,fixation
10:21:16.3666,697.6,170.4,fixation
10:21:16.3670,697.5,170.8,fixation
10:21:16.3675,697.9,171.3,fixation
10:21:16.368,698.4,171.8,fixation
10:21:16.3684,699.0,171.9,fixation
10:21:16.3689,698.9,169.6,fixation
10:21:16.3694,698.6,167.6,fixation
10:21:16.3698,698.3,165.8,fixation
10:21:16.3703,698.0,166.8,fixation
10:21:16.3708,697.8,168.2,fixation
10:21:16.3712,697.5,169.2,fixation
10:21:16.3717,697.2,169.8,fixation
10:21:16.3722,697.1,170.2,fixation
10:21:16.3727,696.9,170.6,fixation
10:21:16.3731,696.8,170.1,fixation
10:21:16.3736,696.8,169.2,fixation
10:21:16.3741,696.8,168.4,fixation
10:21:16.3745,697.4,168.7,fixation
10:21:16.375,698.1,169.1,fixation
10:21:16.3755,698.9,169.4,fixation
10:21:16.3759,698.9,169.7,fixation
10:21:16.3764,698.9,170.0,fixation
10:21:16.3769,698.3,170.1,fixation
10:21:16.3773,697.9,170.0,fixation
10:21:16.3778,697.5,170.0,fixation
10:21:16.3783,697.3,170.1,fixation
10:21:16.3788,696.6,170.0,fixation
10:21:16.3792,695.8,170.4,fixation
10:21:16.3797,696.0,171.0,fixation
10:21:16.3802,696.6,171.7,fixation
10:21:16.3806,697.3,172.1,fixation
10:21:16.3811,697.2,172.6,fixation
10:21:16.3816,696.5,173.0,fixation
10:21:16.3820,696.0,171.7,fixation
10:21:16.3825,696.0,170.2,fixation
10:21:16.383,696.7,168.8,fixation
10:21:16.3834,697.5,168.8,fixation
10:21:16.3839,697.8,169.3,fixation
10:21:16.3844,697.9,170.7,fixation
10:21:16.3849,697.0,171.6,fixation
10:21:16.3853,696.2,171.9,fixation
10:21:16.3858,695.4,171.4,fixation
10:21:16.3863,695.2,171.4,fixation
10:21:16.3867,695.9,171.6,fixation
10:21:16.3872,696.7,171.9,fixation
10:21:16.3877,697.4,172.1,fixation
10:21:16.3881,697.5,172.2,fixation
10:21:16.3886,697.5,172.5,fixation
10:21:16.3891,697.3,172.8,fixation
10:21:16.3895,697.1,172.3,fixation
10:21:16.39,696.8,171.6,fixation
10:21:16.3905,696.9,171.1,fixation
10:21:16.391,696.8,171.5,fixation
10:21:16.3914,696.5,171.7,fixation
10:21:16.3919,696.3,171.5,fixation
10:21:16.3924,696.0,171.0,fixation
10:21:16.3928,696.1,170.6,fixation
10:21:16.3933,696.1,170.5,fixation
10:21:16.3938,695.6,170.3,fixation
10:21:16.3942,695.0,170.2,fixation
10:21:16.3947,694.4,170.2,fixation
10:21:16.3952,694.4,170.4,fixation
10:21:16.3956,694.4,170.4,fixation
10:21:16.3961,694.6,172.2,fixation
10:21:16.3966,694.8,174.1,fixation
10:21:16.3971,695.1,174.4,fixation
10:21:16.3975,695.3,172.9,fixation
10:21:16.398,696.2,171.6,fixation
10:21:16.3985,697.0,172.0,fixation
10:21:16.3989,697.4,172.1,fixation
10:21:16.3994,697.0,172.0,fixation
10:21:16.3999,696.6,171.8,fixation
10:21:16.4003,696.8,171.5,fixation
10:21:16.4008,696.9,171.1,fixation
10:21:16.4013,696.9,170.5,fixation
10:21:16.4017,696.7,170.3,fixation
10:21:16.4022,696.3,170.3,fixation
10:21:16.4027,695.8,170.7,fixation
10:21:16.4032,696.1,170.9,fixation
10:21:16.4036,697.0,171.2,fixation
10:21:16.4041,698.0,171.5,fixation
10:21:16.4046,698.5,171.1,fixation
10:21:16.4050,698.5,170.6,fixation
10:21:16.4055,698.5,170.2,fixation
10:21:16.406,698.7,172.1,fixation
10:21:16.4064,698.9,175.0,fixation
10:21:16.4069,698.4,177.7,fixation
10:21:16.4074,697.7,177.2,fixation
10:21:16.4078,697.2,175.7,fixation
10:21:16.4083,697.3,174.7,fixation
10:21:16.4088,697.1,174.6,fixation
10:21:16.4092,696.9,174.5,fixation
10:21:16.4096,697.4,174.1,fixation
10:21:16.4101,697.8,174.4,fixation
10:21:16.4106,698.3,174.7,fixation
10:21:16.4110,698.1,174.9,fixation
10:21:16.4115,697.9,174.7,fixation
10:21:16.412,697.6,174.1,fixation
10:21:16.4124,697.3,173.4,fixation
10:21:16.4129,697.1,173.1,fixation
10:21:16.4134,696.5,173.2,fixation
10:21:16.4138,696.0,174.1,fixation
10:21:16.4142,696.0,174.8,fixation
10:21:16.4147,696.7,175.5,fixation
10:21:16.4152,697.5,175.2,fixation
10:21:16.4156,697.9,174.9,fixation
10:21:16.4161,697.7,174.3,fixation
10:21:16.4166,697.3,173.9,fixation
10:21:16.4170,697.0,173.4,fixation
10:21:16.4175,696.9,173.0,fixation
10:21:16.418,696.7,173.3,fixation
10:21:16.4184,696.3,174.4,fixation
10:21:16.4188,695.9,175.6,fixation
10:21:16.4193,696.0,176.3,fixation
10:21:16.4198,696.4,176.6,fixation
10:21:16.4202,697.2,176.8,fixation
10:21:16.4207,697.5,177.9,fixation
10:21:16.4212,698.0,179.0,fixation
10:21:16.4216,698.1,179.3,fixation
10:21:16.4221,698.2,178.7,fixation
10:21:16.4226,697.9,177.8,fixation
10:21:16.4230,697.5,177.8,fixation
10:21:16.4234,697.5,178.1,fixation
10:21:16.4239,697.9,178.4,fixation
10:21:16.4244,698.5,178.0,fixation
10:21:16.4248,698.0,177.2,fixation
10:21:16.4253,697.2,175.9,fixation
10:21:16.4258,697.4,175.6,fixation
10:21:16.4262,698.4,176.0,fixation
10:21:16.4267,699.1,176.6,fixation
10:21:16.4272,698.7,176.9,fixation
10:21:16.4276,698.4,178.1,fixation
10:21:16.4281,698.4,179.5,fixation
10:21:16.4286,698.2,180.8,fixation
10:21:16.4291,698.2,179.6,fixation
10:21:16.4295,698.7,178.6,fixation
10:21:16.43,699.4,177.7,fixation
10:21:16.4305,699.8,177.7,fixation
10:21:16.4309,699.7,176.9,fixation
10:21:16.4314,699.5,176.3,fixation
10:21:16.4319,699.4,176.1,fixation
10:21:16.4323,699.4,176.3,fixation
10:21:16.4328,699.8,176.7,fixation
10:21:16.4333,700.4,177.3,fixation
10:21:16.4337,700.9,179.0,fixation
10:21:16.4342,701.1,180.4,fixation
10:21:16.4347,701.0,181.8,fixation
10:21:16.4352,700.1,182.7,saccade
10:21:16.4356,700.0,181.4,saccade
10:21:16.4361,700.3,180.0,saccade
10:21:16.4366,700.2,178.9,saccade
10:21:16.4370,698.9,179.4,saccade
10:21:16.4375,697.4,180.0,saccade
10:21:16.438,696.4,180.2,saccade
10:21:16.4384,696.0,180.1,saccade
10:21:16.4389,694.7,179.8,saccade
10:21:16.4394,692.8,179.9,saccade
10:21:16.4398,690.6,179.9,saccade
10:21:16.4403,689.3,178.6,saccade
10:21:16.4408,688.6,177.8,saccade
10:21:16.4413,688.4,177.1,saccade
10:21:16.4417,686.2,177.3,saccade
10:21:16.4422,684.1,176.8,saccade
10:21:16.4427,682.1,175.4,saccade
10:21:16.4431,681.7,174.3,saccade
10:21:16.4436,679.2,173.7,saccade
10:21:16.4441,675.2,173.7,saccade
10:21:16.4445,671.1,172.9,saccade
10:21:16.445,669.1,170.8,saccade
10:21:16.4455,668.7,169.1,saccade
10:21:16.4459,667.8,168.0,saccade
10:21:16.4464,666.1,167.8,saccade
10:21:16.4469,664.4,167.8,saccade
10:21:16.4474,662.2,167.9,saccade
10:21:16.4478,660.8,167.9,saccade
10:21:16.4483,659.5,167.5,saccade
10:21:16.4488,658.1,166.6,saccade
10:21:16.4492,657.1,165.8,saccade
10:21:16.4497,656.0,165.3,saccade
10:21:16.4502,655.1,165.2,saccade
10:21:16.4506,653.9,164.8,saccade
10:21:16.4511,652.5,164.4,saccade
10:21:16.4516,652.3,164.3,saccade
10:21:16.4520,652.5,164.3,saccade
10:21:16.4525,652.7,164.6,saccade
10:21:16.453,653.8,165.4,saccade
10:21:16.4535,654.7,166.4,saccade
10:21:16.4539,656.2,167.3,saccade
10:21:16.4544,657.0,167.7,saccade
10:21:16.4549,659.8,169.7,saccade
10:21:16.4553,661.9,171.0,saccade
10:21:16.4558,663.9,172.3,saccade
10:21:16.4563,664.0,172.1,fixation
10:21:16.4567,665.4,173.8,fixation
10:21:16.4572,666.7,175.4,fixation
10:21:16.4577,668.1,176.7,fixation
10:21:16.4581,667.9,175.5,fixation
10:21:16.4586,667.9,174.8,fixation
10:21:16.4591,668.7,175.3,fixation
10:21:16.4596,669.6,176.6,fixation
10:21:16.4600,670.5,177.4,fixation
10:21:16.4605,670.6,177.3,fixation
10:21:16.461,670.8,177.4,fixation
10:21:16.4614,671.0,177.6,fixation
10:21:16.4619,671.0,178.3,fixation
10:21:16.4624,671.4,179.0,fixation
10:21:16.4628,671.9,179.0,fixation
10:21:16.4633,672.9,178.6,fixation
10:21:16.4638,673.5,178.1,fixation
10:21:16.4642,673.1,178.5,fixation
10:21:16.4647,671.8,178.4,fixation
10:21:16.4652,670.5,178.2,fixation
10:21:16.4657,670.1,177.6,fixation
10:21:16.4661,670.1,177.4,fixation
10:21:16.4666,670.3,177.3,fixation
10:21:16.4671,670.5,176.9,fixation
10:21:16.4675,670.4,176.1,fixation
10:21:16.468,670.1,175.2,fixation
10:21:16.4685,669.6,176.7,fixation
10:21:16.4689,669.4,178.5,fixation
10:21:16.4694,669.2,180.2,fixation
10:21:16.4699,669.9,180.4,fixation
10:21:16.4703,670.8,181.2,fixation
10:21:16.4708,671.6,182.0,fixation
10:21:16.4713,671.4,180.8,fixation
10:21:16.4717,671.0,179.4,fixation
10:21:16.4721,670.6,178.0,fixation
10:21:16.4726,670.4,178.1,fixation
10:21:16.4731,670.5,178.2,fixation
10:21:16.4735,670.7,176.5,fixation
10:21:16.474,671.0,174.4,fixation
10:21:16.4745,671.3,172.3,fixation
10:21:16.4749,671.4,171.5,fixation
10:21:16.4754,671.3,171.1,fixation
10:21:16.4759,671.1,170.9,fixation
10:21:16.4763,670.9,171.3,fixation
10:21:16.4767,671.3,171.7,fixation
10:21:16.4772,671.7,172.0,fixation
10:21:16.4777,671.7,171.6,fixation
10:21:16.4781,671.3,171.1,fixation
10:21:16.4786,670.8,170.7,fixation
10:21:16.4791,670.8,170.7,fixation
10:21:16.4795,671.1,170.9,fixation
10:21:16.48,671.4,171.1,fixation
10:21:16.4805,671.6,171.4,fixation
10:21:16.4809,671.5,171.5,fixation
10:21:16.4813,671.3,171.7,fixation
10:21:16.4818,671.4,172.0,fixation
10:21:16.4823,671.4,172.2,fixation
10:21:16.4827,671.2,172.0,fixation
10:21:16.4832,670.8,171.0,fixation
10:21:16.4837,670.2,170.1,fixation
10:21:16.4841,670.2,168.8,fixation
10:21:16.4846,670.4,166.7,fixation
10:21:16.4851,670.7,164.7,fixation
10:21:16.4855,670.5,164.9,fixation
10:21:16.4859,670.0,166.6,fixation
10:21:16.4864,669.2,170.0,fixation
10:21:16.4869,668.8,171.7,fixation
10:21:16.4873,668.4,173.7,fixation
10:21:16.4878,669.4,174.7,fixation
10:21:16.4883,670.5,175.7,fixation
10:21:16.4887,671.4,174.8,fixation
10:21:16.4892,671.2,172.9,fixation
10:21:16.4897,671.0,170.1,fixation
10:21:16.4901,671.1,168.9,fixation
10:21:16.4906,671.0,169.9,fixation
10:21:16.4911,670.7,171.8,fixation
10:21:16.4916,670.3,173.5,fixation
10:21:16.4920,670.5,172.3,fixation
10:21:16.4925,670.8,171.1,fixation
10:21:16.493,670.6,170.1,fixation
10:21:16.4934,670.2,170.7,fixation
10:21:16.4939,669.9,172.1,fixation
10:21:16.4944,670.1,173.6,fixation
10:21:16.4948,670.0,173.9,fixation
10:21:16.4953,669.8,173.4,fixation
10:21:16.4958,670.5,173.3,fixation
10:21:16.4962,671.5,173.7,fixation
10:21:16.4967,671.5,171.8,fixation
10:21:16.4972,670.6,169.7,fixation
10:21:16.4977,669.5,167.5,fixation
10:21:16.4981,669.4,167.6,fixation
10:21:16.4986,669.5,167.4,fixation
10:21:16.4991,669.7,167.1,fixation
10:21:16.4995,669.8,166.8,fixation
10:21:16.5,670.2,166.9,fixation
10:21:16.5005,670.5,169.0,fixation
10:21:16.5009,670.8,171.5,fixation
10:21:16.5014,670.7,174.1,fixation
10:21:16.5019,670.7,174.6,fixation
10:21:16.5023,670.8,174.8,fixation
10:21:16.5028,671.0,174.2,fixation
10:21:16.5033,671.0,173.5,fixation
10:21:16.5038,670.7,173.2,fixation
10:21:16.5042,670.3,173.5,fixation
10:21:16.5047,670.2,173.8,fixation
10:21:16.5052,670.3,174.2,fixation
10:21:16.5056,670.4,174.5,fixation
10:21:16.5061,670.5,174.5,fixation
10:21:16.5066,670.6,173.8,fixation
10:21:16.5070,670.7,173.1,fixation
10:21:16.5075,670.8,172.2,fixation
10:21:16.508,671.2,171.7,fixation
10:21:16.5084,671.6,170.6,fixation
10:21:16.5089,671.7,170.1,fixation
10:21:16.5094,671.3,171.3,fixation
10:21:16.5099,671.1,173.0,fixation
10:21:16.5103,671.0,173.4,fixation
10:21:16.5108,670.9,172.0,fixation
10:21:16.5113,670.9,170.8,fixation
10:21:16.5117,670.6,170.8,fixation
10:21:16.5122,670.4,171.4,fixation
10:21:16.5127,670.0,171.8,fixation
10:21:16.5131,669.9,172.2,fixation
10:21:16.5136,669.8,171.8,fixation
10:21:16.5141,670.1,171.8,fixation
10:21:16.5145,670.5,171.5,fixation
10:21:16.515,670.7,171.4,fixation
10:21:16.5155,670.3,171.9,fixation
10:21:16.516,669.8,172.5,fixation
10:21:16.5164,669.2,173.1,fixation
10:21:16.5169,668.7,173.0,fixation
10:21:16.5174,668.1,174.1,fixation
10:21:16.5178,667.9,175.4,fixation
10:21:16.5183,668.3,176.7,fixation
10:21:16.5188,668.4,176.7,fixation
10:21:16.5192,668.4,176.6,fixation
10:21:16.5197,668.4,175.7,fixation
10:21:16.5202,668.6,174.9,fixation
10:21:16.5206,668.6,174.5,fixation
10:21:16.5211,668.1,174.7,fixation
10:21:16.5216,667.4,172.8,fixation
10:21:16.5221,666.8,170.7,fixation
10:21:16.5225,666.3,170.1,fixation
10:21:16.523,666.3,171.1,fixation
10:21:16.5235,666.7,172.2,fixation
10:21:16.5239,667.0,171.9,fixation
10:21:16.5244,666.9,172.0,fixation
10:21:16.5249,666.1,172.0,fixation
10:21:16.5253,665.4,171.9,fixation
10:21:16.5258,664.9,171.7,fixation
10:21:16.5263,665.0,171.5,fixation
10:21:16.5267,665.2,171.1,fixation
10:21:16.5272,665.5,170.7,fixation
10:21:16.5277,665.9,170.6,fixation
10:21:16.5282,666.0,170.6,fixation
10:21:16.5286,665.9,170.6,fixation
10:21:16.5291,665.7,170.6,fixation
10:21:16.5296,666.0,171.1,fixation
10:21:16.5300,666.3,171.7,fixation
10:21:16.5305,666.4,172.3,fixation
10:21:16.531,666.1,173.1,fixation
10:21:16.5314,666.2,173.8,fixation
10:21:16.5319,666.1,174.5,fixation
10:21:16.5324,666.1,174.8,fixation
10:21:16.5328,665.9,175.0,fixation
10:21:16.5333,665.9,175.6,fixation
10:21:16.5338,665.8,176.0,fixation
10:21:16.5342,665.6,176.2,fixation
10:21:16.5346,665.5,175.8,fixation
10:21:16.5351,665.6,174.1,fixation
10:21:16.5356,665.6,173.2,fixation
10:21:16.5360,665.5,173.2,fixation
10:21:16.5365,665.0,174.4,fixation
10:21:16.537,664.7,174.3,fixation
10:21:16.5374,664.6,171.1,fixation
10:21:16.5379,665.8,168.3,fixation
10:21:16.5384,666.9,167.9,fixation
10:21:16.5388,667.9,169.8,fixation
10:21:16.5392,667.8,171.5,fixation
10:21:16.5397,667.0,171.3,fixation
10:21:16.5402,666.3,170.4,fixation
10:21:16.5406,665.9,169.7,fixation
10:21:16.5411,666.4,170.4,fixation
10:21:16.5416,667.1,172.2,fixation
10:21:16.5420,667.5,173.8,fixation
10:21:16.5425,667.6,174.4,fixation
10:21:16.543,667.8,174.4,fixation
10:21:16.5434,667.8,174.3,fixation
10:21:16.5438,667.8,174.1,fixation
10:21:16.5443,667.7,173.8,fixation
10:21:16.5448,668.6,173.5,fixation
10:21:16.5452,669.5,173.3,fixation
10:21:16.5457,670.3,173.0,fixation
10:21:16.5462,670.3,172.9,fixation
10:21:16.5466,670.2,172.4,fixation
10:21:16.5471,670.2,171.8,fixation
10:21:16.5476,670.2,171.9,fixation
10:21:16.5480,670.2,172.6,fixation
10:21:16.5484,670.2,173.3,fixation
10:21:16.5489,670.3,172.3,fixation
10:21:16.5494,671.1,171.4,fixation
10:21:16.5498,671.8,171.6,fixation
10:21:16.5503,672.2,174.0,fixation
10:21:16.5508,671.8,176.1,fixation
10:21:16.5512,671.7,174.7,fixation
10:21:16.5517,671.8,172.2,fixation
10:21:16.5522,672.3,169.8,fixation
10:21:16.5526,672.5,169.8,fixation
10:21:16.5531,672.9,169.8,fixation
10:21:16.5536,673.1,169.8,fixation
10:21:16.5541,673.3,170.1,fixation
10:21:16.5545,673.5,170.6,fixation
10:21:16.555,673.7,171.0,fixation
10:21:16.5555,673.5,171.5,fixation
10:21:16.5559,673.1,172.3,fixation
10:21:16.5564,672.1,173.5,fixation
10:21:16.5569,671.5,174.2,fixation
10:21:16.5573,670.9,174.4,fixation
10:21:16.5578,671.6,174.6,fixation
10:21:16.5583,672.9,174.9,fixation
10:21:16.5587,674.1,174.6,fixation
10:21:16.5592,674.1,174.0,fixation
10:21:16.5597,673.6,173.2,fixation
10:21:16.5602,673.2,172.9,fixation
10:21:16.5606,673.6,172.4,fixation
10:21:16.5611,674.3,172.1,fixation
10:21:16.5616,674.8,171.5,fixation
10:21:16.5620,674.2,171.1,fixation
10:21:16.5625,673.4,171.2,fixation
10:21:16.563,673.4,171.9,fixation
10:21:16.5634,674.1,172.8,fixation
10:21:16.5639,675.0,173.3,fixation
10:21:16.5644,675.0,173.5,fixation
10:21:16.5648,674.9,174.0,fixation
10:21:16.5653,674.3,175.1,fixation
10:21:16.5658,673.6,175.9,fixation
10:21:16.5663,672.9,176.9,fixation
10:21:16.5667,672.9,177.7,fixation
10:21:16.5672,672.9,178.6,fixation
10:21:16.5677,673.0,178.8,fixation
10:21:16.5681,672.8,178.2,fixation
10:21:16.5686,672.5,176.7,fixation
10:21:16.5691,672.1,175.5,fixation
10:21:16.5695,672.1,176.9,fixation
10:21:16.57,671.9,179.1,fixation
10:21:16.5705,671.9,180.1,fixation
10:21:16.5709,672.9,179.4,fixation
10:21:16.5714,673.8,178.8,fixation
10:21:16.5719,674.0,179.3,fixation
10:21:16.5724,672.5,179.1,fixation
10:21:16.5728,671.2,178.0,fixation
10:21:16.5733,670.6,177.3,fixation
10:21:16.5738,670.9,177.0,fixation
10:21:16.5742,671.0,177.5,fixation
10:21:16.5747,671.0,177.7,fixation
10:21:16.5752,670.9,177.6,fixation
10:21:16.5756,670.8,176.8,fixation
10:21:16.5761,670.9,176.0,fixation
10:21:16.5766,670.9,176.1,fixation
10:21:16.5770,670.9,176.8,fixation
10:21:16.5775,670.7,178.1,fixation
10:21:16.578,670.7,178.2,fixation
10:21:16.5785,670.7,178.3,fixation
10:21:16.5789,670.7,177.9,fixation
10:21:16.5794,670.9,176.3,fixation
10:21:16.5799,670.9,174.7,fixation
10:21:16.5803,671.0,173.1,fixation
10:21:16.5808,670.9,172.9,fixation
10:21:16.5813,670.7,172.9,fixation
10:21:16.5817,670.5,172.8,fixation
10:21:16.5822,669.3,173.5,fixation
10:21:16.5827,668.2,174.1,fixation
10:21:16.5831,668.4,174.9,fixation
10:21:16.5836,669.5,175.0,fixation
10:21:16.5841,670.8,175.9,fixation
10:21:16.5846,671.0,176.6,fixation
10:21:16.5850,670.6,176.4,fixation
10:21:16.5855,670.0,175.5,fixation
10:21:16.586,669.4,174.8,fixation
10:21:16.5864,669.1,175.0,fixation
10:21:16.5869,668.8,175.4,fixation
10:21:16.5874,668.7,175.7,fixation
10:21:16.5878,668.8,176.7,fixation
10:21:16.5883,668.8,177.6,fixation
10:21:16.5888,668.4,178.2,fixation
10:21:16.5892,668.1,177.8,fixation
10:21:16.5897,667.9,177.4,fixation
10:21:16.5902,668.1,177.1,fixation
10:21:16.5907,668.3,177.0,fixation
10:21:16.5911,668.2,176.9,fixation
10:21:16.5916,668.0,177.6,fixation
10:21:16.5921,667.9,178.6,fixation
10:21:16.5925,667.8,179.7,fixation
10:21:16.593,667.8,179.8,fixation
10:21:16.5935,667.9,179.6,fixation
10:21:16.5939,668.0,178.4,fixation
10:21:16.5944,667.6,177.1,fixation
10:21:16.5949,667.0,176.0,fixation
10:21:16.5953,667.2,176.0,fixation
10:21:16.5958,668.1,175.5,fixation
10:21:16.5963,669.0,174.5,fixation
10:21:16.5967,669.1,173.3,fixation
10:21:16.5971,668.9,173.5,fixation
10:21:16.5976,668.4,174.4,fixation
10:21:16.5981,668.1,175.3,fixation
10:21:16.5985,668.0,175.4,fixation
10:21:16.599,667.9,175.2,fixation
10:21:16.5995,667.7,174.9,fixation
10:21:16.5999,667.4,175.4,fixation
10:21:16.6004,667.3,177.0,fixation
10:21:16.6009,667.2,178.6,fixation
10:21:16.6013,667.2,179.5,fixation
10:21:16.6017,666.6,178.4,fixation
10:21:16.6022,665.9,177.3,fixation
10:21:16.6027,665.1,176.1,fixation
10:21:16.6031,665.0,176.3,fixation
10:21:16.6036,666.0,176.7,fixation
10:21:16.6041,667.0,177.0,fixation
10:21:16.6045,668.3,177.1,fixation
10:21:16.605,668.9,177.1,fixation
10:21:16.6055,669.5,177.4,fixation
10:21:16.6059,669.9,177.7,fixation
10:21:16.6063,669.9,177.7,fixation
10:21:16.6068,670.0,177.6,fixation
10:21:16.6073,669.7,177.4,fixation
10:21:16.6077,669.5,176.4,fixation
10:21:16.6082,669.5,175.2,fixation
10:21:16.6087,669.0,174.1,fixation
10:21:16.6091,668.6,173.8,fixation
10:21:16.6096,668.0,174.6,fixation
10:21:16.6101,668.0,175.3,fixation
10:21:16.6105,668.1,176.0,fixation
10:21:16.6109,668.3,176.1,fixation
10:21:16.6114,668.5,176.1,fixation
10:21:16.6119,668.6,176.1,fixation
10:21:16.6123,668.4,175.9,fixation
10:21:16.6128,668.1,177.0,fixation
10:21:16.6133,667.9,178.2,fixation
10:21:16.6137,667.9,179.2,fixation
10:21:16.6142,668.1,179.0,fixation
10:21:16.6147,668.3,178.8,fixation
10:21:16.6151,668.4,178.8,fixation
10:21:16.6156,668.4,178.8,fixation
10:21:16.6161,668.6,178.2,fixation
10:21:16.6166,668.7,177.7,fixation
10:21:16.6170,668.8,178.3,fixation
10:21:16.6175,669.1,179.3,fixation
10:21:16.618,669.2,180.1,fixation
10:21:16.6184,669.4,179.7,fixation
10:21:16.6189,669.2,180.2,fixation
10:21:16.6194,669.1,180.9,fixation
10:21:16.6198,669.1,181.6,fixation
10:21:16.6203,668.9,181.2,fixation
10:21:16.6208,668.8,180.4,fixation
10:21:16.6212,668.3,179.5,fixation
10:21:16.6217,667.8,180.0,fixation
10:21:16.6222,667.9,181.1,fixation
10:21:16.6227,668.6,180.8,fixation
10:21:16.6231,669.3,179.4,fixation
10:21:16.6236,669.4,177.9,fixation
10:21:16.6241,669.5,178.0,fixation
10:21:16.6245,669.5,178.1,fixation
10:21:16.625,669.6,178.3,fixation
10:21:16.6255,669.8,179.2,fixation
10:21:16.6259,670.9,179.8,fixation
10:21:16.6264,671.9,180.5,fixation
10:21:16.6269,671.9,180.4,fixation
10:21:16.6273,671.4,180.7,fixation
10:21:16.6278,670.8,180.4,fixation
10:21:16.6283,670.8,180.1,fixation
10:21:16.6288,670.7,179.7,fixation
10:21:16.6292,670.6,178.9,fixation
10:21:16.6297,670.7,178.2,fixation
10:21:16.6302,670.7,178.9,fixation
10:21:16.6306,670.9,180.4,fixation
10:21:16.6311,671.0,181.5,fixation
10:21:16.6316,671.2,181.2,fixation
10:21:16.6320,671.2,180.8,fixation
10:21:16.6325,671.2,180.5,fixation
10:21:16.633,671.3,179.9,fixation
10:21:16.6334,671.3,179.7,fixation
10:21:16.6339,671.2,179.9,fixation
10:21:16.6344,671.0,179.8,fixation
10:21:16.6349,670.8,179.2,fixation
10:21:16.6353,671.1,179.5,fixation
10:21:16.6358,671.3,180.4,fixation
10:21:16.6363,671.5,181.3,fixation
10:21:16.6367,671.4,180.9,fixation
10:21:16.6372,671.8,180.3,fixation
10:21:16.6377,672.0,179.6,fixation
10:21:16.6381,671.9,180.1,fixation
10:21:16.6386,671.7,181.3,fixation
10:21:16.6391,671.7,182.5,fixation
10:21:16.6395,672.1,181.0,fixation
10:21:16.64,672.5,179.0,fixation
10:21:16.6405,672.2,179.2,fixation
10:21:16.641,671.7,181.3,fixation
10:21:16.6414,671.3,183.9,fixation
10:21:16.6419,671.3,184.3,fixation
10:21:16.6424,671.4,184.8,fixation
10:21:16.6428,671.6,185.3,fixation
10:21:16.6433,671.8,185.7,fixation
10:21:16.6438,671.8,186.0,fixation
10:21:16.6442,671.7,186.0,fixation
10:21:16.6447,671.8,185.9,fixation
10:21:16.6452,671.8,185.9,fixation
10:21:16.6456,671.8,185.9,fixation
10:21:16.6461,671.7,184.7,fixation
10:21:16.6466,671.6,182.7,fixation
10:21:16.6471,671.6,180.8,fixation
10:21:16.6475,671.4,180.9,fixation
10:21:16.648,671.2,182.1,fixation
10:21:16.6485,671.1,183.3,fixation
10:21:16.6489,671.0,183.6,fixation
10:21:16.6494,670.7,185.2,fixation
10:21:16.6499,670.5,187.0,fixation
10:21:16.6503,670.5,185.8,fixation
10:21:16.6508,670.7,182.8,fixation
10:21:16.6513,670.9,181.5,fixation
10:21:16.6517,670.9,183.1,fixation
10:21:16.6522,671.0,184.9,fixation
10:21:16.6527,671.4,185.1,fixation
10:21:16.6532,671.7,184.4,fixation
10:21:16.6536,671.8,183.6,fixation
10:21:16.6541,671.6,184.2,fixation
10:21:16.6546,672.1,185.7,fixation
10:21:16.6550,672.6,187.3,fixation
10:21:16.6555,672.2,187.2,fixation
10:21:16.656,671.1,187.3,fixation
10:21:16.6564,670.3,187.3,fixation
10:21:16.6569,670.6,187.6,fixation
10:21:16.6574,671.1,187.5,fixation
10:21:16.6578,671.4,187.3,fixation
10:21:16.6583,671.7,187.2,fixation
10:21:16.6588,671.7,187.0,fixation
10:21:16.6592,671.6,187.3,fixation
10:21:16.6596,671.7,187.7,fixation
10:21:16.6601,673.0,188.5,fixation
10:21:16.6606,674.4,187.9,fixation
10:21:16.6610,675.0,186.9,fixation
10:21:16.6615,674.4,185.7,fixation
10:21:16.662,673.6,185.8,fixation
10:21:16.6624,673.6,185.7,fixation
10:21:16.6629,673.7,185.2,fixation
10:21:16.6634,673.8,184.9,fixation
10:21:16.6638,673.8,185.3,fixation
10:21:16.6642,674.1,186.1,fixation
10:21:16.6647,674.4,186.6,fixation
10:21:16.6652,674.5,186.7,fixation
10:21:16.6656,674.1,186.7,fixation
10:21:16.6661,673.8,186.9,fixation
10:21:16.6666,673.8,187.4,fixation
10:21:16.6670,674.6,188.5,fixation
10:21:16.6675,675.4,189.3,fixation
10:21:16.668,675.6,189.5,fixation
10:21:16.6684,675.1,189.0,fixation
10:21:16.6688,674.6,188.2,fixation
10:21:16.6693,674.7,187.3,fixation
10:21:16.6698,674.7,186.6,fixation
10:21:16.6702,674.8,186.3,fixation
10:21:16.6707,675.0,186.6,fixation
10:21:16.6712,675.1,186.8,fixation
10:21:16.6716,675.0,186.7,fixation
10:21:16.6721,674.8,186.7,fixation
10:21:16.6726,674.7,186.7,fixation
10:21:16.6730,674.6,187.2,fixation
10:21:16.6734,674.5,187.5,fixation
10:21:16.6739,674.5,187.9,fixation
10:21:16.6744,674.7,187.6,fixation
10:21:16.6748,674.8,187.4,fixation
10:21:16.6753,674.8,187.3,fixation
10:21:16.6758,674.8,187.8,fixation
10:21:16.6762,674.9,188.3,fixation
10:21:16.6767,674.6,188.3,fixation
10:21:16.6772,674.1,188.0,fixation
10:21:16.6776,673.7,188.7,fixation
10:21:16.6781,673.8,189.5,fixation
10:21:16.6786,674.0,190.2,fixation
10:21:16.6791,674.1,190.2,fixation
10:21:16.6795,674.4,190.2,fixation
10:21:16.68,674.7,190.3,fixation
10:21:16.6805,675.0,190.3,fixation
10:21:16.6809,675.0,189.4,fixation
10:21:16.6814,675.1,188.4,fixation
10:21:16.6819,675.1,187.5,fixation
10:21:16.6823,674.9,188.7,fixation
10:21:16.6828,675.2,189.8,fixation
10:21:16.6833,675.7,190.9,fixation
10:21:16.6837,676.2,191.3,fixation
10:21:16.6842,676.2,192.0,fixation
10:21:16.6847,675.6,192.5,fixation
10:21:16.6852,675.1,192.2,fixation
10:21:16.6856,674.7,191.7,fixation
10:21:16.6861,674.9,191.4,fixation
10:21:16.6866,674.9,191.5,fixation
10:21:16.6870,674.9,191.5,fixation
10:21:16.6875,674.9,192.2,fixation
10:21:16.688,674.9,192.8,fixation
10:21:16.6884,675.0,193.5,fixation
10:21:16.6889,675.2,192.8,fixation
10:21:16.6894,675.2,192.5,fixation
10:21:16.6898,675.2,192.7,fixation
10:21:16.6903,675.1,193.2,fixation
10:21:16.6908,675.1,193.1,fixation
10:21:16.6913,675.6,192.0,fixation
10:21:16.6917,676.2,191.1,fixation
10:21:16.6922,676.7,190.3,fixation
10:21:16.6927,676.4,190.0,fixation
10:21:16.6931,676.1,190.1,fixation
10:21:16.6936,675.7,190.3,fixation
10:21:16.6941,675.4,190.6,fixation
10:21:16.6945,675.1,190.5,fixation
10:21:16.695,674.9,190.5,fixation
10:21:16.6955,674.8,191.2,fixation
10:21:16.6959,674.9,191.8,fixation
10:21:16.6964,675.0,192.3,fixation
10:21:16.6969,675.1,192.6,fixation
10:21:16.6974,675.0,193.1,fixation
10:21:16.6978,674.8,193.6,fixation
10:21:16.6983,674.7,193.7,fixation
10:21:16.6988,674.7,193.8,fixation
10:21:16.6992,674.7,193.8,fixation
10:21:16.6997,674.8,193.8,fixation
10:21:16.7002,674.8,192.8,fixation
10:21:16.7006,674.9,191.9,fixation
10:21:16.7011,674.9,191.3,fixation
10:21:16.7016,674.4,192.1,fixation
10:21:16.7020,673.9,192.9,fixation
10:21:16.7025,673.8,192.3,fixation
10:21:16.703,674.2,191.2,fixation
10:21:16.7035,674.6,190.0,fixation
10:21:16.7039,674.9,189.8,fixation
10:21:16.7044,675.0,189.5,fixation
10:21:16.7049,675.1,189.2,fixation
10:21:16.7053,674.8,190.5,fixation
10:21:16.7058,674.5,191.7,fixation
10:21:16.7063,674.1,192.8,fixation
10:21:16.7067,674.0,192.5,fixation
10:21:16.7072,673.9,192.2,fixation
10:21:16.7077,674.1,192.1,fixation
10:21:16.7081,674.3,192.3,fixation
10:21:16.7086,674.5,192.9,fixation
10:21:16.7091,674.4,193.2,fixation
10:21:16.7096,674.1,193.3,fixation
10:21:16.7100,673.2,193.1,fixation
10:21:16.7105,672.5,193.0,fixation
10:21:16.711,672.0,193.3,fixation
10:21:16.7114,671.9,193.5,fixation
10:21:16.7119,671.7,193.8,fixation
10:21:16.7124,671.4,193.6,fixation
10:21:16.7128,671.3,192.3,fixation
10:21:16.7133,671.2,191.0,fixation
10:21:16.7138,671.2,191.5,fixation
10:21:16.7142,670.9,193.1,fixation
10:21:16.7147,670.5,194.8,fixation
10:21:16.7152,670.3,195.6,fixation
10:21:16.7157,670.3,196.6,fixation
10:21:16.7161,670.4,196.6,fixation
10:21:16.7166,670.6,195.1,fixation
10:21:16.7171,670.7,193.2,fixation
10:21:16.7175,670.6,192.2,fixation
10:21:16.718,670.3,192.5,fixation
10:21:16.7185,670.5,192.9,fixation
10:21:16.7189,670.8,193.4,fixation
10:21:16.7194,670.6,194.0,fixation
10:21:16.7199,670.1,195.0,fixation
10:21:16.7203,669.4,195.9,fixation
10:21:16.7208,669.3,195.8,fixation
10:21:16.7213,670.1,196.5,fixation
10:21:16.7217,670.9,197.2,fixation
10:21:16.7221,671.6,198.1,fixation
10:21:16.7226,671.5,198.3,fixation
10:21:16.7231,670.9,198.4,fixation
10:21:16.7235,670.4,198.0,fixation
10:21:16.724,670.0,197.6,fixation
10:21:16.7245,670.7,197.6,fixation
10:21:16.7249,671.4,197.7,fixation
10:21:16.7254,671.0,198.6,fixation
10:21:16.7259,669.9,200.3,fixation
10:21:16.7263,669.1,202.1,fixation
10:21:16.7267,669.6,202.6,fixation
10:21:16.7272,670.3,202.1,fixation
10:21:16.7277,670.4,201.5,fixation
10:21:16.7281,670.2,201.5,fixation
10:21:16.7286,670.0,201.6,fixation
10:21:16.7291,667.8,202.5,saccade
10:21:16.7295,666.8,203.4,saccade
10:21:16.73,667.1,204.2,saccade
10:21:16.7305,667.5,205.8,saccade
10:21:16.7309,667.6,209.0,saccade
10:21:16.7313,667.6,212.1,saccade
10:21:16.7318,667.6,212.9,saccade
10:21:16.7323,667.5,211.9,saccade
10:21:16.7327,667.1,211.8,saccade
10:21:16.7332,666.5,212.7,saccade
10:21:16.7337,666.0,213.6,saccade
10:21:16.7341,665.5,216.1,saccade
10:21:16.7346,665.1,219.6,saccade
10:21:16.7351,665.5,223.1,saccade
10:21:16.7355,666.0,224.0,saccade
10:21:16.7359,666.2,227.9,saccade
10:21:16.7364,666.2,232.8,saccade
10:21:16.7369,667.3,239.2,saccade
10:21:16.7373,669.4,245.0,saccade
10:21:16.7378,672.5,252.4,saccade
10:21:16.7383,675.9,261.2,saccade
10:21:16.7387,679.3,269.8,saccade
10:21:16.7392,681.7,277.3,saccade
10:21:16.7397,682.8,284.2,saccade
10:21:16.7401,684.9,291.3,saccade
10:21:16.7406,688.0,303.9,saccade
10:21:16.7411,691.4,315.1,saccade
10:21:16.7416,693.9,328.7,saccade
10:21:16.7420,694.7,338.5,saccade
10:21:16.7425,696.8,347.9,saccade
10:21:16.743,698.8,355.5,saccade
10:21:16.7434,701.8,362.3,saccade
10:21:16.7439,703.5,373.1,saccade
10:21:16.7444,704.3,384.8,saccade
10:21:16.7448,705.0,396.2,saccade
10:21:16.7453,705.3,406.5,saccade
10:21:16.7458,705.8,415.9,saccade
10:21:16.7462,705.7,425.5,saccade
10:21:16.7467,705.8,434.8,saccade
10:21:16.7472,705.8,445.5,saccade
10:21:16.7477,705.7,456.0,saccade
10:21:16.7481,705.7,464.8,saccade
10:21:16.7486,706.3,471.3,saccade
10:21:16.7491,706.5,480.4,saccade
10:21:16.7495,707.1,489.1,saccade
10:21:16.75,707.2,499.4,saccade
10:21:16.7505,707.7,505.5,saccade
10:21:16.7509,707.7,516.2,saccade
10:21:16.7514,707.7,524.1,saccade
10:21:16.7519,706.8,531.4,saccade
10:21:16.7523,706.1,535.6,saccade
10:21:16.7528,704.7,542.9,saccade
10:21:16.7533,704.1,551.1,saccade
10:21:16.7538,703.6,562.5,saccade
10:21:16.7542,704.4,573.2,saccade
10:21:16.7547,706.4,586.6,saccade
10:21:16.7552,708.6,599.0,saccade
10:21:16.7556,710.2,610.4,saccade
10:21:16.7561,710.3,621.9,saccade
10:21:16.7566,709.9,628.8,saccade
10:21:16.7570,709.8,634.4,saccade
10:21:16.7575,710.0,640.0,saccade
10:21:16.758,711.4,648.8,saccade
10:21:16.7584,712.6,658.0,saccade
10:21:16.7589,713.7,668.6,saccade
10:21:16.7594,714.9,677.4,saccade
10:21:16.7599,716.2,686.9,saccade
10:21:16.7603,719.0,696.7,saccade
10:21:16.7608,720.6,706.9,saccade
10:21:16.7613,722.0,715.3,saccade
10:21:16.7617,722.0,723.0,saccade
10:21:16.7622,722.1,731.2,saccade
10:21:16.7627,722.2,742.9,saccade
10:21:16.7631,722.2,753.0,saccade
10:21:16.7636,722.3,762.7,saccade
10:21:16.7641,722.5,768.3,saccade
10:21:16.7645,723.3,774.0,saccade
10:21:16.765,725.5,781.3,saccade
10:21:16.7655,727.5,789.5,saccade
10:21:16.766,729.5,797.6,saccade
10:21:16.7664,730.1,804.0,saccade
10:21:16.7669,730.8,813.7,saccade
10:21:16.7674,731.6,821.4,saccade
10:21:16.7678,732.5,829.0,saccade
10:21:16.7683,733.1,834.8,saccade
10:21:16.7688,733.0,840.6,saccade
10:21:16.7692,732.9,844.7,saccade
10:21:16.7697,732.8,846.5,saccade
10:21:16.7702,732.8,847.4,saccade
10:21:16.7706,733.0,849.6,saccade
10:21:16.7711,733.3,851.4,saccade
10:21:16.7716,734.2,853.5,saccade
10:21:16.7721,735.0,854.9,saccade
10:21:16.7725,735.8,858.9,saccade
10:21:16.773,736.0,863.0,saccade
10:21:16.7735,736.2,866.4,saccade
10:21:16.7739,736.6,867.5,saccade
10:21:16.7744,737.3,868.1,saccade
10:21:16.7749,738.1,868.9,saccade
10:21:16.7753,738.8,869.6,saccade
10:21:16.7758,739.2,870.0,saccade
10:21:16.7763,740.3,870.0,saccade
10:21:16.7767,741.3,869.4,saccade
10:21:16.7772,742.4,868.1,saccade
10:21:16.7777,742.7,866.9,saccade
10:21:16.7782,742.9,866.2,saccade
10:21:16.7786,742.8,862.3,saccade
10:21:16.7791,742.6,857.0,saccade
10:21:16.7796,742.4,851.6,saccade
10:21:16.7800,742.5,848.4,saccade
10:21:16.7805,743.0,845.0,saccade
10:21:16.781,744.0,841.3,saccade
10:21:16.7814,744.6,838.0,saccade
10:21:16.7819,745.0,836.2,saccade
10:21:16.7824,745.1,834.8,saccade
10:21:16.7828,745.4,834.8,saccade
10:21:16.7833,745.8,832.7,saccade
10:21:16.7838,746.2,830.7,saccade
10:21:16.7842,746.4,827.3,saccade
10:21:16.7846,746.7,826.2,saccade
10:21:16.7851,747.2,824.4,saccade
10:21:16.7856,747.7,823.8,saccade
10:21:16.7860,748.0,822.5,saccade
10:21:16.7865,748.5,821.8,saccade
10:21:16.787,749.1,821.9,saccade
10:21:16.7874,749.7,822.7,saccade
10:21:16.7879,749.6,823.4,saccade
10:21:16.7884,750.1,823.7,fixation
10:21:16.7888,750.3,824.0,fixation
10:21:16.7892,750.4,824.3,fixation
10:21:16.7897,751.0,825.3,fixation
10:21:16.7902,751.6,826.4,fixation
10:21:16.7906,752.4,827.3,fixation
10:21:16.7911,752.5,827.1,fixation
10:21:16.7916,752.6,829.4,fixation
10:21:16.7920,752.5,831.9,fixation
10:21:16.7925,752.4,834.5,fixation
10:21:16.793,752.3,834.7,fixation
10:21:16.7934,752.2,835.2,fixation
10:21:16.7938,752.3,835.8,fixation
10:21:16.7943,752.4,836.4,fixation
10:21:16.7948,752.6,837.7,fixation
10:21:16.7952,753.4,840.0,fixation
10:21:16.7957,754.2,842.4,fixation
10:21:16.7962,754.2,843.6,fixation
10:21:16.7966,753.5,843.7,fixation
10:21:16.7971,752.6,843.9,fixation
10:21:16.7976,752.3,844.1,fixation
10:21:16.7980,752.2,844.2,fixation
10:21:16.7984,752.6,846.3,fixation
10:21:16.7989,753.1,848.5,fixation
10:21:16.7994,753.2,850.7,fixation
10:21:16.7998,753.1,850.1,fixation
10:21:16.8003,753.0,849.6,fixation
10:21:16.8008,753.0,849.8,fixation
10:21:16.8012,753.2,850.6,fixation
10:21:16.8017,753.3,850.3,fixation
10:21:16.8022,753.5,849.3,fixation
10:21:16.8026,753.9,849.4,fixation
10:21:16.8031,754.2,851.1,fixation
10:21:16.8036,754.3,852.9,fixation
10:21:16.8041,754.3,853.5,fixation
10:21:16.8045,754.1,853.3,fixation
10:21:16.805,753.8,853.3,fixation
10:21:16.8055,753.4,853.4,fixation
10:21:16.8059,753.4,853.6,fixation
10:21:16.8064,753.6,853.7,fixation
10:21:16.8069,753.7,853.8,fixation
10:21:16.8073,753.7,854.1,fixation
10:21:16.8078,754.6,854.5,fixation
10:21:16.8083,755.4,854.7,fixation
10:21:16.8087,755.7,855.4,fixation
10:21:16.8092,755.3,857.1,fixation
10:21:16.8097,754.8,858.4,fixation
10:21:16.8102,754.9,859.1,fixation
10:21:16.8106,754.4,859.7,fixation
10:21:16.8111,754.0,860.5,fixation
10:21:16.8116,754.0,861.5,fixation
10:21:16.8120,754.9,861.4,fixation
10:21:16.8125,755.8,861.2,fixation
10:21:16.813,755.7,860.8,fixation
10:21:16.8134,755.2,860.2,fixation
10:21:16.8139,754.7,859.8,fixation
10:21:16.8144,754.7,859.9,fixation
10:21:16.8148,755.0,860.7,fixation
10:21:16.8153,755.4,862.0,fixation
10:21:16.8158,755.5,862.9,fixation
10:21:16.8163,755.3,863.7,fixation
10:21:16.8167,755.2,864.1,fixation
10:21:16.8172,755.4,864.5,fixation
10:21:16.8177,755.6,864.4,fixation
10:21:16.8181,755.7,864.0,fixation
10:21:16.8186,756.0,864.6,fixation
10:21:16.8191,756.3,865.4,fixation
10:21:16.8195,756.3,866.3,fixation
10:21:16.82,755.2,865.9,fixation
10:21:16.8205,754.1,866.0,fixation
10:21:16.8209,754.3,866.5,fixation
10:21:16.8214,755.3,867.4,fixation
10:21:16.8219,756.2,867.7,fixation
10:21:16.8224,756.0,867.8,fixation
10:21:16.8228,755.9,867.9,fixation
10:21:16.8233,755.8,867.1,fixation
10:21:16.8238,755.5,865.5,fixation
10:21:16.8242,755.4,863.9,fixation
10:21:16.8247,755.3,863.5,fixation
10:21:16.8252,755.6,863.9,fixation
10:21:16.8256,755.7,864.3,fixation
10:21:16.8261,755.4,865.6,fixation
10:21:16.8266,755.1,866.9,fixation
10:21:16.8270,754.8,867.7,fixation
10:21:16.8275,754.8,867.2,fixation
10:21:16.828,754.8,866.7,fixation
10:21:16.8285,755.0,866.8,fixation
10:21:16.8289,755.2,867.1,fixation
10:21:16.8294,755.6,866.9,fixation
10:21:16.8299,755.7,866.6,fixation
10:21:16.8303,755.7,866.0,fixation
10:21:16.8308,755.7,865.6,fixation
10:21:16.8313,755.5,865.1,fixation
10:21:16.8317,755.2,864.8,fixation
10:21:16.8322,754.9,864.8,fixation
10:21:16.8327,754.8,864.0,fixation
10:21:16.8331,754.7,863.1,fixation
10:21:16.8336,754.7,864.3,fixation
10:21:16.8341,754.4,866.3,fixation
10:21:16.8346,754.1,868.2,fixation
10:21:16.8350,753.7,868.2,fixation
10:21:16.8355,753.7,868.1,fixation
10:21:16.836,753.9,868.2,fixation
10:21:16.8364,754.2,868.2,fixation
10:21:16.8369,754.8,868.3,fixation
10:21:16.8374,755.0,868.3,fixation
10:21:16.8378,755.4,870.3,fixation
10:21:16.8383,755.5,872.3,fixation
10:21:16.8388,755.3,872.0,fixation
10:21:16.8392,754.9,869.9,fixation
10:21:16.8397,754.2,867.7,fixation
10:21:16.8402,753.7,867.8,fixation
10:21:16.8407,753.5,867.9,fixation
10:21:16.8411,753.8,867.8,fixation
10:21:16.8416,754.1,867.7,fixation
10:21:16.8421,754.3,867.5,fixation
10:21:16.8425,754.2,867.8,fixation
10:21:16.843,754.1,868.1,fixation
10:21:16.8435,753.9,868.0,fixation
10:21:16.8439,753.9,867.6,fixation
10:21:16.8444,753.8,867.2,fixation
10:21:16.8449,753.9,867.2,fixation
10:21:16.8453,754.0,867.2,fixation
10:21:16.8458,755.2,868.3,fixation
10:21:16.8463,756.3,869.4,fixation
10:21:16.8467,757.2,870.5,fixation
10:21:16.8471,756.6,869.9,fixation
10:21:16.8476,755.6,869.2,fixation
10:21:16.8481,754.8,869.2,fixation
10:21:16.8485,754.7,869.8,fixation
10:21:16.849,755.1,869.7,fixation
10:21:16.8495,755.2,868.8,fixation
10:21:16.8499,754.8,868.1,fixation
10:21:16.8504,754.3,868.3,fixation
10:21:16.8509,754.0,868.6,fixation
10:21:16.8513,753.7,868.5,fixation
10:21:16.8517,753.6,866.9,fixation
10:21:16.8522,754.0,865.6,fixation
10:21:16.8527,754.2,864.9,fixation
10:21:16.8531,754.3,865.3,fixation
10:21:16.8536,754.0,865.6,fixation
10:21:16.8541,753.8,866.1,fixation
10:21:16.8545,753.7,867.1,fixation
10:21:16.855,753.6,868.1,fixation
10:21:16.8555,753.4,867.5,fixation
10:21:16.8559,753.1,866.0,fixation
10:21:16.8563,752.8,864.5,fixation
10:21:16.8568,752.9,864.2,fixation
10:21:16.8573,753.1,864.8,fixation
10:21:16.8577,753.3,865.4,fixation
10:21:16.8582,753.7,866.2,fixation
10:21:16.8587,754.1,866.5,fixation
10:21:16.8591,753.5,866.5,fixation
10:21:16.8596,752.4,866.4,fixation
10:21:16.8601,751.1,866.2,fixation
10:21:16.8605,750.5,864.8,fixation
10:21:16.8609,749.9,863.3,fixation
10:21:16.8614,750.8,862.1,fixation
10:21:16.8619,751.9,862.4,fixation
10:21:16.8623,752.6,862.6,fixation
10:21:16.8628,752.3,862.7,fixation
10:21:16.8633,751.9,863.0,fixation
10:21:16.8637,751.9,864.0,fixation
10:21:16.8642,751.7,864.3,fixation
10:21:16.8647,751.3,864.2,fixation
10:21:16.8651,750.8,863.7,fixation
10:21:16.8656,750.5,862.2,fixation
10:21:16.8661,750.4,860.7,fixation
10:21:16.8666,750.7,861.3,fixation
10:21:16.8670,751.0,863.6,fixation
10:21:16.8675,751.1,865.5,fixation
10:21:16.868,750.9,864.6,fixation
10:21:16.8684,750.2,863.3,fixation
10:21:16.8689,749.6,862.3,fixation
10:21:16.8694,749.1,861.9,fixation
10:21:16.8698,749.9,862.3,fixation
10:21:16.8703,750.7,862.3,fixation
10:21:16.8708,750.6,862.1,fixation
10:21:16.8712,749.8,861.8,fixation
10:21:16.8717,749.1,861.9,fixation
10:21:16.8722,749.4,862.6,fixation
10:21:16.8727,749.5,863.7,fixation
10:21:16.8731,749.8,865.7,fixation
10:21:16.8736,750.1,867.2,fixation
10:21:16.8741,750.0,867.6,fixation
10:21:16.8745,749.5,867.0,fixation
10:21:16.875,749.1,866.2,fixation
10:21:16.8755,749.2,865.7,fixation
10:21:16.8759,749.4,865.2,fixation
10:21:16.8764,748.5,863.9,fixation
10:21:16.8769,747.6,862.8,fixation
10:21:16.8773,746.7,861.5,fixation
10:21:16.8778,746.9,860.7,fixation
10:21:16.8783,746.6,859.4,fixation
10:21:16.8788,746.1,858.5,fixation
10:21:16.8792,745.7,858.6,fixation
10:21:16.8797,745.6,859.7,fixation
10:21:16.8802,745.3,860.7,fixation
10:21:16.8806,745.0,860.2,fixation
10:21:16.8811,745.6,859.4,fixation
10:21:16.8816,746.5,858.6,fixation
10:21:16.8820,747.5,859.7,fixation
10:21:16.8825,747.5,860.5,fixation
10:21:16.883,747.5,860.6,fixation
10:21:16.8834,747.5,859.8,fixation
10:21:16.8839,747.0,859.6,fixation
10:21:16.8844,746.4,860.2,fixation
10:21:16.8849,745.7,860.6,fixation
10:21:16.8853,745.6,860.2,fixation
10:21:16.8858,745.9,858.7,fixation
10:21:16.8863,746.8,857.6,fixation
10:21:16.8867,747.7,856.7,fixation
10:21:16.8872,748.3,856.8,fixation
10:21:16.8877,748.3,856.8,fixation
10:21:16.8881,747.7,856.7,fixation
10:21:16.8886,747.1,856.7,fixation
10:21:16.8891,746.5,856.5,fixation
10:21:16.8895,746.8,856.4,fixation
10:21:16.89,747.0,856.3,fixation
10:21:16.8905,747.0,856.2,fixation
10:21:16.891,747.0,856.2,fixation
10:21:16.8914,747.5,856.4,fixation
10:21:16.8919,748.2,856.6,fixation
10:21:16.8924,748.9,856.8,fixation
10:21:16.8928,748.3,856.9,fixation
10:21:16.8933,747.4,857.0,fixation
10:21:16.8938,746.8,857.2,fixation
10:21:16.8942,746.9,857.3,fixation
10:21:16.8947,747.1,857.3,fixation
10:21:16.8952,747.0,857.6,fixation
10:21:16.8956,746.7,857.8,fixation
10:21:16.8961,746.5,858.1,fixation
10:21:16.8966,746.5,858.2,fixation
10:21:16.8971,746.6,858.1,fixation
10:21:16.8975,746.7,857.8,fixation
10:21:16.898,746.4,857.5,fixation
10:21:16.8985,746.0,857.7,fixation
10:21:16.8989,745.6,857.8,fixation
10:21:16.8994,745.3,857.9,fixation
10:21:16.8999,745.1,856.8,fixation
10:21:16.9003,745.1,855.1,fixation
10:21:16.9008,744.6,853.7,fixation
10:21:16.9013,744.2,853.9,fixation
10:21:16.9017,743.6,856.1,fixation
10:21:16.9022,743.6,857.8,fixation
10:21:16.9027,743.6,859.1,fixation
10:21:16.9032,744.3,859.3,fixation
10:21:16.9036,744.8,858.3,fixation
10:21:16.9041,745.2,857.3,fixation
10:21:16.9046,745.1,856.8,fixation
10:21:16.9050,745.1,858.9,fixation
10:21:16.9055,745.2,860.9,fixation
10:21:16.906,745.1,859.2,fixation
10:21:16.9064,744.4,855.9,fixation
10:21:16.9069,743.7,852.9,fixation
10:21:16.9074,743.3,855.0,fixation
10:21:16.9078,743.4,857.2,fixation
10:21:16.9083,743.4,858.3,fixation
10:21:16.9088,743.4,857.3,fixation
10:21:16.9092,743.2,856.3,fixation
10:21:16.9096,743.1,856.3,fixation
10:21:16.9101,742.6,856.5,fixation
10:21:16.9106,742.4,856.6,fixation
10:21:16.9110,742.6,856.2,fixation
10:21:16.9115,743.0,855.6,fixation
10:21:16.912,743.2,855.2,fixation
10:21:16.9124,742.7,855.3,fixation
10:21:16.9129,742.1,855.4,fixation
10:21:16.9134,741.8,856.0,fixation
10:21:16.9138,742.2,856.8,fixation
10:21:16.9142,742.9,857.7,fixation
10:21:16.9147,743.3,858.0,fixation
10:21:16.9152,743.1,857.9,fixation
10:21:16.9156,743.1,857.5,fixation
10:21:16.9161,743.6,857.6,fixation
10:21:16.9166,744.1,858.3,fixation
10:21:16.9170,744.4,859.2,fixation
10:21:16.9175,744.2,859.4,fixation
10:21:16.918,743.8,859.2,fixation
10:21:16.9184,743.5,858.7,fixation
10:21:16.9188,743.4,858.3,fixation
10:21:16.9193,743.4,859.0,fixation
10:21:16.9198,743.4,859.8,fixation
10:21:16.9202,743.0,860.5,fixation
10:21:16.9207,742.5,860.2,fixation
10:21:16.9212,741.8,860.2,fixation
10:21:16.9216,741.3,860.2,fixation
10:21:16.9221,740.8,860.3,fixation
10:21:16.9226,740.5,860.3,fixation
10:21:16.9230,740.5,861.4,fixation
10:21:16.9234,740.6,862.0,fixation
10:21:16.9239,740.7,862.1,fixation
10:21:16.9244,740.8,861.1,fixation
10:21:16.9248,740.5,862.0,fixation
10:21:16.9253,740.2,864.1,fixation
10:21:16.9258,740.4,866.2,fixation
10:21:16.9262,742.1,867.8,fixation
10:21:16.9267,743.7,868.6,fixation
10:21:16.9272,743.9,867.5,fixation
10:21:16.9276,742.9,865.6,fixation
10:21:16.9281,741.8,863.5,fixation
10:21:16.9286,741.8,863.6,fixation
10:21:16.9291,742.1,864.4,fixation
10:21:16.9295,742.6,865.3,fixation
10:21:16.93,743.2,865.8,fixation
10:21:16.9305,743.6,865.9,fixation
10:21:16.9309,744.4,866.0,fixation
10:21:16.9314,745.1,865.5,fixation
10:21:16.9319,744.7,865.0,fixation
10:21:16.9323,743.8,864.5,fixation
10:21:16.9328,743.4,864.2,fixation
10:21:16.9333,743.8,864.0,fixation
10:21:16.9337,744.3,864.9,fixation
10:21:16.9342,744.3,866.1,fixation
10:21:16.9347,743.8,865.6,fixation
10:21:16.9352,743.2,863.9,fixation
10:21:16.9356,743.0,861.3,fixation
10:21:16.9361,743.3,861.0,fixation
10:21:16.9366,744.5,860.7,fixation
10:21:16.9370,745.4,861.2,fixation
10:21:16.9375,745.7,861.2,fixation
10:21:16.938,745.2,860.4,fixation
10:21:16.9384,745.2,859.8,fixation
10:21:16.9389,745.8,860.3,fixation
10:21:16.9394,746.3,861.1,fixation
10:21:16.9398,746.5,861.5,fixation
10:21:16.9403,746.7,861.3,fixation
10:21:16.9408,746.9,861.9,fixation
10:21:16.9413,746.7,862.9,fixation
10:21:16.9417,746.5,863.5,fixation
10:21:16.9422,746.4,863.6,fixation
10:21:16.9427,746.3,863.6,fixation
10:21:16.9431,746.2,863.2,fixation
10:21:16.9436,746.2,861.8,fixation
10:21:16.9441,747.3,860.6,fixation
10:21:16.9445,748.2,860.6,fixation
10:21:16.945,749.0,861.4,fixation
10:21:16.9455,748.0,861.6,fixation
10:21:16.9459,747.1,860.7,fixation
10:21:16.9464,746.6,860.1,fixation
10:21:16.9469,746.9,859.7,fixation
10:21:16.9474,747.3,859.5,fixation
10:21:16.9478,747.4,859.4,fixation
10:21:16.9483,747.7,859.4,fixation
10:21:16.9488,748.0,859.3,fixation
10:21:16.9492,748.6,859.4,fixation
10:21:16.9497,748.9,859.5,fixation
10:21:16.9502,749.3,859.6,fixation
10:21:16.9506,749.3,859.6,fixation
10:21:16.9511,749.3,859.1,fixation
10:21:16.9516,749.3,858.6,fixation
10:21:16.9520,748.5,858.9,fixation
10:21:16.9525,747.8,859.7,fixation
10:21:16.953,747.3,859.1,fixation
10:21:16.9535,747.4,857.7,fixation
10:21:16.9539,747.7,857.0,fixation
10:21:16.9544,747.9,857.6,fixation
10:21:16.9549,748.5,858.2,fixation
10:21:16.9553,748.7,858.5,fixation
10:21:16.9558,748.9,859.1,fixation
10:21:16.9563,748.9,859.6,fixation
10:21:16.9567,749.0,860.0,fixation
10:21:16.9572,749.0,860.6,fixation
10:21:16.9577,749.1,861.6,fixation
10:21:16.9581,749.5,862.5,fixation
10:21:16.9586,749.9,863.2,fixation
10:21:16.9591,750.2,863.7,fixation
10:21:16.9596,750.1,863.8,fixation
10:21:16.9600,749.9,863.8,fixation
10:21:16.9605,750.0,863.6,fixation
10:21:16.961,750.0,863.5,fixation
10:21:16.9614,750.0,863.2,fixation
10:21:16.9619,749.9,861.5,fixation
10:21:16.9624,749.8,859.9,fixation
10:21:16.9628,749.2,858.1,fixation
10:21:16.9633,748.5,857.8,fixation
10:21:16.9638,747.8,858.0,fixation
10:21:16.9642,747.5,859.2,fixation
10:21:16.9647,747.4,860.5,fixation
10:21:16.9652,747.3,861.2,fixation
10:21:16.9657,747.3,861.0,fixation
10:21:16.9661,747.3,860.8,fixation
10:21:16.9666,747.0,860.5,fixation
10:21:16.9671,746.6,860.5,fixation
10:21:16.9675,746.2,860.3,fixation
10:21:16.968,746.0,860.1,fixation
10:21:16.9685,745.9,860.3,fixation
10:21:16.9689,745.8,860.9,fixation
10:21:16.9694,746.0,861.6,fixation
10:21:16.9699,746.1,861.9,fixation
10:21:16.9703,746.3,861.7,fixation
10:21:16.9708,746.3,862.7,fixation
10:21:16.9713,746.3,864.2,fixation
10:21:16.9717,745.7,865.6,fixation
10:21:16.9721,745.1,865.1,fixation
10:21:16.9726,744.7,864.3,fixation
10:21:16.9731,745.3,863.9,fixation
10:21:16.9735,746.0,864.1,fixation
10:21:16.974,746.4,864.3,fixation
10:21:16.9745,746.3,865.1,fixation
10:21:16.9749,746.3,865.8,fixation
10:21:16.9754,745.9,866.4,fixation
10:21:16.9759,745.3,866.0,fixation
10:21:16.9763,744.7,865.4,fixation
10:21:16.9767,744.5,864.7,fixation
10:21:16.9772,743.9,863.6,fixation
10:21:16.9777,743.3,862.2,fixation
10:21:16.9781,742.6,861.0,fixation
10:21:16.9786,742.7,863.7,fixation
10:21:16.9791,742.8,866.8,fixation
10:21:16.9795,742.7,867.6,fixation
10:21:16.98,742.4,865.3,fixation
10:21:16.9805,742.3,865.3,fixation
10:21:16.9809,742.4,867.6,fixation
10:21:16.9813,742.6,868.5,fixation
10:21:16.9818,742.5,866.2,fixation
10:21:16.9823,742.4,863.9,fixation
10:21:16.9827,742.4,863.0,fixation
10:21:16.9832,742.0,862.6,fixation
10:21:16.9837,741.9,862.2,fixation
10:21:16.9841,741.7,861.9,fixation
10:21:16.9846,741.8,861.9,fixation
10:21:16.9851,741.6,861.7,fixation
10:21:16.9855,741.5,861.4,fixation
10:21:16.9859,741.3,861.0,fixation
10:21:16.9864,741.1,860.7,fixation
10:21:16.9869,741.0,860.6,fixation
10:21:16.9873,741.3,860.6,fixation
10:21:16.9878,741.7,860.9,fixation
10:21:16.9883,742.0,861.3,fixation
10:21:16.9887,742.2,861.5,fixation
10:21:16.9892,742.4,860.4,fixation
10:21:16.9897,743.1,859.3,fixation
10:21:16.9901,743.7,858.5,fixation
10:21:16.9906,744.2,858.8,fixation
10:21:16.9911,744.1,858.7,fixation
10:21:16.9916,743.9,858.7,fixation
10:21:16.9920,743.6,858.9,fixation
10:21:16.9925,743.5,859.9,fixation
10:21:16.993,743.6,860.8,fixation
10:21:16.9934,743.8,860.4,fixation
10:21:16.9939,743.9,859.6,fixation
10:21:16.9944,743.8,858.7,fixation
10:21:16.9948,743.7,858.8,fixation
10:21:16.9953,743.5,858.7,fixation
10:21:16.9958,743.2,858.1,fixation
10:21:16.9962,743.2,857.7,fixation
10:21:16.9967,743.5,858.1,fixation
10:21:16.9972,744.1,858.9,fixation
10:21:16.9977,744.4,859.4,fixation
10:21:16.9981,744.4,859.2,fixation
10:21:16.9986,744.5,858.9,fixation
10:21:16.9991,744.8,859.7,fixation
10:21:16.9995,745.0,860.2,fixation
10:21:17.,745.0,860.2,fixation
10:21:17.0005,744.8,858.7,fixation
10:21:17.0009,744.6,858.2,fixation
10:21:17.0014,744.7,858.2,fixation
10:21:17.0019,744.8,858.1,fixation
10:21:17.0023,745.0,857.4,fixation
10:21:17.0028,744.7,856.5,fixation
10:21:17.0033,744.6,856.5,fixation
10:21:17.0038,744.7,856.8,fixation
10:21:17.0042,744.9,857.1,fixation
10:21:17.0047,745.0,857.2,fixation
10:21:17.0052,745.1,856.8,fixation
10:21:17.0056,745.3,856.3,fixation
10:21:17.0061,745.5,855.9,fixation
10:21:17.0066,745.6,855.9,fixation
10:21:17.0070,745.7,857.1,fixation
10:21:17.0075,745.9,858.2,fixation
10:21:17.008,746.1,859.3,fixation
10:21:17.0084,745.8,859.3,fixation
10:21:17.0089,745.4,860.4,fixation
10:21:17.0094,745.1,861.6,fixation
10:21:17.0099,745.2,861.9,fixation
10:21:17.0103,745.3,861.4,fixation
10:21:17.0108,746.1,861.0,fixation
10:21:17.0113,746.7,858.9,fixation
10:21:17.0117,747.1,856.3,fixation
10:21:17.0122,746.3,853.4,fixation
10:21:17.0127,745.8,853.3,fixation
10:21:17.0131,745.3,853.3,fixation
10:21:17.0136,745.4,856.4,fixation
10:21:17.0141,746.0,859.6,fixation
10:21:17.0145,747.1,861.7,fixation
10:21:17.015,748.1,860.8,fixation
10:21:17.0155,748.0,859.7,fixation
10:21:17.016,747.3,858.2,fixation
10:21:17.0164,746.6,856.7,fixation
10:21:17.0169,746.5,855.8,fixation
10:21:17.0174,746.8,856.3,fixation
10:21:17.0178,747.1,856.9,fixation
10:21:17.0183,747.5,856.9,fixation
10:21:17.0188,747.6,856.9,fixation
10:21:17.0192,747.6,856.8,fixation
10:21:17.0197,747.6,856.6,fixation
10:21:17.0202,746.8,858.3,fixation
10:21:17.0206,746.0,860.8,fixation
10:21:17.0211,745.6,863.4,fixation
10:21:17.0216,746.1,863.6,fixation
10:21:17.0221,746.8,862.6,fixation
10:21:17.0225,747.0,861.6,fixation
10:21:17.023,746.8,860.9,fixation
10:21:17.0235,746.5,860.3,fixation
10:21:17.0239,745.8,859.8,fixation
10:21:17.0244,745.5,859.4,fixation
10:21:17.0249,745.3,859.5,fixation
10:21:17.0253,745.3,859.7,fixation
10:21:17.0258,745.4,860.3,fixation
10:21:17.0263,745.0,860.8,fixation
10:21:17.0267,744.6,861.6,fixation
10:21:17.0272,744.4,861.7,fixation
10:21:17.0277,744.5,860.6,fixation
10:21:17.0282,744.5,859.2,fixation
10:21:17.0286,744.5,857.8,fixation
10:21:17.0291,745.0,857.9,fixation
10:21:17.0296,745.5,858.0,fixation
10:21:17.0300,745.3,856.7,fixation
10:21:17.0305,744.5,855.2,fixation
10:21:17.031,743.5,853.7,fixation
10:21:17.0314,743.3,855.3,fixation
10:21:17.0319,743.0,856.3,fixation
10:21:17.0324,743.1,856.7,saccade
10:21:17.0328,743.4,857.1,saccade
10:21:17.0333,743.2,857.5,saccade
10:21:17.0338,742.5,857.9,saccade
10:21:17.0342,741.7,857.8,saccade
10:21:17.0346,740.8,857.7,saccade
10:21:17.0351,740.7,857.8,saccade
10:21:17.0356,740.7,857.9,saccade
10:21:17.0360,740.5,858.0,saccade
10:21:17.0365,740.3,858.0,saccade
10:21:17.037,739.9,859.0,saccade
10:21:17.0374,739.7,860.0,saccade
10:21:17.0379,739.4,861.1,saccade
10:21:17.0384,740.3,861.4,saccade
10:21:17.0388,742.4,862.0,saccade
10:21:17.0392,744.6,864.6,saccade
10:21:17.0397,745.9,866.9,saccade
10:21:17.0402,747.7,871.2,saccade
10:21:17.0406,749.4,873.6,saccade
10:21:17.0411,752.7,876.3,saccade
10:21:17.0416,754.8,874.5,saccade
10:21:17.0420,757.6,871.9,saccade
10:21:17.0425,760.1,867.0,saccade
10:21:17.043,763.5,861.6,saccade
10:21:17.0434,767.7,856.5,saccade
10:21:17.0438,771.3,851.1,saccade
10:21:17.0443,775.7,845.7,saccade
10:21:17.0448,779.2,837.6,saccade
10:21:17.0452,784.0,827.3,saccade
10:21:17.0457,787.3,819.2,saccade
10:21:17.0462,791.0,812.0,saccade
10:21:17.0466,792.5,804.0,saccade
10:21:17.0471,794.6,794.9,saccade
10:21:17.0476,795.7,784.7,saccade
10:21:17.0480,797.1,775.2,saccade
10:21:17.0484,797.5,764.0,saccade
10:21:17.0489,798.6,752.5,saccade
10:21:17.0494,802.1,741.6,saccade
10:21:17.0498,805.4,728.2,saccade
10:21:17.0503,808.1,714.8,saccade
10:21:17.0508,808.4,699.5,saccade
10:21:17.0512,809.3,685.9,saccade
10:21:17.0517,810.6,674.8,saccade
10:21:17.0522,811.9,665.9,saccade
10:21:17.0526,812.7,655.5,saccade
10:21:17.0531,813.2,640.4,saccade
10:21:17.0536,814.3,625.8,saccade
10:21:17.0541,816.5,611.4,saccade
10:21:17.0545,818.8,598.6,saccade
10:21:17.055,821.4,582.2,saccade
10:21:17.0555,822.9,570.0,saccade
10:21:17.0559,824.3,556.6,saccade
10:21:17.0564,824.7,545.2,saccade
10:21:17.0569,825.9,534.2,saccade
10:21:17.0573,827.3,520.6,saccade
10:21:17.0578,828.1,505.1,saccade
10:21:17.0583,827.8,487.4,saccade
10:21:17.0587,827.3,473.3,saccade
10:21:17.0592,826.9,463.2,saccade
10:21:17.0597,826.8,452.7,saccade
10:21:17.0602,826.8,445.2,saccade
10:21:17.0606,826.8,436.4,saccade
10:21:17.0611,826.9,427.3,saccade
10:21:17.0616,827.1,417.0,saccade
10:21:17.0620,828.0,406.6,saccade
10:21:17.0625,829.8,398.4,saccade
10:21:17.063,832.4,392.0,saccade
10:21:17.0634,834.6,385.4,saccade
10:21:17.0639,835.6,379.5,saccade
10:21:17.0644,835.9,371.7,saccade
10:21:17.0648,835.6,364.6,saccade
10:21:17.0653,835.0,355.9,saccade
10:21:17.0658,832.9,348.2,saccade
10:21:17.0663,830.7,342.0,saccade
10:21:17.0667,827.9,338.4,saccade
10:21:17.0672,826.7,331.3,saccade
10:21:17.0677,826.6,321.0,saccade
10:21:17.0681,827.0,308.9,saccade
10:21:17.0686,826.9,298.2,saccade
10:21:17.0691,826.5,289.7,saccade
10:21:17.0695,825.0,280.1,saccade
10:21:17.07,822.8,270.1,saccade
10:21:17.0705,818.7,261.3,saccade
10:21:17.0709,814.9,254.8,saccade
10:21:17.0714,811.7,247.8,saccade
10:21:17.0719,809.7,239.0,saccade
10:21:17.0724,808.9,231.1,saccade
10:21:17.0728,808.8,222.1,saccade
10:21:17.0733,810.1,213.7,saccade
10:21:17.0738,811.6,203.5,saccade
10:21:17.0742,812.7,196.9,saccade
10:21:17.0747,813.4,190.0,saccade
10:21:17.0752,813.8,184.9,saccade
10:21:17.0756,814.1,181.6,saccade
10:21:17.0761,813.6,179.9,saccade
10:21:17.0766,812.1,177.9,saccade
10:21:17.0770,810.8,174.1,saccade
10:21:17.0775,809.9,172.0,saccade
10:21:17.078,810.1,170.2,saccade
10:21:17.0785,810.5,166.7,saccade
10:21:17.0789,811.0,163.2,saccade
10:21:17.0794,811.3,159.3,saccade
10:21:17.0799,811.0,158.8,saccade
10:21:17.0803,810.2,159.1,saccade
10:21:17.0808,809.3,159.2,saccade
10:21:17.0813,808.6,159.5,saccade
10:21:17.0817,808.5,159.3,saccade
10:21:17.0822,808.8,162.2,saccade
10:21:17.0827,809.9,166.5,saccade
10:21:17.0831,811.0,170.9,saccade
10:21:17.0836,811.9,173.8,saccade
10:21:17.0841,811.9,176.6,saccade
10:21:17.0846,812.3,181.7,saccade
10:21:17.0850,813.2,187.0,saccade
10:21:17.0855,814.4,193.3,saccade
10:21:17.086,815.2,197.3,saccade
10:21:17.0864,814.9,201.0,saccade
10:21:17.0869,814.0,204.0,saccade
10:21:17.0874,814.6,208.0,saccade
10:21:17.0878,815.6,213.2,saccade
10:21:17.0883,816.1,216.3,saccade
10:21:17.0888,815.3,218.3,saccade
10:21:17.0892,814.0,219.1,saccade
10:21:17.0897,813.3,220.5,saccade
10:21:17.0902,812.5,222.1,saccade
10:21:17.0907,812.6,223.7,saccade
10:21:17.0911,812.6,226.7,saccade
10:21:17.0916,813.2,229.3,saccade
10:21:17.0921,813.7,231.2,saccade
10:21:17.0925,814.2,231.6,saccade
10:21:17.093,814.9,231.9,saccade
10:21:17.0935,815.7,232.1,saccade
10:21:17.0939,816.5,232.2,saccade
10:21:17.0944,818.2,232.3,saccade
10:21:17.0949,819.7,232.2,saccade
10:21:17.0953,821.2,232.1,saccade
10:21:17.0958,821.1,230.4,saccade
10:21:17.0963,821.8,225.3,fixation
10:21:17.0967,822.3,224.1,fixation
10:21:17.0971,822.7,223.1,fixation
10:21:17.0976,823.1,220.7,fixation
10:21:17.0981,823.4,217.4,fixation
10:21:17.0985,822.6,214.8,fixation
10:21:17.099,821.7,213.7,fixation
10:21:17.0995,820.7,213.5,fixation
10:21:17.0999,820.5,212.2,fixation
10:21:17.1004,820.3,210.9,fixation
10:21:17.1009,819.5,209.0,fixation
10:21:17.1013,817.9,208.4,fixation
10:21:17.1017,816.3,207.9,fixation
10:21:17.1022,815.6,206.6,fixation
10:21:17.1027,816.2,205.3,fixation
10:21:17.1031,816.9,203.6,fixation
10:21:17.1036,817.2,202.9,fixation
10:21:17.1041,817.1,202.0,fixation
10:21:17.1045,817.0,201.6,fixation
10:21:17.105,816.9,201.5,fixation
10:21:17.1055,816.7,201.9,fixation
10:21:17.1059,816.8,202.7,fixation
10:21:17.1063,817.0,203.6,fixation
10:21:17.1068,817.8,204.0,fixation
10:21:17.1073,818.3,204.0,fixation
10:21:17.1077,818.7,203.9,fixation
10:21:17.1082,818.5,204.2,fixation
10:21:17.1087,818.5,204.5,fixation
10:21:17.1091,818.7,204.9,fixation
10:21:17.1096,818.1,204.8,fixation
10:21:17.1101,817.2,202.6,fixation
10:21:17.1105,816.3,200.4,fixation
10:21:17.1109,816.6,198.0,fixation
10:21:17.1114,816.9,197.6,fixation
10:21:17.1119,815.7,197.1,fixation
10:21:17.1123,814.3,197.0,fixation
10:21:17.1128,812.6,196.7,fixation
10:21:17.1133,812.2,196.5,fixation
10:21:17.1137,811.8,196.4,fixation
10:21:17.1142,811.6,196.4,fixation
10:21:17.1147,811.5,196.3,fixation
10:21:17.1151,811.1,196.2,fixation
10:21:17.1156,811.0,196.5,fixation
10:21:17.1161,810.8,197.7,fixation
10:21:17.1166,811.1,201.5,fixation
10:21:17.1170,811.3,204.8,fixation
10:21:17.1175,811.7,204.3,fixation
10:21:17.118,812.8,201.5,fixation
10:21:17.1184,813.7,201.4,fixation
10:21:17.1189,814.4,204.2,fixation
10:21:17.1194,814.4,205.3,fixation
10:21:17.1198,814.6,202.5,fixation
10:21:17.1203,814.7,199.6,fixation
10:21:17.1208,814.3,198.4,fixation
10:21:17.1212,813.9,198.6,fixation
10:21:17.1217,814.6,199.2,fixation
10:21:17.1222,815.6,199.7,fixation
10:21:17.1227,816.3,200.5,fixation
10:21:17.1231,816.1,201.4,fixation
10:21:17.1236,815.8,202.2,fixation
10:21:17.1241,815.4,202.0,fixation
10:21:17.1245,814.6,201.3,fixation
10:21:17.125,813.7,201.4,fixation
10:21:17.1255,812.9,202.1,fixation
10:21:17.1259,812.0,202.4,fixation
10:21:17.1264,811.3,201.9,fixation
10:21:17.1269,810.6,201.4,fixation
10:21:17.1273,810.7,199.7,fixation
10:21:17.1278,810.0,197.7,fixation
10:21:17.1283,809.3,195.6,fixation
10:21:17.1288,808.7,195.2,fixation
10:21:17.1292,808.8,195.1,fixation
10:21:17.1297,808.8,195.1,fixation
10:21:17.1302,808.6,195.0,fixation
10:21:17.1306,808.6,196.5,fixation
10:21:17.1311,808.6,197.9,fixation
10:21:17.1316,808.7,199.2,fixation
10:21:17.1320,808.7,199.0,fixation
10:21:17.1325,808.5,200.8,fixation
10:21:17.133,808.3,202.8,fixation
10:21:17.1334,808.1,203.8,fixation
10:21:17.1339,808.9,201.8,fixation
10:21:17.1344,809.7,198.9,fixation
10:21:17.1349,810.5,197.0,fixation
10:21:17.1353,810.5,197.2,fixation
10:21:17.1358,810.5,198.2,fixation
10:21:17.1363,810.5,199.4,fixation
10:21:17.1367,810.6,199.8,fixation
10:21:17.1372,810.7,200.2,fixation
10:21:17.1377,810.8,200.4,fixation
10:21:17.1381,811.0,200.4,fixation
10:21:17.1386,811.4,200.1,fixation
10:21:17.1391,811.9,199.8,fixation
10:21:17.1395,811.5,199.2,fixation
10:21:17.14,810.8,199.3,fixation
10:21:17.1405,810.3,199.6,fixation
10:21:17.141,810.5,200.1,fixation
10:21:17.1414,810.6,200.7,fixation
10:21:17.1419,810.5,201.4,fixation
10:21:17.1424,810.4,201.7,fixation
10:21:17.1428,810.5,201.5,fixation
10:21:17.1433,810.6,201.3,fixation
10:21:17.1438,810.4,201.3,fixation
10:21:17.1442,810.2,201.6,fixation
10:21:17.1447,809.9,202.0,fixation
10:21:17.1452,810.1,202.6,fixation
10:21:17.1456,810.4,202.4,fixation
10:21:17.1461,810.3,201.4,fixation
10:21:17.1466,809.5,200.4,fixation
10:21:17.1471,808.7,200.1,fixation
10:21:17.1475,808.4,200.7,fixation
10:21:17.148,807.9,201.5,fixation
10:21:17.1485,807.3,202.0,fixation
10:21:17.1489,806.8,202.2,fixation
10:21:17.1494,806.5,203.8,fixation
10:21:17.1499,806.0,205.4,fixation
10:21:17.1503,805.9,203.7,fixation
10:21:17.1508,806.2,199.0,fixation
10:21:17.1513,806.7,194.3,fixation
10:21:17.1517,806.6,195.4,fixation
10:21:17.1522,806.6,197.8,fixation
10:21:17.1527,806.5,201.1,fixation
10:21:17.1532,806.6,202.0,fixation
10:21:17.1536,806.7,201.5,fixation
10:21:17.1541,807.0,198.9,fixation
10:21:17.1546,807.4,196.3,fixation
10:21:17.1550,807.4,195.3,fixation
10:21:17.1555,807.1,197.5,fixation
10:21:17.156,806.7,199.8,fixation
10:21:17.1564,805.7,201.4,fixation
10:21:17.1569,805.0,200.4,fixation
10:21:17.1574,804.8,199.3,fixation
10:21:17.1578,805.4,198.7,fixation
10:21:17.1583,807.0,199.4,fixation
10:21:17.1588,808.0,200.1,fixation
10:21:17.1592,809.2,200.7,fixation
10:21:17.1596,809.4,200.6,fixation
10:21:17.1601,809.6,200.7,fixation
10:21:17.1606,809.7,201.0,fixation
10:21:17.1610,810.0,201.4,fixation
10:21:17.1615,810.3,201.6,fixation
10:21:17.162,810.6,201.7,fixation
10:21:17.1624,810.7,202.2,fixation
10:21:17.1629,810.5,202.5,fixation
10:21:17.1634,810.2,202.2,fixation
10:21:17.1638,810.7,201.7,fixation
10:21:17.1642,811.5,201.5,fixation
10:21:17.1647,812.2,201.8,fixation
10:21:17.1652,812.0,202.0,fixation
10:21:17.1656,811.7,201.9,fixation
10:21:17.1661,811.4,201.9,fixation
10:21:17.1666,811.3,200.4,fixation
10:21:17.1670,810.9,198.8,fixation
10:21:17.1675,810.0,197.0,fixation
10:21:17.168,808.9,197.2,fixation
10:21:17.1684,807.9,197.5,fixation
10:21:17.1688,807.3,199.5,fixation
10:21:17.1693,807.0,201.0,fixation
10:21:17.1698,807.2,201.0,fixation
10:21:17.1702,806.7,199.2,fixation
10:21:17.1707,805.9,197.2,fixation
10:21:17.1712,805.1,196.8,fixation
10:21:17.1716,805.2,196.5,fixation
10:21:17.1721,805.0,196.1,fixation
10:21:17.1726,804.7,195.8,fixation
10:21:17.1730,804.2,195.4,fixation
10:21:17.1734,804.0,195.0,fixation
10:21:17.1739,803.8,194.5,fixation
10:21:17.1744,803.8,194.1,fixation
10:21:17.1748,803.1,193.7,fixation
10:21:17.1753,802.5,193.4,fixation
10:21:17.1758,801.8,194.3,fixation
10:21:17.1762,802.0,195.0,fixation
10:21:17.1767,801.9,195.4,fixation
10:21:17.1772,801.7,193.2,fixation
10:21:17.1776,801.4,191.5,fixation
10:21:17.1781,802.2,191.6,fixation
10:21:17.1786,803.1,193.1,fixation
10:21:17.1791,804.0,194.6,fixation
10:21:17.1795,803.8,194.5,fixation
10:21:17.18,803.6,194.1,fixation
10:21:17.1805,803.4,193.6,fixation
10:21:17.1809,804.0,193.0,fixation
10:21:17.1814,804.7,192.4,fixation
10:21:17.1819,805.4,191.9,fixation
10:21:17.1823,805.5,191.6,fixation
10:21:17.1828,805.4,191.6,fixation
10:21:17.1833,804.9,191.7,fixation
10:21:17.1837,804.4,191.8,fixation
10:21:17.1842,804.5,191.9,fixation
10:21:17.1847,805.0,192.4,fixation
10:21:17.1852,805.6,192.8,fixation
10:21:17.1856,806.0,193.2,fixation
10:21:17.1861,806.3,194.1,fixation
10:21:17.1866,806.8,195.2,fixation
10:21:17.1870,806.8,197.3,fixation
10:21:17.1875,806.7,198.6,fixation
10:21:17.188,806.4,200.1,fixation
10:21:17.1884,806.5,200.6,fixation
10:21:17.1889,806.7,200.5,fixation
10:21:17.1894,806.7,199.6,fixation
10:21:17.1898,806.7,198.6,fixation
10:21:17.1903,806.7,198.4,fixation
10:21:17.1908,806.7,198.5,fixation
10:21:17.1913,807.3,198.9,fixation
10:21:17.1917,807.9,199.1,fixation
10:21:17.1922,808.6,197.3,fixation
10:21:17.1927,808.8,195.4,fixation
10:21:17.1931,809.0,193.7,fixation
10:21:17.1936,809.0,193.9,fixation
10:21:17.1941,808.2,193.9,fixation
10:21:17.1945,807.4,194.6,fixation
10:21:17.195,806.8,196.1,fixation
10:21:17.1955,806.9,197.8,fixation
10:21:17.1959,805.8,198.2,fixation
10:21:17.1964,804.5,197.6,fixation
10:21:17.1969,804.0,197.5,fixation
10:21:17.1974,804.9,197.9,fixation
10:21:17.1978,805.9,197.0,fixation
10:21:17.1983,805.8,195.5,fixation
10:21:17.1988,805.5,195.2,fixation
10:21:17.1992,804.8,197.6,fixation
10:21:17.1997,804.6,200.1,fixation
10:21:17.2002,804.4,201.1,fixation
10:21:17.2006,803.8,200.5,fixation
10:21:17.2011,803.3,198.5,fixation
10:21:17.2016,803.0,196.8,fixation
10:21:17.2020,803.2,197.5,fixation
10:21:17.2025,802.9,199.6,fixation
10:21:17.203,802.4,201.4,fixation
10:21:17.2035,801.9,201.1,fixation
10:21:17.2039,801.8,200.3,fixation
10:21:17.2044,801.5,199.6,fixation
10:21:17.2049,801.4,200.1,fixation
10:21:17.2053,801.2,201.2,fixation
10:21:17.2058,801.2,202.4,fixation
10:21:17.2063,801.2,202.3,fixation
10:21:17.2067,801.3,201.9,fixation
10:21:17.2072,800.8,201.3,fixation
10:21:17.2077,800.4,200.5,fixation
10:21:17.2081,800.0,200.0,fixation
10:21:17.2086,800.3,199.5,fixation
10:21:17.2091,800.5,199.3,fixation
10:21:17.2096,800.4,198.9,fixation
10:21:17.2100,800.2,198.5,fixation
10:21:17.2105,800.2,198.3,fixation
10:21:17.211,800.3,198.6,fixation
10:21:17.2114,799.8,198.1,fixation
10:21:17.2119,799.1,197.3,fixation
10:21:17.2124,798.7,196.7,fixation
10:21:17.2128,799.1,196.6,fixation
10:21:17.2133,799.4,196.5,fixation
10:21:17.2138,799.3,196.5,fixation
10:21:17.2142,799.2,196.6,fixation
10:21:17.2147,799.6,197.0,fixation
10:21:17.2152,800.3,197.4,fixation
10:21:17.2157,801.0,197.8,fixation
10:21:17.2161,800.5,196.9,fixation
10:21:17.2166,799.8,196.0,fixation
10:21:17.2171,799.7,195.1,fixation
10:21:17.2175,800.3,195.0,fixation
10:21:17.218,801.0,196.0,fixation
10:21:17.2185,800.8,197.1,fixation
10:21:17.2189,800.6,198.1,fixation
10:21:17.2194,800.5,197.3,fixation
10:21:17.2199,801.0,196.0,fixation
10:21:17.2203,801.6,195.2,fixation
10:21:17.2208,802.1,195.1,fixation
10:21:17.2213,802.1,195.6,fixation
10:21:17.2217,802.3,195.0,fixation
10:21:17.2221,803.2,194.9,fixation
10:21:17.2226,804.0,194.9,fixation
10:21:17.2231,804.7,196.7,fixation
10:21:17.2235,804.5,198.1,fixation
10:21:17.224,804.5,199.0,fixation
10:21:17.2245,804.3,198.4,fixation
10:21:17.2249,804.1,197.8,fixation
10:21:17.2254,804.5,197.5,fixation
10:21:17.2259,805.1,197.3,fixation
10:21:17.2263,805.6,197.0,fixation
10:21:17.2267,805.3,197.7,fixation
10:21:17.2272,805.3,198.6,fixation
10:21:17.2277,805.7,199.4,fixation
10:21:17.2281,806.4,199.3,fixation
10:21:17.2286,806.6,199.1,fixation
10:21:17.2291,805.9,196.8,fixation
10:21:17.2295,805.2,194.7,fixation
10:21:17.23,804.6,192.9,fixation
10:21:17.2305,804.7,194.0,fixation
10:21:17.2309,804.7,194.5,fixation
10:21:17.2313,804.5,194.8,fixation
10:21:17.2318,804.3,195.5,fixation
10:21:17.2323,804.2,196.5,fixation
10:21:17.2327,804.2,197.3,fixation
10:21:17.2332,803.8,196.7,fixation
10:21:17.2337,803.2,196.1,fixation
10:21:17.2341,802.7,195.7,fixation
10:21:17.2346,802.7,194.7,fixation
10:21:17.2351,802.7,193.7,fixation
10:21:17.2355,802.6,193.8,fixation
10:21:17.2359,802.4,194.7,fixation
10:21:17.2364,802.2,195.5,fixation
10:21:17.2369,802.1,196.6,fixation
10:21:17.2373,802.0,197.9,fixation
10:21:17.2378,801.8,198.2,fixation
10:21:17.2383,801.6,197.0,fixation
10:21:17.2387,801.3,195.9,fixation
10:21:17.2392,800.9,196.0,fixation
10:21:17.2397,800.4,196.2,fixation
10:21:17.2401,800.0,196.5,fixation
10:21:17.2406,800.4,197.3,fixation
10:21:17.2411,800.9,198.0,fixation
10:21:17.2416,801.3,198.8,fixation
10:21:17.2420,800.9,200.0,fixation
10:21:17.2425,800.3,201.2,fixation
10:21:17.243,799.6,202.3,fixation
10:21:17.2434,799.2,202.1,fixation
10:21:17.2439,799.0,201.1,fixation
10:21:17.2444,799.0,200.2,fixation
10:21:17.2448,799.2,198.4,fixation
10:21:17.2453,799.3,196.1,fixation
10:21:17.2458,799.7,193.8,fixation
10:21:17.2462,799.9,192.9,fixation
10:21:17.2467,800.1,193.7,fixation
10:21:17.2472,800.1,194.5,fixation
10:21:17.2477,799.5,194.7,fixation
10:21:17.2481,798.7,195.2,fixation
10:21:17.2486,798.0,195.6,fixation
10:21:17.2491,798.3,196.6,fixation
10:21:17.2495,798.4,197.3,fixation
10:21:17.25,798.3,198.1,fixation
10:21:17.2505,797.3,199.5,saccade
10:21:17.2509,797.0,200.1,saccade
10:21:17.2514,796.9,200.2,saccade
10:21:17.2519,796.8,200.2,saccade
10:21:17.2523,796.7,200.2,saccade
10:21:17.2528,796.0,200.2,saccade
10:21:17.2533,795.4,200.3,saccade
10:21:17.2538,795.6,198.8,saccade
10:21:17.2542,796.3,197.2,saccade
10:21:17.2547,796.9,196.7,saccade
10:21:17.2552,797.0,197.7,saccade
10:21:17.2556,797.1,198.8,saccade
10:21:17.2561,798.4,197.4,saccade
10:21:17.2566,799.7,196.1,saccade
10:21:17.2570,802.1,195.6,saccade
10:21:17.2575,804.0,197.4,saccade
10:21:17.258,806.4,199.3,saccade
10:21:17.2584,809.1,199.9,saccade
10:21:17.2589,812.2,199.6,saccade
10:21:17.2594,815.4,199.2,saccade
10:21:17.2599,819.8,199.7,saccade
10:21:17.2603,824.3,200.0,saccade
10:21:17.2608,829.2,199.4,saccade
10:21:17.2613,832.3,198.0,saccade
10:21:17.2617,834.1,196.8,saccade
10:21:17.2622,837.1,196.9,saccade
10:21:17.2627,840.8,197.5,saccade
10:21:17.2631,846.0,198.2,saccade
10:21:17.2636,849.1,198.0,saccade
10:21:17.2641,851.4,195.9,saccade
10:21:17.2645,853.1,194.1,saccade
10:21:17.265,854.7,192.2,saccade
10:21:17.2655,855.7,191.7,saccade
10:21:17.266,855.9,190.7,saccade
10:21:17.2664,856.3,189.7,saccade
10:21:17.2669,857.1,188.5,saccade
10:21:17.2674,857.9,187.1,saccade
10:21:17.2678,858.5,186.2,saccade
10:21:17.2683,857.9,186.1,saccade
10:21:17.2688,857.2,185.9,saccade
10:21:17.2692,856.2,185.8,saccade
10:21:17.2697,855.6,185.3,saccade
10:21:17.2702,854.3,183.4,saccade
10:21:17.2706,852.7,181.5,saccade
10:21:17.2711,851.2,181.0,saccade
10:21:17.2716,850.4,182.2,saccade
10:21:17.2721,850.0,184.0,saccade
10:21:17.2725,846.7,184.9,fixation
10:21:17.273,845.2,185.2,fixation
10:21:17.2735,844.3,185.2,fixation
10:21:17.2739,843.4,185.0,fixation
10:21:17.2744,842.5,184.7,fixation
10:21:17.2749,841.8,183.6,fixation
10:21:17.2753,840.2,182.2,fixation
10:21:17.2758,838.6,181.3,fixation
10:21:17.2763,837.6,181.9,fixation
10:21:17.2767,837.4,182.7,fixation
10:21:17.2772,837.1,182.7,fixation
10:21:17.2777,837.0,182.0,fixation
10:21:17.2782,836.9,181.4,fixation
10:21:17.2786,836.8,181.9,fixation
10:21:17.2791,837.0,182.8,fixation
10:21:17.2796,837.3,183.3,fixation
10:21:17.2800,837.1,182.1,fixation
10:21:17.2805,836.4,180.8,fixation
10:21:17.281,835.7,179.1,fixation
10:21:17.2814,835.7,178.2,fixation
10:21:17.2819,836.0,178.0,fixation
10:21:17.2824,836.2,178.7,fixation
10:21:17.2828,836.2,179.4,fixation
10:21:17.2833,836.2,179.9,fixation
10:21:17.2838,836.7,181.0,fixation
10:21:17.2842,837.2,182.7,fixation
10:21:17.2846,837.2,183.7,fixation
10:21:17.2851,836.7,184.0,fixation
10:21:17.2856,836.0,183.8,fixation
10:21:17.2860,835.9,183.8,fixation
10:21:17.2865,835.7,184.4,fixation
10:21:17.287,835.6,185.0,fixation
10:21:17.2874,835.6,184.9,fixation
10:21:17.2879,836.3,184.5,fixation
10:21:17.2884,837.0,184.0,fixation
10:21:17.2888,837.1,184.1,fixation
10:21:17.2892,836.5,184.2,fixation
10:21:17.2897,836.0,184.3,fixation
10:21:17.2902,836.1,183.6,fixation
10:21:17.2906,836.2,182.7,fixation
10:21:17.2911,835.7,183.2,fixation
10:21:17.2916,835.2,184.4,fixation
10:21:17.2920,834.7,185.6,fixation
10:21:17.2925,834.8,185.5,fixation
10:21:17.293,835.0,185.7,fixation
10:21:17.2934,835.2,185.8,fixation
10:21:17.2938,835.3,185.9,fixation
10:21:17.2943,835.3,186.3,fixation
10:21:17.2948,835.2,187.2,fixation
10:21:17.2952,835.0,188.1,fixation
10:21:17.2957,834.4,188.8,fixation
10:21:17.2962,833.9,189.0,fixation
10:21:17.2966,833.4,188.0,fixation
10:21:17.2971,833.9,186.9,fixation
10:21:17.2976,834.3,186.2,fixation
10:21:17.2980,834.6,186.8,fixation
10:21:17.2984,834.5,187.2,fixation
10:21:17.2989,834.4,187.6,fixation
10:21:17.2994,834.2,189.1,fixation
10:21:17.2998,833.9,190.6,fixation
10:21:17.3003,833.5,190.9,fixation
10:21:17.3008,833.2,189.8,fixation
10:21:17.3012,833.8,188.9,fixation
10:21:17.3017,834.5,188.9,fixation
10:21:17.3022,834.5,188.5,fixation
10:21:17.3026,833.8,187.5,fixation
10:21:17.3031,834.0,186.8,fixation
10:21:17.3036,835.0,186.6,fixation
10:21:17.3041,835.5,186.6,fixation
10:21:17.3045,834.7,186.3,fixation
10:21:17.305,833.9,186.0,fixation
10:21:17.3055,834.2,186.3,fixation
10:21:17.3059,835.0,187.0,fixation
10:21:17.3064,835.8,188.2,fixation
10:21:17.3069,835.8,188.8,fixation
10:21:17.3073,835.9,189.2,fixation
10:21:17.3078,836.0,189.2,fixation
10:21:17.3083,836.2,189.2,fixation
10:21:17.3087,836.3,189.1,fixation
10:21:17.3092,835.3,188.8,fixation
10:21:17.3097,834.2,188.5,fixation
10:21:17.3102,833.6,188.2,fixation
10:21:17.3106,834.1,188.1,fixation
10:21:17.3111,834.3,188.1,fixation
10:21:17.3116,834.1,187.3,fixation
10:21:17.3120,833.8,186.5,fixation
10:21:17.3125,833.5,186.6,fixation
10:21:17.313,833.1,187.3,fixation
10:21:17.3134,833.4,188.2,fixation
10:21:17.3139,833.9,188.1,fixation
10:21:17.3144,834.4,188.0,fixation
10:21:17.3148,834.3,187.7,fixation
10:21:17.3153,833.7,187.5,fixation
10:21:17.3158,833.2,187.5,fixation
10:21:17.3163,832.9,187.6,fixation
10:21:17.3167,832.9,187.6,fixation
10:21:17.3172,833.0,187.6,fixation
10:21:17.3177,833.1,187.9,fixation
10:21:17.3181,833.2,188.4,fixation
10:21:17.3186,833.1,188.9,fixation
10:21:17.3191,832.6,188.9,fixation
10:21:17.3195,832.1,189.1,fixation
10:21:17.32,831.8,189.5,fixation
10:21:17.3205,831.9,190.0,fixation
10:21:17.3209,832.2,190.3,fixation
10:21:17.3214,833.6,190.5,fixation
10:21:17.3219,835.0,190.8,fixation
10:21:17.3224,835.7,190.9,fixation
10:21:17.3228,835.0,191.0,fixation
10:21:17.3233,834.5,191.2,fixation
10:21:17.3238,834.8,191.5,fixation
10:21:17.3242,834.0,191.5,fixation
10:21:17.3247,833.0,190.9,fixation
10:21:17.3252,832.1,189.8,fixation
10:21:17.3256,832.2,188.8,fixation
10:21:17.3261,832.5,188.2,fixation
10:21:17.3266,833.2,188.0,fixation
10:21:17.3270,833.8,188.1,fixation
10:21:17.3275,833.8,188.1,fixation
10:21:17.328,833.5,188.2,fixation
10:21:17.3285,833.2,187.7,fixation
10:21:17.3289,833.2,187.1,fixation
10:21:17.3294,832.7,186.5,fixation
10:21:17.3299,832.1,186.1,fixation
10:21:17.3303,831.5,185.9,fixation
10:21:17.3308,831.4,186.1,fixation
10:21:17.3313,832.2,186.6,fixation
10:21:17.3317,833.0,187.1,fixation
10:21:17.3322,834.1,188.7,fixation
10:21:17.3327,834.2,190.2,fixation
10:21:17.3331,834.4,191.6,fixation
10:21:17.3336,833.4,191.4,fixation
10:21:17.3341,832.3,191.6,fixation
10:21:17.3346,831.4,191.7,fixation
10:21:17.3350,831.5,190.2,fixation
10:21:17.3355,831.1,188.3,fixation
10:21:17.336,830.8,186.3,fixation
10:21:17.3364,830.3,186.0,fixation
10:21:17.3369,830.3,185.9,fixation
10:21:17.3374,830.1,187.4,fixation
10:21:17.3378,829.9,189.4,fixation
10:21:17.3383,829.7,191.4,fixation
10:21:17.3388,829.7,191.6,fixation
10:21:17.3392,829.9,191.3,fixation
10:21:17.3397,830.3,190.8,fixation
10:21:17.3402,830.7,190.2,fixation
10:21:17.3407,831.1,189.8,fixation
10:21:17.3411,831.4,189.5,fixation
10:21:17.3416,830.6,189.3,fixation
10:21:17.3421,829.5,189.1,fixation
10:21:17.3425,828.6,188.4,fixation
10:21:17.343,828.8,188.1,fixation
10:21:17.3435,829.2,187.2,fixation
10:21:17.3439,829.5,186.7,fixation
10:21:17.3444,829.9,186.9,fixation
10:21:17.3449,830.2,187.7,fixation
10:21:17.3453,830.4,188.5,fixation
10:21:17.3458,830.3,188.5,fixation
10:21:17.3463,830.2,189.5,fixation
10:21:17.3467,829.8,190.4,fixation
10:21:17.3471,829.3,190.3,fixation
10:21:17.3476,828.9,189.3,fixation
10:21:17.3481,829.0,188.3,fixation
10:21:17.3485,829.3,187.6,fixation
10:21:17.349,829.7,186.7,fixation
10:21:17.3495,829.8,185.9,fixation
10:21:17.3499,829.7,186.4,fixation
10:21:17.3504,829.6,187.3,fixation
10:21:17.3509,829.1,188.0,fixation
10:21:17.3513,828.6,188.3,fixation
10:21:17.3517,828.0,188.2,fixation
10:21:17.3522,827.7,188.2,fixation
10:21:17.3527,828.0,188.3,fixation
10:21:17.3531,828.7,188.4,fixation
10:21:17.3536,829.5,188.1,fixation
10:21:17.3541,829.0,188.0,fixation
10:21:17.3545,828.3,188.1,fixation
10:21:17.355,827.6,188.3,fixation
10:21:17.3555,827.6,186.9,fixation
10:21:17.3559,827.7,185.5,fixation
10:21:17.3563,828.1,183.6,fixation
10:21:17.3568,828.4,183.2,fixation
10:21:17.3573,828.5,182.7,fixation
10:21:17.3577,829.0,182.8,fixation
10:21:17.3582,829.3,183.8,fixation
10:21:17.3587,829.6,185.2,fixation
10:21:17.3591,829.4,186.4,fixation
10:21:17.3596,829.3,186.5,fixation
10:21:17.3601,829.2,185.9,fixation
10:21:17.3605,829.1,185.6,fixation
10:21:17.3609,829.1,185.7,fixation
10:21:17.3614,829.3,185.0,fixation
10:21:17.3619,830.0,184.0,fixation
10:21:17.3623,830.4,183.6,fixation
10:21:17.3628,830.6,184.3,fixation
10:21:17.3633,830.5,184.8,fixation
10:21:17.3637,830.5,184.8,fixation
10:21:17.3642,830.4,184.7,fixation
10:21:17.3647,830.1,186.4,fixation
10:21:17.3651,830.3,187.8,fixation
10:21:17.3656,830.5,189.2,fixation
10:21:17.3661,830.7,188.8,fixation
10:21:17.3666,830.6,187.2,fixation
10:21:17.3670,830.5,185.7,fixation
10:21:17.3675,831.5,184.9,fixation
10:21:17.368,832.2,186.3,fixation
10:21:17.3684,833.0,187.7,fixation
10:21:17.3689,832.8,189.2,fixation
10:21:17.3694,833.2,189.6,fixation
10:21:17.3698,833.6,189.4,fixation
10:21:17.3703,834.3,187.7,fixation
10:21:17.3708,834.5,186.6,fixation
10:21:17.3712,833.7,187.1,fixation
10:21:17.3717,832.8,188.2,fixation
10:21:17.3722,831.9,189.4,fixation
10:21:17.3727,832.0,189.5,fixation
10:21:17.3731,832.1,188.5,fixation
10:21:17.3736,832.2,187.4,fixation
10:21:17.3741,831.8,186.7,fixation
10:21:17.3745,831.3,187.7,fixation
10:21:17.375,830.7,188.7,fixation
10:21:17.3755,830.8,188.0,fixation
10:21:17.3759,830.8,186.7,fixation
10:21:17.3764,830.0,185.1,fixation
10:21:17.3769,829.1,184.8,fixation
10:21:17.3773,828.0,184.4,fixation
10:21:17.3778,827.0,185.1,fixation
10:21:17.3783,826.0,185.9,fixation
10:21:17.3788,825.1,186.1,fixation
10:21:17.3792,825.1,185.6,fixation
10:21:17.3797,825.0,186.6,fixation
10:21:17.3802,824.8,188.0,fixation
10:21:17.3806,824.6,189.5,fixation
10:21:17.3811,824.5,189.5,fixation
10:21:17.3816,825.0,188.1,fixation
10:21:17.3820,825.5,186.6,fixation
10:21:17.3825,825.4,185.1,fixation
10:21:17.383,824.7,185.3,fixation
10:21:17.3834,824.1,185.4,fixation
10:21:17.3839,824.0,185.6,fixation
10:21:17.3844,824.0,185.8,fixation
10:21:17.3849,824.9,186.2,fixation
10:21:17.3853,826.1,186.5,fixation
10:21:17.3858,827.5,186.7,fixation
10:21:17.3863,827.8,187.1,fixation
10:21:17.3867,827.6,187.7,fixation
10:21:17.3872,827.2,188.2,fixation
10:21:17.3877,827.0,188.0,fixation
10:21:17.3881,828.3,187.5,fixation
10:21:17.3886,829.6,186.8,fixation
10:21:17.3891,830.9,186.5,fixation
10:21:17.3895,831.0,186.9,fixation
10:21:17.39,830.9,187.5,fixation
10:21:17.3905,830.7,188.0,fixation
10:21:17.391,830.5,187.7,fixation
10:21:17.3914,830.4,187.7,fixation
10:21:17.3919,830.1,187.9,fixation
10:21:17.3924,830.1,188.8,fixation
10:21:17.3928,830.1,189.5,fixation
10:21:17.3933,828.9,189.0,fixation
10:21:17.3938,827.5,188.0,fixation
10:21:17.3942,826.9,187.4,fixation
10:21:17.3947,827.6,187.8,fixation
10:21:17.3952,827.6,187.9,fixation
10:21:17.3956,826.7,187.8,fixation
10:21:17.3961,825.7,187.8,fixation
10:21:17.3966,825.6,188.0,fixation
10:21:17.3971,824.0,188.1,fixation
10:21:17.3975,822.5,188.4,fixation
10:21:17.398,820.5,188.7,fixation
10:21:17.3985,820.2,189.2,fixation
10:21:17.3989,820.0,189.2,fixation
10:21:17.3994,820.0,189.3,fixation
10:21:17.3999,820.0,188.1,fixation
10:21:17.4003,819.8,187.1,fixation
10:21:17.4008,819.6,187.1,fixation
10:21:17.4013,820.1,188.2,fixation
10:21:17.4017,820.6,189.2,fixation
10:21:17.4022,821.3,189.3,fixation
10:21:17.4027,821.4,189.3,fixation
10:21:17.4032,821.5,188.5,fixation
10:21:17.4036,822.9,187.9,fixation
10:21:17.4041,824.3,188.5,fixation
10:21:17.4046,825.4,189.9,fixation
10:21:17.4050,825.4,189.6,fixation
10:21:17.4055,825.9,188.5,fixation
10:21:17.406,826.6,187.5,fixation
10:21:17.4064,827.2,187.7,fixation
10:21:17.4069,827.4,187.5,fixation
10:21:17.4074,828.0,187.4,fixation
10:21:17.4078,828.6,187.1,fixation
10:21:17.4083,828.8,186.8,fixation
10:21:17.4088,828.1,186.4,fixation
10:21:17.4092,827.4,186.2,fixation
10:21:17.4096,827.0,186.2,fixation
10:21:17.4101,827.0,186.3,fixation
10:21:17.4106,827.0,186.2,fixation
10:21:17.4110,826.0,185.8,fixation
10:21:17.4115,824.3,185.2,fixation
10:21:17.412,822.6,184.9,fixation
10:21:17.4124,822.0,184.6,fixation
10:21:17.4129,822.2,184.5,fixation
10:21:17.4134,821.2,185.4,fixation
10:21:17.4138,819.9,186.6,fixation
10:21:17.4142,819.0,187.9,fixation
10:21:17.4147,819.4,187.5,fixation
10:21:17.4152,819.5,186.6,fixation
10:21:17.4156,819.3,185.6,fixation
10:21:17.4161,819.7,186.9,fixation
10:21:17.4166,820.3,188.5,fixation
10:21:17.4170,820.8,190.4,fixation
10:21:17.4175,821.6,191.0,fixation
10:21:17.418,822.7,189.5,fixation
10:21:17.4184,824.7,187.1,fixation
10:21:17.4188,825.9,184.6,fixation
10:21:17.4193,827.5,185.7,fixation
10:21:17.4198,828.2,186.7,fixation
10:21:17.4202,828.3,187.5,fixation
10:21:17.4207,827.8,186.7,fixation
10:21:17.4212,827.3,186.4,fixation
10:21:17.4216,828.0,186.4,fixation
10:21:17.4221,828.6,186.9,fixation
10:21:17.4226,828.7,187.2,fixation
10:21:17.4230,827.7,185.8,fixation
10:21:17.4234,826.8,184.0,fixation
10:21:17.4239,826.4,182.3,fixation
10:21:17.4244,826.5,182.3,fixation
10:21:17.4248,826.3,182.2,fixation
10:21:17.4253,825.9,182.3,fixation
10:21:17.4258,824.5,182.2,fixation
10:21:17.4262,823.1,181.8,fixation
10:21:17.4267,821.8,181.3,fixation
10:21:17.4272,821.3,180.4,fixation
10:21:17.4276,821.1,179.7,fixation
10:21:17.4281,821.3,179.1,fixation
10:21:17.4286,821.5,180.0,fixation
10:21:17.4291,821.4,181.0,fixation
10:21:17.4295,820.8,181.8,fixation
10:21:17.43,820.4,181.2,fixation
10:21:17.4305,820.9,180.8,fixation
10:21:17.4309,821.7,181.9,fixation
10:21:17.4314,822.4,184.1,fixation
10:21:17.4319,822.7,186.2,fixation
10:21:17.4323,822.9,186.6,fixation
10:21:17.4328,823.1,186.2,fixation
10:21:17.4333,823.5,185.0,fixation
10:21:17.4337,824.3,184.2,fixation
10:21:17.4342,825.1,183.0,fixation
10:21:17.4347,825.3,182.5,fixation
10:21:17.4352,825.3,182.0,fixation
10:21:17.4356,825.1,182.0,fixation
10:21:17.4361,825.1,181.5,fixation
10:21:17.4366,824.1,180.7,fixation
10:21:17.4370,822.9,179.8,fixation
10:21:17.4375,821.8,179.2,fixation
10:21:17.438,821.6,179.5,fixation
10:21:17.4384,821.5,179.9,fixation
10:21:17.4389,821.5,180.5,fixation
10:21:17.4394,821.4,180.9,fixation
10:21:17.4398,821.2,181.4,fixation
10:21:17.4403,820.9,181.7,fixation
10:21:17.4408,820.7,181.8,fixation
10:21:17.4413,820.2,182.4,fixation
10:21:17.4417,819.7,184.2,fixation
10:21:17.4422,819.2,186.0,fixation
10:21:17.4427,820.0,186.3,fixation
10:21:17.4431,821.4,185.5,fixation
10:21:17.4436,822.8,184.6,fixation
10:21:17.4441,823.1,184.5,fixation
10:21:17.4445,822.5,184.1,fixation
10:21:17.445,821.9,183.9,fixation
10:21:17.4455,821.7,184.0,fixation
10:21:17.4459,822.0,184.3,fixation
10:21:17.4464,822.4,184.7,fixation
10:21:17.4469,822.7,185.2,fixation
10:21:17.4474,822.5,185.6,fixation
10:21:17.4478,822.2,185.6,fixation
10:21:17.4483,822.3,185.3,fixation
10:21:17.4488,822.6,185.2,fixation
10:21:17.4492,822.5,185.1,fixation
10:21:17.4497,820.9,185.6,fixation
10:21:17.4502,819.4,186.1,fixation
10:21:17.4506,817.8,186.0,fixation
10:21:17.4511,817.6,185.2,fixation
10:21:17.4516,817.5,184.5,fixation
10:21:17.4520,817.6,184.1,fixation
10:21:17.4525,817.7,183.6,fixation
10:21:17.453,817.8,183.1,fixation
10:21:17.4535,817.9,183.0,fixation
10:21:17.4539,817.9,182.8,fixation
10:21:17.4544,817.8,182.5,fixation
10:21:17.4549,817.7,183.0,fixation
10:21:17.4553,817.9,183.7,fixation
10:21:17.4558,818.5,184.4,fixation
10:21:17.4563,819.4,185.2,fixation
10:21:17.4567,820.3,186.0,fixation
10:21:17.4572,820.8,186.9,fixation
10:21:17.4577,821.3,187.3,saccade
10:21:17.4581,821.7,187.6,saccade
10:21:17.4586,822.1,187.9,saccade
10:21:17.4591,821.9,188.3,saccade
10:21:17.4596,821.7,188.4,saccade
10:21:17.4600,821.3,188.5,saccade
10:21:17.4605,821.1,188.3,saccade
10:21:17.461,821.3,188.3,saccade
10:21:17.4614,821.5,189.8,saccade
10:21:17.4619,820.7,191.2,saccade
10:21:17.4624,819.1,192.4,saccade
10:21:17.4628,816.7,192.0,saccade
10:21:17.4633,814.5,191.5,saccade
10:21:17.4638,812.7,190.9,saccade
10:21:17.4642,810.8,188.5,saccade
10:21:17.4647,809.2,186.2,saccade
10:21:17.4652,807.1,184.0,saccade
10:21:17.4657,804.9,183.5,saccade
10:21:17.4661,802.2,182.7,saccade
10:21:17.4666,798.7,181.7,saccade
10:21:17.4671,795.8,180.6,saccade
10:21:17.4675,792.7,179.4,saccade
10:21:17.468,789.5,178.2,saccade
10:21:17.4685,786.6,176.7,saccade
10:21:17.4689,784.1,175.0,saccade
10:21:17.4694,781.4,173.3,saccade
10:21:17.4699,778.5,172.1,saccade
10:21:17.4703,776.4,171.7,saccade
10:21:17.4708,775.6,171.7,saccade
10:21:17.4713,775.2,171.8,saccade
10:21:17.4717,774.7,171.9,saccade
10:21:17.4721,774.2,171.7,saccade
10:21:17.4726,773.6,170.7,saccade
10:21:17.4731,773.3,169.8,saccade
10:21:17.4735,773.6,168.4,saccade
10:21:17.474,774.2,167.5,saccade
10:21:17.4745,774.9,166.6,saccade
10:21:17.4749,776.9,168.2,saccade
10:21:17.4754,778.8,173.1,saccade
10:21:17.4759,781.4,178.1,saccade
10:21:17.4763,783.2,181.3,saccade
10:21:17.4767,785.0,181.7,saccade
10:21:17.4772,786.4,181.9,saccade
10:21:17.4777,789.1,183.0,fixation
10:21:17.4781,790.6,184.7,fixation
10:21:17.4786,791.3,186.5,fixation
10:21:17.4791,791.9,188.1,fixation
10:21:17.4795,792.6,189.0,fixation
10:21:17.48,792.6,189.5,fixation
10:21:17.4805,791.8,189.3,fixation
10:21:17.4809,791.1,189.1,fixation
10:21:17.4813,791.0,189.2,fixation
10:21:17.4818,790.8,189.3,fixation
10:21:17.4823,790.3,188.4,fixation
10:21:17.4827,789.1,187.2,fixation
10:21:17.4832,788.1,186.1,fixation
10:21:17.4837,787.3,186.0,fixation
10:21:17.4841,787.9,186.2,fixation
10:21:17.4846,788.5,186.3,fixation
10:21:17.4851,789.3,186.2,fixation
10:21:17.4855,789.9,185.6,fixation
10:21:17.4859,790.6,185.1,fixation
10:21:17.4864,791.4,184.7,fixation
10:21:17.4869,791.8,186.0,fixation
10:21:17.4873,792.6,187.2,fixation
10:21:17.4878,793.4,188.2,fixation
10:21:17.4883,794.6,187.4,fixation
10:21:17.4887,795.4,185.9,fixation
10:21:17.4892,795.9,184.1,fixation
10:21:17.4897,796.2,182.6,fixation
10:21:17.4901,796.3,182.3,fixation
10:21:17.4906,795.9,182.4,fixation
10:21:17.4911,795.5,182.3,fixation
10:21:17.4916,794.5,181.8,fixation
10:21:17.4920,794.1,181.4,fixation
10:21:17.4925,793.6,181.3,fixation
10:21:17.493,793.5,183.0,fixation
10:21:17.4934,793.4,184.8,fixation
10:21:17.4939,792.3,186.4,fixation
10:21:17.4944,791.3,186.4,fixation
10:21:17.4948,789.2,184.6,fixation
10:21:17.4953,788.0,182.9,fixation
10:21:17.4958,786.8,182.5,fixation
10:21:17.4962,787.0,183.9,fixation
10:21:17.4967,787.0,186.2,fixation
10:21:17.4972,787.3,187.2,fixation
10:21:17.4977,787.7,185.7,fixation
10:21:17.4981,788.2,183.3,fixation
10:21:17.4986,788.6,181.9,fixation
10:21:17.4991,788.7,182.9,fixation
10:21:17.4995,788.8,184.5,fixation
10:21:17.5,788.7,185.1,fixation
10:21:17.5005,788.6,184.9,fixation
10:21:17.5009,788.7,184.5,fixation
10:21:17.5014,789.0,184.0,fixation
10:21:17.5019,790.3,184.6,fixation
10:21:17.5023,791.2,184.8,fixation
10:21:17.5028,792.2,182.7,fixation
10:21:17.5033,792.0,180.4,fixation
10:21:17.5038,792.3,178.2,fixation
10:21:17.5042,792.3,179.1,fixation
10:21:17.5047,792.5,180.1,fixation
10:21:17.5052,792.4,182.3,fixation
10:21:17.5056,791.7,183.4,fixation
10:21:17.5061,790.4,182.5,fixation
10:21:17.5066,789.2,180.3,fixation
10:21:17.5070,788.6,178.8,fixation
10:21:17.5075,788.4,179.1,fixation
10:21:17.508,788.1,179.2,fixation
10:21:17.5084,787.6,178.9,fixation
10:21:17.5089,786.9,178.9,fixation
10:21:17.5094,786.3,179.1,fixation
10:21:17.5099,785.1,178.9,fixation
10:21:17.5103,784.2,178.0,fixation
10:21:17.5108,783.5,176.5,fixation
10:21:17.5113,783.7,175.1,fixation
10:21:17.5117,784.2,174.5,fixation
10:21:17.5122,784.6,175.6,fixation
10:21:17.5127,785.0,176.8,fixation
10:21:17.5131,784.9,178.0,fixation
10:21:17.5136,785.7,177.8,fixation
10:21:17.5141,786.8,177.6,fixation
10:21:17.5145,788.1,178.5,fixation
10:21:17.515,788.6,179.7,fixation
10:21:17.5155,788.8,180.2,fixation
10:21:17.516,788.9,179.6,fixation
10:21:17.5164,789.0,178.5,fixation
10:21:17.5169,789.0,177.9,fixation
10:21:17.5174,789.6,177.3,fixation
10:21:17.5178,790.3,177.3,fixation
10:21:17.5183,791.1,177.3,fixation
10:21:17.5188,791.2,177.8,fixation
10:21:17.5192,790.7,178.0,fixation
10:21:17.5197,790.2,178.2,fixation
10:21:17.5202,790.0,177.5,fixation
10:21:17.5206,790.3,177.1,fixation
10:21:17.5211,789.8,177.8,fixation
10:21:17.5216,789.2,178.4,fixation
10:21:17.5221,788.1,178.6,fixation
10:21:17.5225,787.8,177.8,fixation
10:21:17.523,785.7,176.9,fixation
10:21:17.5235,784.1,176.5,fixation
10:21:17.5239,782.1,177.1,fixation
10:21:17.5244,781.5,179.2,fixation
10:21:17.5249,780.9,181.2,fixation
10:21:17.5253,780.7,182.2,fixation
10:21:17.5258,781.0,180.9,fixation
10:21:17.5263,781.5,178.7,fixation
10:21:17.5267,782.0,176.5,fixation
10:21:17.5272,782.2,175.6,fixation
10:21:17.5277,782.0,178.1,fixation
10:21:17.5282,781.8,180.7,fixation
10:21:17.5286,782.3,183.4,fixation
10:21:17.5291,783.0,183.8,fixation
10:21:17.5296,783.7,184.6,fixation
10:21:17.5300,784.3,185.3,fixation
10:21:17.5305,784.8,186.6,fixation
10:21:17.531,785.3,187.5,fixation
10:21:17.5314,786.0,187.7,fixation
10:21:17.5319,786.7,187.0,fixation
10:21:17.5324,787.4,186.4,fixation
10:21:17.5328,787.4,186.4,fixation
10:21:17.5333,787.5,185.6,fixation
10:21:17.5338,787.6,184.0,fixation
10:21:17.5342,787.9,182.4,fixation
10:21:17.5346,787.8,184.3,fixation
10:21:17.5351,787.6,187.0,fixation
10:21:17.5356,787.3,189.3,fixation
10:21:17.5360,787.3,188.9,fixation
10:21:17.5365,786.7,186.8,fixation
10:21:17.537,786.1,184.7,fixation
10:21:17.5374,784.4,182.4,fixation
10:21:17.5379,783.5,181.8,fixation
10:21:17.5384,782.3,181.5,fixation
10:21:17.5388,782.2,181.3,fixation
10:21:17.5392,782.0,181.3,fixation
10:21:17.5397,781.2,181.1,fixation
10:21:17.5402,780.4,181.0,fixation
10:21:17.5406,779.6,180.7,fixation
10:21:17.5411,779.5,180.6,fixation
10:21:17.5416,779.3,181.1,fixation
10:21:17.5420,779.1,182.2,fixation
10:21:17.5425,779.0,183.8,fixation
10:21:17.543,779.0,184.9,fixation
10:21:17.5434,779.1,185.3,fixation
10:21:17.5438,779.1,185.6,fixation
10:21:17.5443,779.0,185.8,fixation
10:21:17.5448,779.0,185.2,fixation
10:21:17.5452,779.8,184.6,fixation
10:21:17.5457,780.5,183.6,fixation
10:21:17.5462,782.2,183.6,fixation
10:21:17.5466,783.1,183.4,fixation
10:21:17.5471,783.9,184.1,fixation
10:21:17.5476,783.6,184.6,fixation
10:21:17.5480,783.9,185.1,fixation
10:21:17.5484,784.9,186.5,fixation
10:21:17.5489,785.9,187.9,fixation
10:21:17.5494,786.9,189.2,fixation
10:21:17.5498,787.3,189.2,fixation
10:21:17.5503,787.6,189.2,fixation
10:21:17.5508,787.5,189.2,fixation
10:21:17.5512,787.4,189.3,fixation
10:21:17.5517,787.3,189.3,fixation
10:21:17.5522,786.5,189.1,fixation
10:21:17.5526,785.5,189.0,fixation
10:21:17.5531,783.8,188.8,fixation
10:21:17.5536,782.5,188.8,fixation
10:21:17.5541,781.5,188.7,fixation
10:21:17.5545,781.4,188.4,fixation
10:21:17.555,781.5,188.1,fixation
10:21:17.5555,781.4,189.0,fixation
10:21:17.5559,781.4,190.2,fixation
10:21:17.5564,781.6,190.3,fixation
10:21:17.5569,780.3,188.8,fixation
10:21:17.5573,778.9,186.6,fixation
10:21:17.5578,777.9,185.6,fixation
10:21:17.5583,778.3,185.3,fixation
10:21:17.5587,778.6,185.7,fixation
10:21:17.5592,778.0,186.3,fixation
10:21:17.5597,777.7,186.6,fixation
10:21:17.5602,777.5,186.9,fixation
10:21:17.5606,777.7,186.9,fixation
10:21:17.5611,778.7,186.0,fixation
10:21:17.5616,780.0,185.2,fixation
10:21:17.5620,781.3,183.9,fixation
10:21:17.5625,781.6,183.5,fixation
10:21:17.563,781.4,185.0,fixation
10:21:17.5634,781.6,187.2,fixation
10:21:17.5639,781.7,189.4,fixation
10:21:17.5644,781.9,189.6,fixation
10:21:17.5648,781.7,189.8,fixation
10:21:17.5653,781.6,190.0,fixation
10:21:17.5658,781.8,190.1,fixation
10:21:17.5663,782.3,190.5,fixation
10:21:17.5667,783.2,191.0,fixation
10:21:17.5672,783.8,191.6,fixation
10:21:17.5677,784.1,192.0,fixation
10:21:17.5681,783.9,191.7,fixation
10:21:17.5686,784.3,190.7,fixation
10:21:17.5691,784.8,189.7,fixation
10:21:17.5695,785.2,189.4,fixation
10:21:17.57,783.2,189.1,fixation
10:21:17.5705,781.2,188.5,fixation
10:21:17.5709,779.1,187.8,fixation
10:21:17.5714,778.8,188.1,fixation
10:21:17.5719,778.4,189.5,fixation
10:21:17.5724,778.1,190.9,fixation
10:21:17.5728,777.9,191.8,fixation
10:21:17.5733,777.8,191.6,fixation
10:21:17.5738,777.0,191.2,fixation
10:21:17.5742,776.4,191.0,fixation
10:21:17.5747,775.7,190.2,fixation
10:21:17.5752,775.7,189.6,fixation
10:21:17.5756,775.4,189.3,fixation
10:21:17.5761,775.3,189.5,fixation
10:21:17.5766,775.2,189.6,fixation
10:21:17.5770,775.3,189.5,fixation
10:21:17.5775,775.9,189.5,fixation
10:21:17.578,776.7,189.4,fixation
10:21:17.5785,777.5,189.5,fixation
10:21:17.5789,777.9,189.4,fixation
10:21:17.5794,778.9,189.2,fixation
10:21:17.5799,780.0,189.0,fixation
10:21:17.5803,780.7,190.6,fixation
10:21:17.5808,780.6,192.4,fixation
10:21:17.5813,780.4,193.8,fixation
10:21:17.5817,781.9,193.7,fixation
10:21:17.5822,783.5,193.7,fixation
10:21:17.5827,784.6,193.1,fixation
10:21:17.5831,784.2,192.7,fixation
10:21:17.5836,783.5,192.2,fixation
10:21:17.5841,783.0,192.1,fixation
10:21:17.5846,782.6,191.2,fixation
10:21:17.5850,782.6,190.5,fixation
10:21:17.5855,782.8,190.6,fixation
10:21:17.586,783.0,189.7,fixation
10:21:17.5864,783.1,188.7,fixation
10:21:17.5869,782.3,187.0,fixation
10:21:17.5874,781.4,186.3,fixation
10:21:17.5878,780.3,185.4,fixation
10:21:17.5883,780.0,185.2,fixation
10:21:17.5888,779.3,186.4,fixation
10:21:17.5892,779.0,188.2,fixation
10:21:17.5897,778.8,190.1,fixation
10:21:17.5902,779.0,190.7,fixation
10:21:17.5907,779.0,190.7,fixation
10:21:17.5911,777.8,192.7,fixation
10:21:17.5916,776.0,194.6,fixation
10:21:17.5921,774.2,196.0,fixation
10:21:17.5925,773.5,195.3,fixation
10:21:17.593,773.4,195.5,fixation
10:21:17.5935,773.2,196.3,fixation
10:21:17.5939,773.9,197.4,fixation
10:21:17.5944,774.6,198.5,fixation
10:21:17.5949,775.1,199.6,fixation
10:21:17.5953,775.9,200.7,fixation
10:21:17.5958,776.8,200.9,fixation
10:21:17.5963,777.6,201.5,fixation
10:21:17.5967,777.6,202.4,fixation
10:21:17.5971,777.5,203.6,fixation
10:21:17.5976,778.1,204.5,fixation
10:21:17.5981,778.6,205.2,fixation
10:21:17.5985,779.0,207.5,fixation
10:21:17.599,779.0,209.6,fixation
10:21:17.5995,778.6,212.8,fixation
10:21:17.5999,778.2,214.1,fixation
10:21:17.6004,777.8,215.1,fixation
10:21:17.6009,777.7,214.6,fixation
10:21:17.6013,777.9,213.3,fixation
10:21:17.6017,777.9,211.4,fixation
10:21:17.6022,777.8,209.8,fixation
10:21:17.6027,777.4,210.5,fixation
10:21:17.6031,776.6,213.6,saccade
10:21:17.6036,776.2,214.1,saccade
10:21:17.6041,775.8,214.6,saccade
10:21:17.6045,775.5,214.9,saccade
10:21:17.605,775.3,214.8,saccade
10:21:17.6055,775.0,214.8,saccade
10:21:17.6059,774.7,216.1,saccade
10:21:17.6063,774.4,218.2,saccade
10:21:17.6068,773.8,221.4,saccade
10:21:17.6073,772.6,222.9,saccade
10:21:17.6077,771.6,225.0,saccade
10:21:17.6082,770.7,226.1,saccade
10:21:17.6087,770.7,229.6,saccade
10:21:17.6091,770.9,232.1,saccade
10:21:17.6096,771.2,238.4,saccade
10:21:17.6101,771.4,242.4,saccade
10:21:17.6105,771.4,248.8,saccade
10:21:17.6109,771.1,254.6,saccade
10:21:17.6114,772.1,261.4,saccade
10:21:17.6119,773.3,269.5,saccade
10:21:17.6123,775.9,275.7,saccade
10:21:17.6128,778.1,283.2,saccade
10:21:17.6133,780.1,287.8,saccade
10:21:17.6137,781.3,294.2,saccade
10:21:17.6142,783.0,301.3,saccade
10:21:17.6147,785.6,308.2,saccade
10:21:17.6151,787.3,318.9,saccade
10:21:17.6156,787.4,331.9,saccade
10:21:17.6161,787.8,345.7,saccade
10:21:17.6166,788.9,356.6,saccade
10:21:17.6170,791.8,363.5,saccade
10:21:17.6175,794.0,373.3,saccade
10:21:17.618,797.4,382.3,saccade
10:21:17.6184,799.7,394.4,saccade
10:21:17.6189,802.0,404.9,saccade
10:21:17.6194,803.6,412.4,saccade
10:21:17.6198,806.4,419.8,saccade
10:21:17.6203,809.4,430.4,saccade
10:21:17.6208,811.8,443.6,saccade
10:21:17.6212,812.9,457.9,saccade
10:21:17.6217,813.2,470.5,saccade
10:21:17.6222,813.5,481.8,saccade
10:21:17.6227,814.3,492.4,saccade
10:21:17.6231,816.6,499.9,saccade
10:21:17.6236,818.6,510.8,saccade
10:21:17.6241,819.9,521.2,saccade
10:21:17.6245,819.9,530.4,saccade
10:21:17.625,821.0,539.1,saccade
10:21:17.6255,822.7,546.0,saccade
10:21:17.6259,824.7,557.0,saccade
10:21:17.6264,827.5,566.3,saccade
10:21:17.6269,830.8,575.2,saccade
10:21:17.6273,834.2,584.9,saccade
10:21:17.6278,836.1,597.2,saccade
10:21:17.6283,836.9,609.1,saccade
10:21:17.6288,837.0,618.0,saccade
10:21:17.6292,837.3,624.8,saccade
10:21:17.6297,837.6,630.2,saccade
10:21:17.6302,837.6,636.9,saccade
10:21:17.6306,837.2,643.9,saccade
10:21:17.6311,837.6,651.6,saccade
10:21:17.6316,838.2,658.8,saccade
10:21:17.6320,838.9,663.7,saccade
10:21:17.6325,839.2,670.2,saccade
10:21:17.633,839.6,678.2,saccade
10:21:17.6334,838.9,688.3,saccade
10:21:17.6339,837.3,699.4,saccade
10:21:17.6344,834.9,707.8,saccade
10:21:17.6349,831.9,714.7,saccade
10:21:17.6353,829.3,720.0,saccade
10:21:17.6358,825.3,727.6,saccade
10:21:17.6363,822.3,735.4,saccade
10:21:17.6367,818.8,741.9,saccade
10:21:17.6372,817.5,744.9,saccade
10:21:17.6377,816.6,751.2,saccade
10:21:17.6381,816.3,762.0,saccade
10:21:17.6386,815.9,772.7,saccade
10:21:17.6391,815.8,781.5,saccade
10:21:17.6395,815.6,785.5,saccade
10:21:17.64,815.4,794.3,saccade
10:21:17.6405,815.2,799.6,saccade
10:21:17.641,814.9,805.0,saccade
10:21:17.6414,814.7,808.1,saccade
10:21:17.6419,814.6,811.0,saccade
10:21:17.6424,814.7,813.8,saccade
10:21:17.6428,814.5,813.7,saccade
10:21:17.6433,814.1,813.6,saccade
10:21:17.6438,813.7,813.6,saccade
10:21:17.6442,813.9,815.0,saccade
10:21:17.6447,814.3,816.3,saccade
10:21:17.6452,814.9,814.5,saccade
10:21:17.6456,815.0,808.7,saccade
10:21:17.6461,815.5,801.3,saccade
10:21:17.6466,815.9,795.7,saccade
10:21:17.6471,816.4,792.8,saccade
10:21:17.6475,817.1,790.3,saccade
10:21:17.648,818.2,787.8,saccade
10:21:17.6485,819.5,783.1,saccade
10:21:17.6489,820.3,779.5,saccade
10:21:17.6494,821.1,772.1,saccade
10:21:17.6499,822.6,767.1,saccade
10:21:17.6503,824.3,760.6,saccade
10:21:17.6508,826.6,757.7,saccade
10:21:17.6513,828.3,754.7,saccade
10:21:17.6517,829.7,752.5,saccade
10:21:17.6522,830.1,750.0,saccade
10:21:17.6527,830.4,744.9,saccade
10:21:17.6532,831.0,740.7,saccade
10:21:17.6536,831.1,737.3,saccade
10:21:17.6541,831.1,735.9,saccade
10:21:17.6546,830.8,734.3,saccade
10:21:17.6550,831.1,734.2,saccade
10:21:17.6555,831.3,734.6,saccade
10:21:17.656,831.4,735.1,saccade
10:21:17.6564,831.3,734.0,saccade
10:21:17.6569,831.0,732.7,saccade
10:21:17.6574,830.3,732.5,saccade
10:21:17.6578,829.8,733.6,saccade
10:21:17.6583,829.3,734.0,saccade
10:21:17.6588,829.3,733.4,saccade
10:21:17.6592,829.0,732.3,saccade
10:21:17.6596,828.5,731.6,fixation
10:21:17.6601,828.4,731.7,fixation
10:21:17.6606,828.3,735.4,fixation
10:21:17.6610,828.2,739.9,fixation
10:21:17.6615,829.1,745.2,fixation
10:21:17.662,830.0,746.8,fixation
10:21:17.6624,830.9,748.8,fixation
10:21:17.6629,831.3,750.0,fixation
10:21:17.6634,831.5,751.5,fixation
10:21:17.6638,831.8,753.3,fixation
10:21:17.6642,831.9,756.7,fixation
10:21:17.6647,832.3,759.9,fixation
10:21:17.6652,832.9,761.7,fixation
10:21:17.6656,832.7,761.7,fixation
10:21:17.6661,832.6,763.6,fixation
10:21:17.6666,833.2,765.8,fixation
10:21:17.6670,834.2,768.1,fixation
10:21:17.6675,834.4,767.7,fixation
10:21:17.668,833.0,767.0,fixation
10:21:17.6684,831.6,766.5,fixation
10:21:17.6688,831.1,766.9,fixation
10:21:17.6693,830.8,767.2,fixation
10:21:17.6698,830.2,767.3,fixation
10:21:17.6702,829.2,768.7,fixation
10:21:17.6707,828.5,770.3,fixation
10:21:17.6712,828.1,771.9,fixation
10:21:17.6716,828.0,771.9,fixation
10:21:17.6721,828.2,772.1,fixation
10:21:17.6726,828.5,772.2,fixation
10:21:17.6730,828.8,772.2,fixation
10:21:17.6734,828.9,772.5,fixation
10:21:17.6739,828.9,772.9,fixation
10:21:17.6744,828.7,773.7,fixation
10:21:17.6748,828.4,774.8,fixation
10:21:17.6753,828.3,775.6,fixation
10:21:17.6758,827.5,775.9,fixation
10:21:17.6762,826.7,775.8,fixation
10:21:17.6767,826.0,775.0,fixation
10:21:17.6772,826.0,774.5,fixation
10:21:17.6776,825.8,774.7,fixation
10:21:17.6781,825.7,776.6,fixation
10:21:17.6786,825.6,778.5,fixation
10:21:17.6791,825.1,779.4,fixation
10:21:17.6795,824.5,779.3,fixation
10:21:17.68,824.4,779.4,fixation
10:21:17.6805,824.8,779.9,fixation
10:21:17.6809,824.7,780.6,fixation
10:21:17.6814,824.1,781.1,fixation
10:21:17.6819,824.4,781.4,fixation
10:21:17.6823,825.2,781.3,fixation
10:21:17.6828,826.1,780.0,fixation
10:21:17.6833,826.3,778.8,fixation
10:21:17.6837,826.6,778.0,fixation
10:21:17.6842,827.2,778.9,fixation
10:21:17.6847,827.7,780.2,fixation
10:21:17.6852,828.0,781.1,fixation
10:21:17.6856,828.0,781.5,fixation
10:21:17.6861,828.0,781.3,fixation
10:21:17.6866,828.3,780.7,fixation
10:21:17.6870,829.4,780.4,fixation
10:21:17.6875,830.4,780.6,fixation
10:21:17.688,831.5,781.2,fixation
10:21:17.6884,831.6,781.6,fixation
10:21:17.6889,831.7,781.8,fixation
10:21:17.6894,831.6,782.1,fixation
10:21:17.6898,831.6,781.8,fixation
10:21:17.6903,831.9,781.0,fixation
10:21:17.6908,832.2,780.3,fixation
10:21:17.6913,831.7,780.1,fixation
10:21:17.6917,831.0,780.4,fixation
10:21:17.6922,830.2,780.0,fixation
10:21:17.6927,830.2,779.4,fixation
10:21:17.6931,830.2,778.7,fixation
10:21:17.6936,830.2,778.6,fixation
10:21:17.6941,829.5,778.6,fixation
10:21:17.6945,828.8,779.7,fixation
10:21:17.695,828.0,780.5,fixation
10:21:17.6955,828.0,781.1,fixation
10:21:17.6959,827.5,779.8,fixation
10:21:17.6964,827.0,777.6,fixation
10:21:17.6969,826.6,775.6,fixation
10:21:17.6974,826.8,775.0,fixation
10:21:17.6978,826.8,775.2,fixation
10:21:17.6983,826.7,775.4,fixation
10:21:17.6988,827.4,775.5,fixation
10:21:17.6992,828.4,775.8,fixation
10:21:17.6997,829.5,775.9,fixation
10:21:17.7002,829.9,775.9,fixation
10:21:17.7006,830.3,776.5,fixation
10:21:17.7011,830.4,777.2,fixation
10:21:17.7016,830.0,778.0,fixation
10:21:17.7020,828.9,778.1,fixation
10:21:17.7025,828.0,778.3,fixation
10:21:17.703,827.3,778.3,fixation
10:21:17.7035,827.2,778.6,fixation
10:21:17.7039,827.0,779.3,fixation
10:21:17.7044,827.0,780.1,fixation
10:21:17.7049,826.8,780.8,fixation
10:21:17.7053,826.5,781.1,fixation
10:21:17.7058,826.1,781.2,fixation
10:21:17.7063,825.8,783.5,fixation
10:21:17.7067,825.7,785.6,fixation
10:21:17.7072,825.8,787.6,fixation
10:21:17.7077,825.9,787.0,fixation
10:21:17.7081,825.9,786.5,fixation
10:21:17.7086,825.9,786.0,fixation
10:21:17.7091,825.8,785.8,fixation
10:21:17.7096,825.6,785.6,fixation
10:21:17.7100,825.4,785.6,fixation
10:21:17.7105,825.1,786.8,fixation
10:21:17.711,824.7,788.0,fixation
10:21:17.7114,824.4,789.3,fixation
10:21:17.7119,824.4,788.6,fixation
10:21:17.7124,824.4,787.7,fixation
10:21:17.7128,824.4,786.8,fixation
10:21:17.7133,824.3,786.8,fixation
10:21:17.7138,824.3,787.2,fixation
10:21:17.7142,824.3,787.7,fixation
10:21:17.7147,824.0,788.1,fixation
10:21:17.7152,823.7,788.0,fixation
10:21:17.7157,823.4,787.9,fixation
10:21:17.7161,822.9,787.7,fixation
10:21:17.7166,822.5,787.8,fixation
10:21:17.7171,822.1,787.9,fixation
10:21:17.7175,822.1,788.0,fixation
10:21:17.718,822.1,787.7,fixation
10:21:17.7185,822.2,787.2,fixation
10:21:17.7189,822.4,786.4,fixation
10:21:17.7194,822.7,784.9,fixation
10:21:17.7199,823.0,783.7,fixation
10:21:17.7203,823.1,781.4,fixation
10:21:17.7208,823.0,780.1,fixation
10:21:17.7213,823.3,778.4,fixation
10:21:17.7217,823.8,778.1,fixation
10:21:17.7221,824.2,779.0,fixation
10:21:17.7226,824.3,780.1,fixation
10:21:17.7231,825.0,780.5,fixation
10:21:17.7235,825.6,779.5,fixation
10:21:17.724,825.7,778.3,fixation
10:21:17.7245,825.4,777.9,fixation
10:21:17.7249,825.2,779.0,fixation
10:21:17.7254,825.5,780.7,fixation
10:21:17.7259,825.6,782.2,fixation
10:21:17.7263,825.5,781.4,fixation
10:21:17.7267,825.9,780.9,fixation
10:21:17.7272,826.2,780.7,fixation
10:21:17.7277,826.6,781.3,fixation
10:21:17.7281,826.6,781.4,fixation
10:21:17.7286,826.4,782.2,fixation
10:21:17.7291,826.2,783.3,fixation
10:21:17.7295,826.2,784.4,fixation
10:21:17.73,826.4,784.5,fixation
10:21:17.7305,826.6,781.2,fixation
10:21:17.7309,826.8,777.8,fixation
10:21:17.7313,826.6,776.7,fixation
10:21:17.7318,825.7,778.8,fixation
10:21:17.7323,824.8,781.0,fixation
10:21:17.7327,824.3,780.9,fixation
10:21:17.7332,824.6,781.3,fixation
10:21:17.7337,825.0,781.9,fixation
10:21:17.7341,825.1,782.4,fixation
10:21:17.7346,825.1,782.6,fixation
10:21:17.7351,825.0,782.3,fixation
10:21:17.7355,824.9,781.9,fixation
10:21:17.7359,824.9,781.7,fixation
10:21:17.7364,824.9,781.9,fixation
10:21:17.7369,824.9,782.0,fixation
10:21:17.7373,824.8,782.1,fixation
10:21:17.7378,824.7,781.8,fixation
10:21:17.7383,824.5,781.4,fixation
10:21:17.7387,824.4,780.8,fixation
10:21:17.7392,824.6,780.6,fixation
10:21:17.7397,824.8,782.3,fixation
10:21:17.7401,825.0,784.3,fixation
10:21:17.7406,825.0,786.0,fixation
10:21:17.7411,825.0,785.7,fixation
10:21:17.7416,824.9,785.3,fixation
10:21:17.7420,824.8,785.1,fixation
10:21:17.7425,824.7,785.1,fixation
10:21:17.743,824.6,785.1,fixation
10:21:17.7434,824.6,784.5,fixation
10:21:17.7439,824.6,783.1,fixation
10:21:17.7444,824.6,781.8,fixation
10:21:17.7448,824.8,781.2,fixation
10:21:17.7453,825.1,781.3,fixation
10:21:17.7458,825.3,782.0,fixation
10:21:17.7462,825.1,782.6,fixation
10:21:17.7467,824.9,783.2,fixation
10:21:17.7472,824.7,782.7,fixation
10:21:17.7477,824.6,782.1,fixation
10:21:17.7481,824.6,780.8,fixation
10:21:17.7486,824.1,780.0,fixation
10:21:17.7491,823.7,780.1,fixation
10:21:17.7495,823.3,781.0,fixation
10:21:17.75,823.4,781.9,fixation
10:21:17.7505,822.7,781.8,fixation
10:21:17.7509,821.9,781.7,fixation
10:21:17.7514,821.2,782.2,fixation
10:21:17.7519,821.4,782.9,fixation
10:21:17.7523,821.7,783.1,fixation
10:21:17.7528,822.0,782.8,fixation
10:21:17.7533,822.6,782.7,fixation
10:21:17.7538,823.2,781.7,fixation
10:21:17.7542,823.5,780.6,fixation
10:21:17.7547,823.2,779.4,fixation
10:21:17.7552,823.3,779.6,fixation
10:21:17.7556,823.7,780.6,fixation
10:21:17.7561,824.1,781.5,fixation
10:21:17.7566,824.1,782.2,fixation
10:21:17.7570,824.0,781.3,fixation
10:21:17.7575,823.8,780.7,fixation
10:21:17.758,823.5,780.1,fixation
10:21:17.7584,823.3,779.4,fixation
10:21:17.7589,823.2,778.5,fixation
10:21:17.7594,823.4,777.7,fixation
10:21:17.7599,823.6,779.2,fixation
10:21:17.7603,823.7,780.7,fixation
10:21:17.7608,823.8,781.3,fixation
10:21:17.7613,823.9,780.0,fixation
10:21:17.7617,823.8,778.7,fixation
10:21:17.7622,823.7,778.2,fixation
10:21:17.7627,822.9,778.1,fixation
10:21:17.7631,822.2,777.7,fixation
10:21:17.7636,822.0,777.1,fixation
10:21:17.7641,822.6,776.8,fixation
10:21:17.7645,823.1,776.8,fixation
10:21:17.765,823.1,777.1,fixation
10:21:17.7655,823.2,777.2,fixation
10:21:17.766,823.2,777.4,fixation
10:21:17.7664,823.0,777.5,fixation
10:21:17.7669,822.8,777.7,fixation
10:21:17.7674,822.4,777.8,fixation
10:21:17.7678,822.1,777.8,fixation
10:21:17.7683,821.8,777.6,fixation
10:21:17.7688,821.8,777.6,fixation
10:21:17.7692,821.7,778.8,fixation
10:21:17.7697,821.6,780.1,fixation
10:21:17.7702,822.0,780.7,fixation
10:21:17.7706,822.5,780.3,fixation
10:21:17.7711,822.8,779.9,fixation
10:21:17.7716,822.4,779.3,fixation
10:21:17.7721,821.5,778.2,fixation
10:21:17.7725,820.9,777.0,fixation
10:21:17.773,820.9,776.6,fixation
10:21:17.7735,821.5,776.8,fixation
10:21:17.7739,821.5,777.5,fixation
10:21:17.7744,820.9,778.4,fixation
10:21:17.7749,820.7,779.0,fixation
10:21:17.7753,821.1,778.0,fixation
10:21:17.7758,821.2,776.8,fixation
10:21:17.7763,821.0,775.7,fixation
10:21:17.7767,820.8,776.0,fixation
10:21:17.7772,821.0,776.2,fixation
10:21:17.7777,821.1,776.1,fixation
10:21:17.7782,820.8,775.8,fixation
10:21:17.7786,820.4,776.5,fixation
10:21:17.7791,820.4,777.6,fixation
10:21:17.7796,820.8,778.7,fixation
10:21:17.7800,820.9,778.6,fixation
10:21:17.7805,820.1,778.2,fixation
10:21:17.781,819.0,777.5,fixation
10:21:17.7814,818.3,777.1,fixation
10:21:17.7819,818.4,777.2,fixation
10:21:17.7824,818.9,777.7,fixation
10:21:17.7828,819.7,778.4,fixation
10:21:17.7833,819.8,778.7,fixation
10:21:17.7838,819.8,780.5,fixation
10:21:17.7842,819.9,782.3,fixation
10:21:17.7846,820.2,784.1,fixation
10:21:17.7851,820.5,784.1,fixation
10:21:17.7856,820.4,784.0,fixation
10:21:17.7860,820.3,783.9,fixation
10:21:17.7865,821.4,784.1,fixation
10:21:17.787,822.5,784.0,fixation
10:21:17.7874,823.6,783.8,fixation
10:21:17.7879,823.5,783.5,fixation
10:21:17.7884,823.3,783.5,fixation
10:21:17.7888,823.2,783.1,fixation
10:21:17.7892,822.7,782.6,fixation
10:21:17.7897,822.0,782.3,fixation
10:21:17.7902,821.4,782.3,fixation
10:21:17.7906,822.0,782.6,fixation
10:21:17.7911,822.8,784.1,fixation
10:21:17.7916,823.5,785.5,fixation
10:21:17.7920,823.1,786.9,fixation
10:21:17.7925,822.7,787.1,fixation
10:21:17.793,822.3,786.5,fixation
10:21:17.7934,821.9,785.6,fixation
10:21:17.7938,821.5,784.7,fixation
10:21:17.7943,821.9,784.6,fixation
10:21:17.7948,822.5,785.8,fixation
10:21:17.7952,823.1,787.1,fixation
10:21:17.7957,822.3,788.1,fixation
10:21:17.7962,821.4,787.6,fixation
10:21:17.7966,820.9,786.7,fixation
10:21:17.7971,821.2,783.2,fixation
10:21:17.7976,821.3,780.1,fixation
10:21:17.7980,821.1,777.8,fixation
10:21:17.7984,821.0,778.9,fixation
10:21:17.7989,821.3,782.1,fixation
10:21:17.7994,821.5,784.8,fixation
10:21:17.7998,822.0,786.7,fixation
10:21:17.8003,822.5,786.9,fixation
10:21:17.8008,823.1,787.1,fixation
10:21:17.8012,823.5,785.8,fixation
10:21:17.8017,823.7,783.9,fixation
10:21:17.8022,823.9,782.0,fixation
10:21:17.8026,823.9,781.8,fixation
10:21:17.8031,823.9,781.6,fixation
10:21:17.8036,823.7,781.1,fixation
10:21:17.8041,823.4,780.6,fixation
10:21:17.8045,823.2,781.2,fixation
10:21:17.805,823.2,782.1,fixation
10:21:17.8055,822.9,781.6,fixation
10:21:17.8059,822.2,780.1,fixation
10:21:17.8064,821.4,780.9,fixation
10:21:17.8069,821.0,783.0,fixation
10:21:17.8073,820.9,785.1,fixation
10:21:17.8078,821.0,784.5,fixation
10:21:17.8083,820.6,784.0,fixation
10:21:17.8087,820.3,783.6,fixation
10:21:17.8092,820.2,783.3,fixation
10:21:17.8097,820.6,783.1,fixation
10:21:17.8102,820.8,782.9,fixation
10:21:17.8106,820.8,781.6,fixation
10:21:17.8111,820.8,780.3,fixation
10:21:17.8116,820.7,778.5,fixation
10:21:17.8120,820.5,777.9,fixation
10:21:17.8125,820.5,777.6,fixation
10:21:17.813,820.7,778.2,fixation
10:21:17.8134,821.0,778.8,fixation
10:21:17.8139,821.1,779.1,fixation
10:21:17.8144,821.2,779.7,fixation
10:21:17.8148,821.2,780.3,fixation
10:21:17.8153,821.2,781.9,fixation
10:21:17.8158,821.2,782.9,fixation
10:21:17.8163,820.9,782.4,fixation
10:21:17.8167,820.6,780.9,fixation
10:21:17.8172,820.9,779.1,fixation
10:21:17.8177,821.6,778.4,fixation
10:21:17.8181,822.3,777.9,fixation
10:21:17.8186,823.0,778.0,fixation
10:21:17.8191,823.6,778.4,fixation
10:21:17.8195,824.1,778.7,fixation
10:21:17.82,823.8,780.0,fixation
10:21:17.8205,823.7,781.2,fixation
10:21:17.8209,823.6,781.7,fixation
10:21:17.8214,823.2,780.2,fixation
10:21:17.8219,822.8,778.7,fixation
10:21:17.8224,822.3,778.0,fixation
10:21:17.8228,821.9,778.0,fixation
10:21:17.8233,821.5,778.1,fixation
10:21:17.8238,821.0,778.2,fixation
10:21:17.8242,820.9,779.5,fixation
10:21:17.8247,820.8,780.7,fixation
10:21:17.8252,820.9,781.0,fixation
10:21:17.8256,821.6,780.2,fixation
10:21:17.8261,822.6,779.9,fixation
10:21:17.8266,823.5,780.8,fixation
10:21:17.8270,823.9,781.8,fixation
10:21:17.8275,823.8,782.5,fixation
10:21:17.828,823.7,782.8,fixation
10:21:17.8285,823.4,782.3,fixation
10:21:17.8289,823.2,781.6,fixation
10:21:17.8294,823.7,781.0,fixation
10:21:17.8299,824.5,781.4,fixation
10:21:17.8303,825.2,781.6,fixation
10:21:17.8308,825.2,780.5,fixation
10:21:17.8313,824.6,779.1,fixation
10:21:17.8317,824.0,777.9,fixation
10:21:17.8322,822.9,777.7,fixation
10:21:17.8327,822.5,777.9,fixation
10:21:17.8331,822.1,778.2,fixation
10:21:17.8336,822.8,780.0,fixation
10:21:17.8341,823.5,782.3,fixation
10:21:17.8346,824.2,784.5,fixation
10:21:17.8350,824.0,784.7,fixation
10:21:17.8355,823.8,783.4,fixation
10:21:17.836,823.9,782.1,fixation
10:21:17.8364,824.0,783.3,fixation
10:21:17.8369,823.8,785.3,fixation
10:21:17.8374,823.5,787.8,fixation
10:21:17.8378,822.9,788.0,fixation
10:21:17.8383,822.6,788.3,fixation
10:21:17.8388,822.8,787.7,fixation
10:21:17.8392,823.2,786.5,fixation
10:21:17.8397,823.6,785.3,fixation
10:21:17.8402,823.0,784.6,fixation
10:21:17.8407,822.4,784.0,fixation
10:21:17.8411,822.4,783.5,fixation
10:21:17.8416,823.1,783.3,fixation
10:21:17.8421,824.2,783.6,fixation
10:21:17.8425,824.7,784.7,fixation
10:21:17.843,825.2,785.8,fixation
10:21:17.8435,825.3,786.5,fixation
10:21:17.8439,824.4,786.2,fixation
10:21:17.8444,823.4,785.8,fixation
10:21:17.8449,822.4,785.5,fixation
10:21:17.8453,822.4,785.2,fixation
10:21:17.8458,822.5,784.4,fixation
10:21:17.8463,822.6,783.7,fixation
10:21:17.8467,822.8,783.3,fixation
10:21:17.8471,822.8,783.5,fixation
10:21:17.8476,822.7,783.7,fixation
10:21:17.8481,822.6,783.8,fixation
10:21:17.8485,822.9,784.1,fixation
10:21:17.849,823.1,783.5,fixation
10:21:17.8495,823.0,782.7,fixation
10:21:17.8499,822.6,781.8,fixation
10:21:17.8504,822.1,782.2,fixation
10:21:17.8509,821.9,782.5,fixation
10:21:17.8513,821.6,782.4,fixation
10:21:17.8517,821.3,781.4,fixation
10:21:17.8522,821.1,780.3,fixation
10:21:17.8527,821.2,780.2,fixation
10:21:17.8531,821.2,780.5,fixation
10:21:17.8536,820.9,781.5,fixation
10:21:17.8541,820.4,781.8,fixation
10:21:17.8545,820.1,781.7,fixation
10:21:17.855,820.0,781.3,fixation
10:21:17.8555,820.2,780.5,fixation
10:21:17.8559,819.9,780.0,fixation
10:21:17.8563,819.7,779.6,fixation
10:21:17.8568,819.9,779.7,fixation
10:21:17.8573,820.2,779.9,fixation
10:21:17.8577,820.5,780.4,fixation
10:21:17.8582,820.5,781.2,fixation
10:21:17.8587,820.5,782.4,fixation
10:21:17.8591,820.7,783.8,fixation
10:21:17.8596,821.1,784.8,fixation
10:21:17.8601,821.4,785.3,fixation
10:21:17.8605,821.5,785.2,fixation
10:21:17.8609,821.7,785.2,fixation
10:21:17.8614,821.9,784.4,fixation
10:21:17.8619,822.1,783.6,fixation
10:21:17.8623,822.4,784.2,fixation
10:21:17.8628,822.7,786.0,fixation
10:21:17.8633,823.1,787.8,fixation
10:21:17.8637,823.1,787.0,fixation
10:21:17.8642,822.8,785.6,fixation
10:21:17.8647,822.0,784.1,fixation
10:21:17.8651,821.2,783.1,fixation
10:21:17.8656,820.4,782.1,fixation
10:21:17.8661,820.1,780.4,fixation
10:21:17.8666,820.5,779.8,fixation
10:21:17.8670,821.0,779.0,fixation
10:21:17.8675,821.5,778.9,fixation
10:21:17.868,821.4,778.7,fixation
10:21:17.8684,821.2,778.7,fixation
10:21:17.8689,821.1,778.7,fixation
10:21:17.8694,821.1,778.8,fixation
10:21:17.8698,820.7,778.9,fixation
10:21:17.8703,820.3,778.3,fixation
10:21:17.8708,819.9,777.7,fixation
10:21:17.8712,820.3,777.4,fixation
10:21:17.8717,820.9,777.8,fixation
10:21:17.8722,821.4,778.2,fixation
10:21:17.8727,821.4,778.2,fixation
10:21:17.8731,820.5,777.4,fixation
10:21:17.8736,819.5,776.7,fixation
10:21:17.8741,818.8,777.1,fixation
10:21:17.8745,818.8,778.1,fixation
10:21:17.875,818.8,779.6,fixation
10:21:17.8755,818.9,780.1,fixation
10:21:17.8759,819.0,780.5,fixation
10:21:17.8764,819.2,779.7,fixation
10:21:17.8769,819.3,778.9,fixation
10:21:17.8773,819.3,778.2,fixation
10:21:17.8778,819.3,778.5,fixation
10:21:17.8783,819.3,779.1,fixation
10:21:17.8788,819.0,779.9,fixation
10:21:17.8792,818.8,780.4,fixation
10:21:17.8797,819.5,780.4,fixation
10:21:17.8802,820.4,779.9,fixation
10:21:17.8806,821.3,779.4,fixation
10:21:17.8811,821.3,780.1,fixation
10:21:17.8816,821.3,779.6,fixation
10:21:17.8820,821.8,779.5,fixation
10:21:17.8825,822.3,778.9,fixation
10:21:17.883,822.8,780.3,fixation
10:21:17.8834,822.8,781.0,fixation
10:21:17.8839,822.5,781.1,fixation
10:21:17.8844,822.1,780.9,fixation
10:21:17.8849,821.8,780.8,fixation
10:21:17.8853,822.0,780.9,fixation
10:21:17.8858,822.1,781.4,fixation
10:21:17.8863,822.3,782.3,fixation
10:21:17.8867,822.1,783.2,fixation
10:21:17.8872,821.9,783.2,fixation
10:21:17.8877,821.6,782.7,fixation
10:21:17.8881,821.9,781.7,fixation
10:21:17.8886,822.3,781.0,fixation
10:21:17.8891,822.7,780.2,fixation
10:21:17.8895,822.6,779.8,fixation
10:21:17.89,822.5,779.6,fixation
10:21:17.8905,822.5,779.9,fixation
10:21:17.891,822.4,780.4,fixation
10:21:17.8914,822.3,780.8,fixation
10:21:17.8919,822.1,780.8,fixation
10:21:17.8924,822.2,780.3,fixation
10:21:17.8928,822.3,779.1,fixation
10:21:17.8933,822.4,778.0,fixation
10:21:17.8938,822.2,777.6,fixation
10:21:17.8942,821.9,778.0,fixation
10:21:17.8947,821.7,778.5,fixation
10:21:17.8952,821.9,778.8,fixation
10:21:17.8956,822.2,778.5,fixation
10:21:17.8961,822.4,778.2,fixation
10:21:17.8966,822.4,779.8,fixation
10:21:17.8971,822.0,781.6,fixation
10:21:17.8975,821.9,783.1,fixation
10:21:17.898,821.8,782.7,fixation
10:21:17.8985,821.8,781.6,fixation
10:21:17.8989,821.8,780.9,fixation
10:21:17.8994,821.8,781.1,fixation
10:21:17.8999,822.2,782.2,fixation
10:21:17.9003,822.5,782.6,fixation
10:21:17.9008,822.7,781.1,fixation
10:21:17.9013,822.5,780.5,fixation
10:21:17.9017,822.0,780.5,fixation
10:21:17.9022,821.4,781.6,fixation
10:21:17.9027,820.9,781.7,fixation
10:21:17.9032,820.9,781.6,fixation
10:21:17.9036,821.2,781.3,fixation
10:21:17.9041,821.4,780.9,fixation
10:21:17.9046,821.4,781.0,fixation
10:21:17.9050,821.4,781.4,fixation
10:21:17.9055,821.4,782.0,fixation
10:21:17.906,821.4,782.2,fixation
10:21:17.9064,821.3,782.4,fixation
10:21:17.9069,821.2,782.7,fixation
10:21:17.9074,821.0,783.0,fixation
10:21:17.9078,820.9,782.9,fixation
10:21:17.9083,821.4,782.3,fixation
10:21:17.9088,821.8,781.5,fixation
10:21:17.9092,822.3,781.0,fixation
10:21:17.9096,822.4,780.8,fixation
10:21:17.9101,822.1,780.7,fixation
10:21:17.9106,821.7,780.5,fixation
10:21:17.9110,821.4,780.3,fixation
10:21:17.9115,822.2,780.9,fixation
10:21:17.912,823.0,781.6,fixation
10:21:17.9124,823.4,781.9,fixation
10:21:17.9129,823.1,781.4,fixation
10:21:17.9134,822.7,780.7,fixation
10:21:17.9138,822.7,780.3,fixation
10:21:17.9142,822.6,780.0,fixation
10:21:17.9147,823.0,780.0,fixation
10:21:17.9152,823.4,780.1,fixation
10:21:17.9156,823.3,780.1,fixation
10:21:17.9161,822.9,779.9,fixation
10:21:17.9166,822.3,780.2,fixation
10:21:17.9170,822.0,780.6,fixation
10:21:17.9175,821.6,779.8,fixation
10:21:17.918,822.2,778.6,fixation
10:21:17.9184,823.0,777.6,fixation
10:21:17.9188,823.8,777.8,fixation
10:21:17.9193,823.7,777.7,fixation
10:21:17.9198,823.4,777.5,fixation
10:21:17.9202,823.1,777.3,fixation
10:21:17.9207,822.3,777.0,fixation
10:21:17.9212,821.6,776.7,fixation
10:21:17.9216,821.3,776.7,fixation
10:21:17.9221,821.6,778.0,fixation
10:21:17.9226,822.0,779.2,fixation
10:21:17.9230,822.0,779.1,fixation
10:21:17.9234,821.9,777.7,fixation
10:21:17.9239,821.7,776.4,fixation
10:21:17.9244,820.1,776.0,fixation
10:21:17.9248,818.6,776.0,fixation
10:21:17.9253,817.4,776.4,fixation
10:21:17.9258,817.8,777.1,fixation
10:21:17.9262,819.1,777.7,fixation
10:21:17.9267,820.3,777.9,fixation
10:21:17.9272,820.7,778.5,fixation
10:21:17.9276,820.2,778.9,fixation
10:21:17.9281,819.6,778.6,fixation
10:21:17.9286,819.5,778.0,fixation
10:21:17.9291,819.6,777.4,fixation
10:21:17.9295,819.9,777.2,fixation
10:21:17.93,820.1,776.9,fixation
10:21:17.9305,820.2,776.4,fixation
10:21:17.9309,820.2,776.2,fixation
10:21:17.9314,820.2,776.2,fixation
10:21:17.9319,820.0,775.6,fixation
10:21:17.9323,820.2,774.5,fixation
10:21:17.9328,820.4,773.4,fixation
10:21:17.9333,820.3,774.0,fixation
10:21:17.9337,820.0,775.8,fixation
10:21:17.9342,819.8,777.7,fixation
10:21:17.9347,820.0,778.7,fixation
10:21:17.9352,819.6,778.8,fixation
10:21:17.9356,819.1,779.0,fixation
10:21:17.9361,818.5,779.1,fixation
10:21:17.9366,818.4,778.9,fixation
10:21:17.9370,818.8,778.7,fixation
10:21:17.9375,819.3,778.6,fixation
10:21:17.938,819.4,778.7,fixation
10:21:17.9384,819.1,778.7,fixation
10:21:17.9389,818.8,778.7,fixation
10:21:17.9394,819.7,778.9,fixation
10:21:17.9398,820.5,779.0,fixation
10:21:17.9403,821.2,778.1,fixation
10:21:17.9408,820.6,776.0,fixation
10:21:17.9413,820.1,774.1,fixation
10:21:17.9417,819.5,773.6,fixation
10:21:17.9422,819.3,774.8,fixation
10:21:17.9427,819.2,775.7,fixation
10:21:17.9431,819.3,776.4,fixation
10:21:17.9436,819.6,776.1,fixation
10:21:17.9441,820.0,775.9,fixation
10:21:17.9445,820.2,775.7,fixation
10:21:17.945,820.4,775.7,fixation
10:21:17.9455,819.5,777.0,fixation
10:21:17.9459,818.6,778.2,fixation
10:21:17.9464,817.7,779.7,fixation
10:21:17.9469,818.7,780.1,fixation
10:21:17.9474,819.5,780.6,fixation
10:21:17.9478,820.3,780.8,fixation
10:21:17.9483,820.2,781.3,fixation
10:21:17.9488,820.0,782.2,fixation
10:21:17.9492,819.8,783.4,fixation
10:21:17.9497,819.7,784.3,fixation
10:21:17.9502,819.6,783.6,fixation
10:21:17.9506,819.2,782.6,fixation
10:21:17.9511,818.6,781.8,fixation
10:21:17.9516,817.8,781.9,fixation
10:21:17.9520,817.5,781.9,fixation
10:21:17.9525,817.6,782.3,fixation
10:21:17.953,817.8,782.8,fixation
10:21:17.9535,818.0,783.3,fixation
10:21:17.9539,818.1,783.2,fixation
10:21:17.9544,818.2,782.8,fixation
10:21:17.9549,818.3,782.7,fixation
10:21:17.9553,818.3,782.6,fixation
10:21:17.9558,818.8,781.6,fixation
10:21:17.9563,819.4,780.5,fixation
10:21:17.9567,820.0,779.3,fixation
10:21:17.9572,820.0,779.4,fixation
10:21:17.9577,819.7,779.8,fixation
10:21:17.9581,819.5,780.4,fixation
10:21:17.9586,819.1,781.6,fixation
10:21:17.9591,819.1,782.7,fixation
10:21:17.9596,819.1,783.3,fixation
10:21:17.9600,819.0,783.2,fixation
10:21:17.9605,819.0,781.2,fixation
10:21:17.961,819.2,779.5,fixation
10:21:17.9614,819.6,780.1,fixation
10:21:17.9619,820.0,782.4,fixation
10:21:17.9624,819.9,784.8,fixation
10:21:17.9628,820.4,784.9,fixation
10:21:17.9633,820.9,783.4,fixation
10:21:17.9638,820.9,781.6,fixation
10:21:17.9642,820.3,781.4,fixation
10:21:17.9647,820.0,783.0,fixation
10:21:17.9652,820.3,784.6,fixation
10:21:17.9657,820.7,784.7,fixation
10:21:17.9661,820.7,782.0,fixation
10:21:17.9666,821.0,779.4,fixation
10:21:17.9671,821.3,776.6,fixation
10:21:17.9675,821.5,776.5,fixation
10:21:17.968,821.9,776.3,fixation
10:21:17.9685,822.9,776.1,fixation
10:21:17.9689,823.9,775.9,fixation
10:21:17.9694,824.4,777.6,fixation
10:21:17.9699,824.2,779.3,fixation
10:21:17.9703,824.1,781.1,fixation
10:21:17.9708,823.5,780.5,fixation
10:21:17.9713,823.0,779.6,fixation
10:21:17.9717,822.4,778.7,fixation
10:21:17.9721,821.5,777.6,fixation
10:21:17.9726,820.7,776.9,fixation
10:21:17.9731,819.8,776.0,fixation
10:21:17.9735,819.9,776.2,fixation
10:21:17.974,820.0,776.4,fixation
10:21:17.9745,819.8,775.9,fixation
10:21:17.9749,819.4,775.0,fixation
10:21:17.9754,819.1,774.1,fixation
10:21:17.9759,819.2,774.6,fixation
10:21:17.9763,819.2,775.4,fixation
10:21:17.9767,819.2,775.6,fixation
10:21:17.9772,819.1,775.3,fixation
10:21:17.9777,819.1,774.8,fixation
10:21:17.9781,818.7,774.9,fixation
10:21:17.9786,818.4,774.8,fixation
10:21:17.9791,819.0,774.6,fixation
10:21:17.9795,819.9,773.7,fixation
10:21:17.98,820.4,773.1,fixation
10:21:17.9805,820.0,772.5,fixation
10:21:17.9809,819.6,773.1,fixation
10:21:17.9813,819.6,774.2,fixation
10:21:17.9818,819.5,774.8,fixation
10:21:17.9823,819.4,774.9,fixation
10:21:17.9827,819.7,774.8,fixation
10:21:17.9832,820.3,776.0,fixation
10:21:17.9837,820.9,777.1,fixation
10:21:17.9841,821.2,778.2,fixation
10:21:17.9846,821.3,778.0,fixation
10:21:17.9851,821.1,779.0,fixation
10:21:17.9855,820.9,780.1,fixation
10:21:17.9859,820.4,780.8,fixation
10:21:17.9864,820.2,780.4,fixation
10:21:17.9869,819.9,780.0,fixation
10:21:17.9873,820.2,779.9,fixation
10:21:17.9878,820.4,782.1,fixation
10:21:17.9883,820.1,784.2,fixation
10:21:17.9887,819.5,786.3,fixation
10:21:17.9892,819.3,786.4,fixation
10:21:17.9897,819.6,786.4,fixation
10:21:17.9901,819.7,786.1,fixation
10:21:17.9906,819.5,785.7,fixation
10:21:17.9911,819.1,785.5,fixation
10:21:17.9916,818.7,785.4,fixation
10:21:17.9920,818.3,785.4,fixation
10:21:17.9925,818.1,785.4,fixation
10:21:17.993,817.7,785.4,fixation
10:21:17.9934,817.4,785.3,fixation
10:21:17.9939,817.6,784.8,saccade
10:21:17.9944,817.8,784.9,saccade
10:21:17.9948,817.7,785.1,saccade
10:21:17.9953,817.4,785.4,saccade
10:21:17.9958,817.2,785.5,saccade
10:21:17.9962,817.2,783.5,saccade
10:21:17.9967,817.2,781.5,saccade
10:21:17.9972,816.8,781.0,saccade
10:21:17.9977,816.5,782.7,saccade
10:21:17.9981,816.7,785.5,saccade
10:21:17.9986,818.3,788.2,saccade
10:21:17.9991,820.5,790.9,saccade
10:21:17.9995,822.2,792.5,saccade
10:21:18.,822.8,793.3,saccade
10:21:18.0005,824.0,797.9,saccade
10:21:18.0009,825.2,802.0,saccade
10:21:18.0014,826.5,805.4,saccade
10:21:18.0019,827.6,805.7,saccade
10:21:18.0023,829.8,808.9,saccade
10:21:18.0028,832.4,814.3,saccade
10:21:18.0033,834.7,820.2,saccade
10:21:18.0038,837.3,826.6,saccade
10:21:18.0042,841.4,833.6,saccade
10:21:18.0047,844.9,841.5,saccade
10:21:18.0052,848.4,850.5,saccade
10:21:18.0056,850.5,858.7,saccade
10:21:18.0061,853.3,865.1,saccade
10:21:18.0066,854.9,868.2,saccade
10:21:18.0070,856.0,872.5,saccade
10:21:18.0075,856.4,877.7,saccade
10:21:18.008,856.7,884.7,saccade
10:21:18.0084,857.1,891.1,saccade
10:21:18.0089,858.4,899.0,saccade
10:21:18.0094,859.6,904.9,saccade
10:21:18.0099,860.5,910.3,saccade
10:21:18.0103,860.6,913.8,saccade
10:21:18.0108,860.6,917.7,saccade
10:21:18.0113,860.3,923.6,saccade
10:21:18.0117,860.1,929.3,saccade
10:21:18.0122,859.9,934.4,saccade
10:21:18.0127,859.9,935.9,saccade
10:21:18.0131,860.5,936.8,saccade
10:21:18.0136,861.0,937.4,saccade
10:21:18.0141,861.0,939.2,saccade
10:21:18.0145,860.1,940.9,saccade
10:21:18.015,859.2,941.5,saccade
10:21:18.0155,858.7,940.3,saccade
10:21:18.016,858.7,939.2,saccade
10:21:18.0164,858.5,939.5,saccade
10:21:18.0169,858.2,940.0,saccade
10:21:18.0174,857.4,938.2,saccade
10:21:18.0178,856.7,935.8,saccade
10:21:18.0183,856.2,933.5,saccade
10:21:18.0188,855.9,933.0,fixation
10:21:18.0192,855.9,932.8,fixation
10:21:18.0197,856.0,933.1,fixation
10:21:18.0202,855.7,933.3,fixation
10:21:18.0206,855.2,932.3,fixation
10:21:18.0211,854.7,931.1,fixation
10:21:18.0216,854.7,928.0,fixation
10:21:18.0221,855.0,926.1,fixation
10:21:18.0225,854.7,923.3,fixation
10:21:18.023,854.3,921.2,fixation
10:21:18.0235,854.0,917.9,fixation
10:21:18.0239,854.3,915.6,fixation
10:21:18.0244,854.5,914.2,fixation
10:21:18.0249,854.6,913.9,fixation
10:21:18.0253,854.8,913.4,fixation
10:21:18.0258,855.2,912.2,fixation
10:21:18.0263,855.3,910.7,fixation
10:21:18.0267,855.3,909.0,fixation
10:21:18.0272,855.0,907.2,fixation
10:21:18.0277,854.9,905.8,fixation
10:21:18.0282,854.8,904.8,fixation
10:21:18.0286,854.6,904.5,fixation
10:21:18.0291,854.5,904.0,fixation
10:21:18.0296,854.5,903.6,fixation
10:21:18.0300,854.7,902.5,fixation
10:21:18.0305,854.5,900.7,fixation
10:21:18.031,854.3,899.0,fixation
10:21:18.0314,854.2,898.2,fixation
10:21:18.0319,854.2,896.8,fixation
10:21:18.0324,853.7,895.4,fixation
10:21:18.0328,853.3,895.1,fixation
10:21:18.0333,852.8,897.2,fixation
10:21:18.0338,853.0,899.4,fixation
10:21:18.0342,853.1,900.8,fixation
10:21:18.0346,853.2,901.3,fixation
10:21:18.0351,853.2,901.4,fixation
10:21:18.0356,853.9,901.0,fixation
10:21:18.0360,854.6,900.5,fixation
10:21:18.0365,854.7,901.1,fixation
10:21:18.037,854.0,902.5,fixation
10:21:18.0374,853.4,904.3,fixation
10:21:18.0379,853.5,905.5,fixation
10:21:18.0384,853.4,906.0,fixation
10:21:18.0388,852.9,906.2,fixation
10:21:18.0392,852.3,906.4,fixation
10:21:18.0397,852.8,906.7,fixation
10:21:18.0402,853.6,907.0,fixation
10:21:18.0406,854.5,907.2,fixation
10:21:18.0411,854.7,908.0,fixation
10:21:18.0416,854.5,908.8,fixation
10:21:18.0420,854.1,908.7,fixation
10:21:18.0425,853.5,908.4,fixation
10:21:18.043,853.3,908.8,fixation
10:21:18.0434,853.6,910.4,fixation
10:21:18.0438,854.0,910.9,fixation
10:21:18.0443,854.6,910.9,fixation
10:21:18.0448,854.6,910.5,fixation
10:21:18.0452,854.8,910.2,fixation
10:21:18.0457,854.8,909.3,fixation
10:21:18.0462,854.6,908.3,fixation
10:21:18.0466,854.4,909.6,fixation
10:21:18.0471,854.1,911.5,fixation
10:21:18.0476,854.1,913.1,fixation
10:21:18.0480,854.0,912.7,fixation
10:21:18.0484,854.0,913.0,fixation
10:21:18.0489,854.1,913.4,fixation
10:21:18.0494,853.8,912.5,fixation
10:21:18.0498,853.3,910.9,fixation
10:21:18.0503,853.2,910.4,fixation
10:21:18.0508,853.5,911.6,fixation
10:21:18.0512,853.3,912.4,fixation
10:21:18.0517,852.8,912.0,fixation
10:21:18.0522,852.3,911.6,fixation
10:21:18.0526,852.3,910.1,fixation
10:21:18.0531,852.1,908.6,fixation
10:21:18.0536,851.8,907.1,fixation
10:21:18.0541,852.0,907.2,fixation
10:21:18.0545,852.5,908.2,fixation
10:21:18.055,852.4,909.1,fixation
10:21:18.0555,852.0,909.9,fixation
10:21:18.0559,851.6,909.7,fixation
10:21:18.0564,851.5,909.9,fixation
10:21:18.0569,851.4,910.2,fixation
10:21:18.0573,851.3,910.5,fixation
10:21:18.0578,851.4,910.2,fixation
10:21:18.0583,851.5,909.9,fixation
10:21:18.0587,851.5,909.7,fixation
10:21:18.0592,851.6,910.4,fixation
10:21:18.0597,851.6,911.0,fixation
10:21:18.0602,851.7,911.5,fixation
10:21:18.0606,851.7,911.3,fixation
10:21:18.0611,851.4,911.0,fixation
10:21:18.0616,851.2,910.8,fixation
10:21:18.0620,851.2,910.7,fixation
10:21:18.0625,851.6,911.3,fixation
10:21:18.063,852.1,911.9,fixation
10:21:18.0634,852.3,912.5,fixation
10:21:18.0639,852.7,912.7,fixation
10:21:18.0644,853.2,912.9,fixation
10:21:18.0648,853.6,913.1,fixation
10:21:18.0653,853.6,913.0,fixation
10:21:18.0658,853.6,912.9,fixation
10:21:18.0663,853.6,912.6,fixation
10:21:18.0667,853.6,912.3,fixation
10:21:18.0672,853.7,913.2,fixation
10:21:18.0677,853.3,914.3,fixation
10:21:18.0681,852.8,915.4,fixation
10:21:18.0686,852.3,915.0,fixation
10:21:18.0691,852.2,914.5,fixation
10:21:18.0695,851.8,913.8,fixation
10:21:18.07,851.4,914.1,fixation
10:21:18.0705,851.5,914.6,fixation
10:21:18.0709,852.1,915.0,fixation
10:21:18.0714,852.5,915.2,fixation
10:21:18.0719,852.7,916.3,fixation
10:21:18.0724,852.9,917.3,fixation
10:21:18.0728,853.1,918.1,fixation
10:21:18.0733,853.1,917.6,fixation
10:21:18.0738,852.8,918.0,fixation
10:21:18.0742,852.7,918.6,fixation
10:21:18.0747,852.6,917.5,fixation
10:21:18.0752,852.4,915.5,fixation
10:21:18.0756,852.3,913.6,fixation
10:21:18.0761,852.5,913.3,fixation
10:21:18.0766,852.8,913.6,fixation
10:21:18.0770,853.0,913.9,fixation
10:21:18.0775,853.0,914.4,fixation
10:21:18.078,853.0,914.3,fixation
10:21:18.0785,852.5,912.2,fixation
10:21:18.0789,852.0,910.3,fixation
10:21:18.0794,851.6,908.5,fixation
10:21:18.0799,851.7,908.6,fixation
10:21:18.0803,852.5,909.8,fixation
10:21:18.0808,853.2,910.9,fixation
10:21:18.0813,853.7,911.9,fixation
10:21:18.0817,853.5,911.8,fixation
10:21:18.0822,853.3,911.8,fixation
10:21:18.0827,853.3,911.9,fixation
10:21:18.0831,852.2,911.9,fixation
10:21:18.0836,851.1,911.7,fixation
10:21:18.0841,850.9,911.7,fixation
10:21:18.0846,851.7,912.1,fixation
10:21:18.0850,852.2,912.5,fixation
10:21:18.0855,852.0,912.8,fixation
10:21:18.086,852.1,912.9,fixation
10:21:18.0864,852.3,913.4,fixation
10:21:18.0869,852.8,914.4,fixation
10:21:18.0874,853.0,915.3,fixation
10:21:18.0878,853.0,915.7,fixation
10:21:18.0883,852.6,915.1,fixation
10:21:18.0888,852.3,914.6,fixation
10:21:18.0892,852.6,914.8,fixation
10:21:18.0897,852.9,915.6,fixation
10:21:18.0902,853.3,916.3,fixation
10:21:18.0907,853.4,916.3,fixation
10:21:18.0911,853.6,916.3,fixation
10:21:18.0916,853.8,916.4,fixation
10:21:18.0921,854.0,917.0,fixation
10:21:18.0925,853.9,919.0,fixation
10:21:18.093,853.6,921.0,fixation
10:21:18.0935,852.9,920.3,fixation
10:21:18.0939,852.3,918.2,fixation
10:21:18.0944,852.2,916.2,fixation
10:21:18.0949,853.0,916.4,fixation
10:21:18.0953,853.9,916.5,fixation
10:21:18.0958,854.4,916.2,fixation
10:21:18.0963,854.4,915.8,fixation
10:21:18.0967,854.4,915.5,fixation
10:21:18.0971,854.2,915.7,fixation
10:21:18.0976,853.5,915.8,fixation
10:21:18.0981,852.8,915.8,fixation
10:21:18.0985,852.2,915.7,fixation
10:21:18.099,852.2,915.9,fixation
10:21:18.0995,852.3,916.3,fixation
10:21:18.0999,852.4,916.6,fixation
10:21:18.1004,852.3,916.7,fixation
10:21:18.1009,852.0,916.6,fixation
10:21:18.1013,851.8,916.5,fixation
10:21:18.1017,851.5,916.4,fixation
10:21:18.1022,851.4,916.3,fixation
10:21:18.1027,851.4,915.8,fixation
10:21:18.1031,851.7,914.8,fixation
10:21:18.1036,852.1,913.9,fixation
10:21:18.1041,852.8,913.5,fixation
10:21:18.1045,853.4,913.5,fixation
10:21:18.105,852.7,913.7,fixation
10:21:18.1055,851.5,914.0,fixation
10:21:18.1059,850.7,914.9,fixation
10:21:18.1063,851.0,915.4,fixation
10:21:18.1068,851.3,916.0,fixation
10:21:18.1073,851.8,916.1,fixation
10:21:18.1077,852.4,916.3,fixation
10:21:18.1082,853.0,916.9,fixation
10:21:18.1087,853.1,917.4,fixation
10:21:18.1091,853.3,917.3,fixation
10:21:18.1096,853.5,916.7,fixation
10:21:18.1101,853.7,916.6,fixation
10:21:18.1105,853.8,917.0,fixation
10:21:18.1109,853.8,917.3,fixation
10:21:18.1114,853.7,917.1,fixation
10:21:18.1119,853.5,917.3,fixation
10:21:18.1123,853.8,917.7,fixation
10:21:18.1128,854.0,918.0,fixation
10:21:18.1133,853.8,918.1,fixation
10:21:18.1137,853.2,918.0,fixation
10:21:18.1142,852.7,917.8,fixation
10:21:18.1147,853.3,917.8,fixation
10:21:18.1151,853.9,917.9,fixation
10:21:18.1156,854.0,917.8,fixation
10:21:18.1161,853.6,917.4,fixation
10:21:18.1166,853.2,916.9,fixation
10:21:18.1170,853.2,916.7,fixation
10:21:18.1175,853.0,916.6,fixation
10:21:18.118,852.8,916.4,fixation
10:21:18.1184,852.7,916.3,fixation
10:21:18.1189,852.6,917.0,fixation
10:21:18.1194,852.4,918.4,fixation
10:21:18.1198,852.3,920.3,fixation
10:21:18.1203,852.3,921.6,fixation
10:21:18.1208,852.3,920.2,fixation
10:21:18.1212,852.6,918.2,fixation
10:21:18.1217,852.9,916.2,fixation
10:21:18.1222,853.0,916.1,fixation
10:21:18.1227,853.0,915.8,fixation
10:21:18.1231,852.7,915.9,fixation
10:21:18.1236,852.5,916.5,fixation
10:21:18.1241,853.3,918.3,fixation
10:21:18.1245,854.2,919.0,fixation
10:21:18.125,855.1,918.9,fixation
10:21:18.1255,854.4,917.6,fixation
10:21:18.1259,853.5,917.0,fixation
10:21:18.1264,852.5,916.8,fixation
10:21:18.1269,852.3,917.1,fixation
10:21:18.1273,852.6,917.4,fixation
10:21:18.1278,853.0,917.8,fixation
10:21:18.1283,853.7,917.5,fixation
10:21:18.1288,853.9,917.2,fixation
10:21:18.1292,853.8,918.6,fixation
10:21:18.1297,853.3,920.3,fixation
10:21:18.1302,852.7,919.7,fixation
10:21:18.1306,852.6,917.5,fixation
10:21:18.1311,852.6,915.2,fixation
10:21:18.1316,852.6,915.3,fixation
10:21:18.1320,852.6,917.6,fixation
10:21:18.1325,852.8,919.8,fixation
10:21:18.133,853.0,922.0,fixation
10:21:18.1334,853.1,921.4,fixation
10:21:18.1339,853.0,920.2,fixation
10:21:18.1344,853.1,919.3,fixation
10:21:18.1349,853.3,919.0,fixation
10:21:18.1353,853.5,919.3,fixation
10:21:18.1358,853.6,919.1,fixation
10:21:18.1363,853.7,919.0,fixation
10:21:18.1367,854.0,919.1,fixation
10:21:18.1372,854.1,919.7,fixation
10:21:18.1377,854.3,920.6,fixation
10:21:18.1381,854.3,921.8,fixation
10:21:18.1386,854.0,923.6,fixation
10:21:18.1391,853.9,925.0,fixation
10:21:18.1395,853.8,923.9,fixation
10:21:18.14,854.0,921.9,fixation
10:21:18.1405,853.9,919.9,fixation
10:21:18.141,853.8,919.4,fixation
10:21:18.1414,853.7,919.3,fixation
10:21:18.1419,853.6,919.5,fixation
10:21:18.1424,853.6,920.2,fixation
10:21:18.1428,854.0,920.6,fixation
10:21:18.1433,854.4,920.8,fixation
10:21:18.1438,854.2,920.9,fixation
10:21:18.1442,853.6,920.0,fixation
10:21:18.1447,853.1,919.0,fixation
10:21:18.1452,853.3,918.6,fixation
10:21:18.1456,853.5,919.4,fixation
10:21:18.1461,853.5,920.3,fixation
10:21:18.1466,853.3,920.8,fixation
10:21:18.1471,854.1,921.1,fixation
10:21:18.1475,855.0,921.2,fixation
10:21:18.148,855.4,921.2,fixation
10:21:18.1485,854.9,921.0,fixation
10:21:18.1489,854.4,920.9,fixation
10:21:18.1494,854.4,920.9,fixation
10:21:18.1499,853.9,920.8,fixation
10:21:18.1503,853.4,920.7,fixation
10:21:18.1508,852.8,920.5,fixation
10:21:18.1513,852.7,920.0,fixation
10:21:18.1517,852.7,918.9,fixation
10:21:18.1522,853.3,917.9,fixation
10:21:18.1527,853.9,918.4,fixation
10:21:18.1532,854.7,920.5,fixation
10:21:18.1536,854.8,922.6,fixation
10:21:18.1541,854.8,924.9,fixation
10:21:18.1546,854.0,926.1,fixation
10:21:18.1550,853.5,926.5,fixation
10:21:18.1555,853.3,925.8,fixation
10:21:18.156,853.7,925.2,fixation
10:21:18.1564,854.0,925.1,fixation
10:21:18.1569,854.1,924.9,fixation
10:21:18.1574,853.9,924.7,fixation
10:21:18.1578,853.6,924.7,fixation
10:21:18.1583,853.3,924.7,fixation
10:21:18.1588,853.8,924.9,fixation
10:21:18.1592,854.4,925.2,fixation
10:21:18.1596,855.1,925.7,fixation
10:21:18.1601,855.1,926.1,fixation
10:21:18.1606,854.9,926.5,fixation
10:21:18.1610,854.8,926.9,fixation
10:21:18.1615,854.4,927.2,fixation
10:21:18.162,854.0,927.5,fixation
10:21:18.1624,853.5,927.5,fixation
10:21:18.1629,853.5,927.4,fixation
10:21:18.1634,854.0,926.1,fixation
10:21:18.1638,854.4,924.7,fixation
10:21:18.1642,854.7,923.2,fixation
10:21:18.1647,854.6,922.0,fixation
10:21:18.1652,854.7,920.8,fixation
10:21:18.1656,854.9,921.0,fixation
10:21:18.1661,854.5,922.0,fixation
10:21:18.1666,854.1,923.1,fixation
10:21:18.1670,854.5,923.2,fixation
10:21:18.1675,855.3,923.4,fixation
10:21:18.168,856.1,923.6,fixation
10:21:18.1684,856.0,923.3,fixation
10:21:18.1688,856.1,923.0,fixation
10:21:18.1693,856.2,923.0,fixation
10:21:18.1698,856.4,923.2,fixation
10:21:18.1702,856.3,923.6,fixation
10:21:18.1707,856.2,923.8,fixation
10:21:18.1712,856.1,924.0,fixation
10:21:18.1716,856.1,923.8,fixation
10:21:18.1721,856.1,923.7,fixation
10:21:18.1726,856.3,922.5,fixation
10:21:18.1730,856.5,921.4,fixation
10:21:18.1734,856.6,921.4,fixation
10:21:18.1739,856.0,922.3,fixation
10:21:18.1744,855.6,923.6,fixation
10:21:18.1748,855.9,923.9,fixation
10:21:18.1753,856.6,924.6,fixation
10:21:18.1758,857.2,925.4,fixation
10:21:18.1762,857.6,926.0,fixation
10:21:18.1767,858.0,926.4,fixation
10:21:18.1772,857.8,926.3,fixation
10:21:18.1776,857.2,926.3,fixation
10:21:18.1781,856.5,926.3,fixation
10:21:18.1786,856.4,926.4,fixation
10:21:18.1791,856.2,926.5,fixation
10:21:18.1795,856.0,926.0,fixation
10:21:18.18,855.9,924.8,fixation
10:21:18.1805,855.8,923.5,fixation
10:21:18.1809,855.7,922.6,fixation
10:21:18.1814,855.8,922.4,fixation
10:21:18.1819,855.9,922.8,fixation
10:21:18.1823,856.0,923.9,fixation
10:21:18.1828,855.9,924.7,fixation
10:21:18.1833,855.7,925.0,fixation
10:21:18.1837,855.8,924.7,fixation
10:21:18.1842,856.0,924.6,fixation
10:21:18.1847,856.2,924.6,fixation
10:21:18.1852,856.2,925.9,fixation
10:21:18.1856,856.2,927.1,fixation
10:21:18.1861,856.3,928.6,fixation
10:21:18.1866,856.4,929.0,fixation
10:21:18.1870,856.3,928.0,fixation
10:21:18.1875,856.1,926.6,fixation
10:21:18.188,855.9,925.2,fixation
10:21:18.1884,855.9,925.2,fixation
10:21:18.1889,856.0,923.9,fixation
10:21:18.1894,856.0,923.0,fixation
10:21:18.1898,856.0,922.1,fixation
10:21:18.1903,856.0,922.7,fixation
10:21:18.1908,855.9,923.1,fixation
10:21:18.1913,856.2,923.2,fixation
10:21:18.1917,856.5,923.0,fixation
10:21:18.1922,856.9,922.7,fixation
10:21:18.1927,856.4,922.7,fixation
10:21:18.1931,855.9,920.9,fixation
10:21:18.1936,855.4,919.1,fixation
10:21:18.1941,855.3,919.8,fixation
10:21:18.1945,855.4,922.3,fixation
10:21:18.195,855.0,924.6,fixation
10:21:18.1955,854.6,923.1,fixation
10:21:18.1959,854.2,921.6,fixation
10:21:18.1964,854.1,920.3,fixation
10:21:18.1969,854.1,921.9,fixation
10:21:18.1974,854.0,923.5,fixation
10:21:18.1978,854.0,924.9,fixation
10:21:18.1983,854.0,924.6,fixation
10:21:18.1988,854.0,924.1,fixation
10:21:18.1992,854.2,923.8,fixation
10:21:18.1997,854.5,923.2,fixation
10:21:18.2002,853.8,922.4,fixation
10:21:18.2006,853.0,921.5,fixation
10:21:18.2011,852.1,920.9,fixation
10:21:18.2016,852.0,920.5,fixation
10:21:18.2020,852.0,919.8,fixation
10:21:18.2025,851.9,919.0,fixation
10:21:18.203,851.9,918.5,fixation
10:21:18.2035,851.8,918.4,fixation
10:21:18.2039,851.8,918.4,fixation
10:21:18.2044,851.8,918.6,fixation
10:21:18.2049,852.0,918.7,fixation
10:21:18.2053,852.2,918.8,fixation
10:21:18.2058,852.3,918.9,fixation
10:21:18.2063,852.3,919.1,fixation
10:21:18.2067,852.1,920.3,fixation
10:21:18.2072,852.2,921.5,fixation
10:21:18.2077,852.3,922.5,fixation
10:21:18.2081,852.8,922.7,fixation
10:21:18.2086,853.5,922.8,fixation
10:21:18.2091,854.2,923.4,fixation
10:21:18.2096,853.5,923.9,fixation
10:21:18.2100,852.6,923.8,fixation
10:21:18.2105,851.8,923.6,fixation
10:21:18.211,852.1,923.5,fixation
10:21:18.2114,852.7,924.1,fixation
10:21:18.2119,853.1,924.0,fixation
10:21:18.2124,853.2,923.7,fixation
10:21:18.2128,852.9,923.3,fixation
10:21:18.2133,852.7,923.1,fixation
10:21:18.2138,852.7,923.7,fixation
10:21:18.2142,852.6,924.3,fixation
10:21:18.2147,852.5,924.5,fixation
10:21:18.2152,851.9,923.5,fixation
10:21:18.2157,851.3,922.9,fixation
10:21:18.2161,851.1,922.8,fixation
10:21:18.2166,851.6,922.8,fixation
10:21:18.2171,852.2,922.0,fixation
10:21:18.2175,852.7,921.2,fixation
10:21:18.218,852.9,920.8,fixation
10:21:18.2185,853.1,921.0,fixation
10:21:18.2189,853.4,922.6,fixation
10:21:18.2194,853.5,923.9,fixation
10:21:18.2199,853.6,925.1,fixation
10:21:18.2203,853.5,923.4,fixation
10:21:18.2208,853.6,921.8,fixation
10:21:18.2213,853.7,920.1,fixation
10:21:18.2217,853.9,920.0,fixation
10:21:18.2221,854.0,919.9,fixation
10:21:18.2226,854.1,920.1,fixation
10:21:18.2231,854.1,920.5,fixation
10:21:18.2235,853.9,920.9,fixation
10:21:18.224,853.6,921.1,fixation
10:21:18.2245,853.2,921.2,fixation
10:21:18.2249,853.7,922.5,fixation
10:21:18.2254,854.4,923.8,fixation
10:21:18.2259,855.1,927.0,fixation
10:21:18.2263,855.3,928.9,fixation
10:21:18.2267,855.5,930.4,fixation
10:21:18.2272,855.5,930.0,fixation
10:21:18.2277,854.8,927.4,fixation
10:21:18.2281,854.1,925.2,fixation
10:21:18.2286,853.9,923.2,fixation
10:21:18.2291,854.3,923.5,fixation
10:21:18.2295,854.6,923.7,fixation
10:21:18.23,854.3,923.8,fixation
10:21:18.2305,854.2,924.1,fixation
10:21:18.2309,854.1,924.6,fixation
10:21:18.2313,854.1,924.4,fixation
10:21:18.2318,854.2,924.1,fixation
10:21:18.2323,854.2,924.1,fixation
10:21:18.2327,854.2,924.4,fixation
10:21:18.2332,854.4,924.0,fixation
10:21:18.2337,854.6,923.6,fixation
10:21:18.2341,854.6,923.4,fixation
10:21:18.2346,854.1,923.4,fixation
10:21:18.2351,853.8,922.6,fixation
10:21:18.2355,853.8,921.9,fixation
10:21:18.2359,854.2,922.6,fixation
10:21:18.2364,854.6,924.1,fixation
10:21:18.2369,854.8,925.2,fixation
10:21:18.2373,854.5,924.5,fixation
10:21:18.2378,854.1,922.4,fixation
10:21:18.2383,853.7,920.6,fixation
10:21:18.2387,853.9,920.0,fixation
10:21:18.2392,853.9,922.4,fixation
10:21:18.2397,853.9,924.9,fixation
10:21:18.2401,853.7,925.3,fixation
10:21:18.2406,853.2,924.1,fixation
10:21:18.2411,852.3,922.8,fixation
10:21:18.2416,851.5,923.0,fixation
10:21:18.2420,851.7,923.6,fixation
10:21:18.2425,852.2,925.3,fixation
10:21:18.243,852.6,926.8,fixation
10:21:18.2434,852.1,927.3,fixation
10:21:18.2439,851.7,926.4,fixation
10:21:18.2444,852.3,925.6,fixation
10:21:18.2448,853.2,924.9,fixation
10:21:18.2453,853.1,923.9,fixation
10:21:18.2458,852.1,922.7,fixation
10:21:18.2462,851.1,922.3,fixation
10:21:18.2467,851.3,923.1,fixation
10:21:18.2472,851.6,924.0,fixation
10:21:18.2477,851.9,924.8,fixation
10:21:18.2481,852.1,926.2,fixation
10:21:18.2486,852.1,927.4,fixation
10:21:18.2491,852.2,928.9,fixation
10:21:18.2495,852.3,929.5,fixation
10:21:18.25,852.4,930.0,fixation
10:21:18.2505,852.3,928.4,fixation
10:21:18.2509,852.2,926.6,fixation
10:21:18.2514,852.2,925.7,fixation
10:21:18.2519,852.4,926.9,fixation
10:21:18.2523,852.6,928.1,fixation
10:21:18.2528,852.7,928.0,fixation
10:21:18.2533,852.7,928.6,fixation
10:21:18.2538,852.7,928.7,fixation
10:21:18.2542,852.8,929.1,fixation
10:21:18.2547,852.7,928.8,fixation
10:21:18.2552,852.5,928.5,fixation
10:21:18.2556,852.3,928.0,fixation
10:21:18.2561,851.9,927.5,fixation
10:21:18.2566,851.7,927.2,fixation
10:21:18.2570,851.7,927.1,fixation
10:21:18.2575,852.0,927.0,fixation
10:21:18.258,851.9,926.9,fixation
10:21:18.2584,851.4,926.4,fixation
10:21:18.2589,850.7,926.1,fixation
10:21:18.2594,850.4,925.9,fixation
10:21:18.2599,851.1,926.6,fixation
10:21:18.2603,851.8,927.1,fixation
10:21:18.2608,852.1,926.4,fixation
10:21:18.2613,851.9,925.2,fixation
10:21:18.2617,852.1,923.5,fixation
10:21:18.2622,852.6,922.5,fixation
10:21:18.2627,852.1,921.1,fixation
10:21:18.2631,851.2,920.1,fixation
10:21:18.2636,850.8,919.7,fixation
10:21:18.2641,851.5,919.7,fixation
10:21:18.2645,852.0,919.7,fixation
10:21:18.265,851.8,919.8,fixation
10:21:18.2655,851.6,919.9,fixation
10:21:18.266,852.0,919.9,fixation
10:21:18.2664,852.5,921.0,fixation
10:21:18.2669,852.8,922.1,fixation
10:21:18.2674,852.7,923.5,fixation
10:21:18.2678,852.6,923.9,fixation
10:21:18.2683,852.6,923.5,fixation
10:21:18.2688,852.7,922.8,fixation
10:21:18.2692,852.8,924.2,fixation
10:21:18.2697,853.0,926.3,fixation
10:21:18.2702,853.0,926.6,fixation
10:21:18.2706,852.6,924.8,fixation
10:21:18.2711,852.3,923.2,fixation
10:21:18.2716,852.2,924.1,fixation
10:21:18.2721,852.4,925.4,fixation
10:21:18.2725,852.6,926.6,fixation
10:21:18.273,852.6,924.7,fixation
10:21:18.2735,852.6,922.6,fixation
10:21:18.2739,852.7,921.1,fixation
10:21:18.2744,853.0,922.0,fixation
10:21:18.2749,853.5,922.9,fixation
10:21:18.2753,854.3,923.0,fixation
10:21:18.2758,855.0,923.0,fixation
10:21:18.2763,855.4,925.3,fixation
10:21:18.2767,854.8,927.5,fixation
10:21:18.2772,854.0,928.0,fixation
10:21:18.2777,853.9,926.2,fixation
10:21:18.2782,854.6,926.7,fixation
10:21:18.2786,855.3,928.9,fixation
10:21:18.2791,855.3,930.2,fixation
10:21:18.2796,855.3,928.5,fixation
10:21:18.2800,855.3,926.7,fixation
10:21:18.2805,855.3,925.8,fixation
10:21:18.281,855.3,924.3,fixation
10:21:18.2814,855.3,922.8,fixation
10:21:18.2819,854.7,922.9,fixation
10:21:18.2824,854.2,924.6,fixation
10:21:18.2828,853.6,925.2,fixation
10:21:18.2833,853.6,924.3,fixation
10:21:18.2838,853.9,923.4,fixation
10:21:18.2842,854.3,923.4,fixation
10:21:18.2846,854.7,924.7,fixation
10:21:18.2851,854.5,925.9,fixation
10:21:18.2856,853.8,926.9,fixation
10:21:18.2860,853.2,926.4,fixation
10:21:18.2865,852.2,925.9,fixation
10:21:18.287,851.5,926.0,fixation
10:21:18.2874,850.9,926.6,fixation
10:21:18.2879,851.0,927.3,fixation
10:21:18.2884,851.0,927.6,fixation
10:21:18.2888,851.0,927.6,fixation
10:21:18.2892,850.9,927.2,fixation
10:21:18.2897,850.7,926.9,fixation
10:21:18.2902,850.6,926.2,fixation
10:21:18.2906,850.8,925.5,fixation
10:21:18.2911,851.0,924.9,fixation
10:21:18.2916,851.2,924.5,fixation
10:21:18.2920,851.2,925.2,fixation
10:21:18.2925,851.3,926.6,fixation
10:21:18.293,851.4,927.9,fixation
10:21:18.2934,851.6,928.7,fixation
10:21:18.2938,851.9,928.9,fixation
10:21:18.2943,852.1,929.2,fixation
10:21:18.2948,852.2,929.4,fixation
10:21:18.2952,852.4,929.7,fixation
10:21:18.2957,852.5,928.1,fixation
10:21:18.2962,851.5,926.1,fixation
10:21:18.2966,850.3,924.1,fixation
10:21:18.2971,849.2,923.9,fixation
10:21:18.2976,849.2,924.0,fixation
10:21:18.2980,849.3,924.0,fixation
10:21:18.2984,849.5,923.9,fixation
10:21:18.2989,850.1,923.9,fixation
10:21:18.2994,850.5,924.4,fixation
10:21:18.2998,850.7,924.8,fixation
10:21:18.3003,850.4,924.6,fixation
10:21:18.3008,850.1,923.6,fixation
10:21:18.3012,850.0,922.0,fixation
10:21:18.3017,850.1,920.9,fixation
10:21:18.3022,850.3,920.4,fixation
10:21:18.3026,850.3,920.5,fixation
10:21:18.3031,849.9,920.6,fixation
10:21:18.3036,849.6,920.7,fixation
10:21:18.3041,849.7,921.2,fixation
10:21:18.3045,850.6,921.7,fixation
10:21:18.305,851.7,921.6,fixation
10:21:18.3055,852.4,921.3,fixation
10:21:18.3059,852.8,921.4,fixation
10:21:18.3064,852.9,923.5,fixation
10:21:18.3069,852.4,925.5,fixation
10:21:18.3073,851.9,926.5,fixation
10:21:18.3078,851.3,925.8,fixation
10:21:18.3083,851.4,925.2,fixation
10:21:18.3087,851.6,926.4,fixation
10:21:18.3092,851.7,927.7,fixation
10:21:18.3097,851.9,929.0,fixation
10:21:18.3102,852.2,929.0,fixation
10:21:18.3106,852.4,928.8,fixation
10:21:18.3111,852.7,928.5,fixation
10:21:18.3116,852.9,928.0,fixation
10:21:18.3120,853.1,927.0,fixation
10:21:18.3125,853.2,926.2,fixation
10:21:18.313,853.1,925.6,fixation
10:21:18.3134,853.0,925.8,fixation
10:21:18.3139,852.4,926.3,fixation
10:21:18.3144,851.9,927.4,fixation
10:21:18.3148,852.2,928.9,fixation
10:21:18.3153,853.0,930.1,fixation
10:21:18.3158,853.5,929.1,fixation
10:21:18.3163,853.1,927.3,fixation
10:21:18.3167,852.7,925.5,fixation
10:21:18.3172,852.6,925.8,fixation
10:21:18.3177,852.8,926.4,fixation
10:21:18.3181,853.1,927.1,fixation
10:21:18.3186,853.0,927.8,fixation
10:21:18.3191,852.5,928.4,fixation
10:21:18.3195,852.4,929.1,fixation
10:21:18.32,852.7,929.2,fixation
10:21:18.3205,852.9,928.7,fixation
10:21:18.3209,852.9,928.2,fixation
10:21:18.3214,853.5,927.9,fixation
10:21:18.3219,854.1,928.1,fixation
10:21:18.3224,854.5,928.9,fixation
10:21:18.3228,854.3,929.5,fixation
10:21:18.3233,854.1,930.2,fixation
10:21:18.3238,853.9,930.2,fixation
10:21:18.3242,853.5,929.8,fixation
10:21:18.3247,853.1,929.5,fixation
10:21:18.3252,853.0,929.6,fixation
10:21:18.3256,853.8,930.0,fixation
10:21:18.3261,854.6,930.3,fixation
10:21:18.3266,855.5,930.5,fixation
10:21:18.3270,855.5,930.6,fixation
10:21:18.3275,855.5,930.0,fixation
10:21:18.328,855.4,929.1,fixation
10:21:18.3285,855.3,928.2,fixation
10:21:18.3289,855.1,928.0,fixation
10:21:18.3294,855.0,925.8,fixation
10:21:18.3299,854.8,923.7,fixation
10:21:18.3303,854.9,922.9,fixation
10:21:18.3308,854.8,924.4,fixation
10:21:18.3313,854.2,926.3,fixation
10:21:18.3317,853.8,926.8,fixation
10:21:18.3322,853.4,927.0,fixation
10:21:18.3327,853.4,926.9,fixation
10:21:18.3331,853.5,927.0,fixation
10:21:18.3336,853.4,927.0,fixation
10:21:18.3341,852.6,926.8,fixation
10:21:18.3346,851.9,926.6,fixation
10:21:18.3350,851.4,926.5,fixation
10:21:18.3355,851.3,926.5,fixation
10:21:18.336,851.3,926.5,fixation
10:21:18.3364,851.6,927.3,fixation
10:21:18.3369,852.0,928.1,fixation
10:21:18.3374,852.0,929.0,fixation
10:21:18.3378,851.9,928.7,fixation
10:21:18.3383,851.7,928.5,fixation
10:21:18.3388,851.7,928.8,fixation
10:21:18.3392,851.3,929.2,fixation
10:21:18.3397,850.9,928.4,fixation
10:21:18.3402,851.1,927.2,fixation
10:21:18.3407,851.6,925.8,fixation
10:21:18.3411,851.8,925.4,fixation
10:21:18.3416,851.2,925.0,fixation
10:21:18.3421,850.6,924.9,fixation
10:21:18.3425,850.8,925.7,fixation
10:21:18.343,851.4,926.5,fixation
10:21:18.3435,851.8,927.4,fixation
10:21:18.3439,851.6,927.6,fixation
10:21:18.3444,851.4,927.8,fixation
10:21:18.3449,851.2,927.5,fixation
10:21:18.3453,850.8,927.0,fixation
10:21:18.3458,850.4,926.3,fixation
10:21:18.3463,850.1,925.7,fixation
10:21:18.3467,850.1,925.3,fixation
10:21:18.3471,849.5,926.4,fixation
10:21:18.3476,849.0,927.8,fixation
10:21:18.3481,849.0,929.6,fixation
10:21:18.3485,849.6,930.1,fixation
10:21:18.349,849.7,930.6,fixation
10:21:18.3495,849.2,930.0,fixation
10:21:18.3499,848.8,928.9,fixation
10:21:18.3504,848.8,927.6,fixation
10:21:18.3509,848.6,926.7,fixation
10:21:18.3513,848.1,926.2,fixation
10:21:18.3517,847.7,927.1,fixation
10:21:18.3522,847.7,928.2,fixation
10:21:18.3527,847.9,928.9,fixation
10:21:18.3531,847.7,927.3,fixation
10:21:18.3536,847.4,925.7,fixation
10:21:18.3541,848.1,924.8,fixation
10:21:18.3545,849.0,925.4,fixation
10:21:18.355,849.6,926.1,fixation
10:21:18.3555,848.3,926.3,fixation
10:21:18.3559,847.0,926.3,fixation
10:21:18.3563,847.1,926.4,fixation
10:21:18.3568,848.1,925.7,fixation
10:21:18.3573,849.1,924.9,fixation
10:21:18.3577,849.2,923.9,fixation
10:21:18.3582,849.2,924.4,fixation
10:21:18.3587,849.2,925.4,fixation
10:21:18.3591,849.3,926.6,fixation
10:21:18.3596,849.6,927.4,fixation
10:21:18.3601,849.8,927.8,fixation
10:21:18.3605,849.9,929.3,fixation
10:21:18.3609,849.9,930.6,fixation
10:21:18.3614,850.3,932.8,fixation
10:21:18.3619,851.4,933.8,fixation
10:21:18.3623,852.3,934.5,fixation
10:21:18.3628,852.9,934.3,fixation
10:21:18.3633,853.3,934.0,fixation
10:21:18.3637,853.8,934.1,fixation
10:21:18.3642,854.2,933.8,fixation
10:21:18.3647,854.1,933.5,fixation
10:21:18.3651,853.4,933.2,fixation
10:21:18.3656,852.8,932.4,fixation
10:21:18.3661,852.1,930.4,fixation
10:21:18.3666,851.3,928.4,fixation
10:21:18.3670,850.6,929.7,fixation
10:21:18.3675,850.1,932.2,fixation
10:21:18.368,850.4,934.4,fixation
10:21:18.3684,850.6,933.3,fixation
10:21:18.3689,850.6,931.6,fixation
10:21:18.3694,850.6,930.3,fixation
10:21:18.3698,850.7,930.0,fixation
10:21:18.3703,850.5,930.2,fixation
10:21:18.3708,850.3,930.4,fixation
10:21:18.3712,850.4,930.3,fixation
10:21:18.3717,850.7,930.4,fixation
10:21:18.3722,851.0,930.5,fixation
10:21:18.3727,851.4,930.4,fixation
10:21:18.3731,851.7,930.3,fixation
10:21:18.3736,851.3,930.1,fixation
10:21:18.3741,850.7,930.0,fixation
10:21:18.3745,850.0,929.9,fixation
10:21:18.375,850.3,930.1,fixation
10:21:18.3755,850.4,930.3,fixation
10:21:18.3759,849.9,930.3,fixation
10:21:18.3764,849.1,930.2,fixation
10:21:18.3769,848.5,929.4,fixation
10:21:18.3773,848.5,928.5,fixation
10:21:18.3778,848.7,927.6,fixation
10:21:18.3783,848.8,928.7,fixation
10:21:18.3788,849.2,929.9,fixation
10:21:18.3792,849.7,931.1,fixation
10:21:18.3797,849.9,930.9,fixation
10:21:18.3802,849.6,930.7,fixation
10:21:18.3806,849.7,930.3,fixation
10:21:18.3811,850.3,930.2,fixation
10:21:18.3816,851.2,930.4,fixation
10:21:18.3820,851.9,930.5,fixation
10:21:18.3825,852.2,930.7,fixation
10:21:18.383,853.3,931.5,fixation
10:21:18.3834,854.6,932.5,fixation
10:21:18.3839,856.0,933.6,fixation
10:21:18.3844,855.4,932.6,fixation
10:21:18.3849,854.6,931.5,fixation
10:21:18.3853,853.8,929.7,fixation
10:21:18.3858,854.0,929.1,fixation
10:21:18.3863,854.1,928.7,fixation
10:21:18.3867,854.3,929.3,fixation
10:21:18.3872,854.1,929.8,fixation
10:21:18.3877,854.0,930.1,fixation
10:21:18.3881,854.1,932.1,fixation
10:21:18.3886,853.5,934.7,fixation
10:21:18.3891,852.9,937.3,fixation
10:21:18.3895,852.2,937.9,fixation
10:21:18.39,852.2,937.5,fixation
10:21:18.3905,852.2,936.7,fixation
10:21:18.391,852.2,935.4,fixation
10:21:18.3914,852.1,934.4,fixation
10:21:18.3919,851.1,933.6,fixation
10:21:18.3924,850.2,932.5,fixation
10:21:18.3928,849.2,931.6,fixation
10:21:18.3933,848.9,932.1,fixation
10:21:18.3938,848.6,934.2,fixation
10:21:18.3942,849.3,936.9,fixation
10:21:18.3947,850.2,938.3,fixation
10:21:18.3952,851.0,936.2,fixation
10:21:18.3956,850.8,933.6,fixation
10:21:18.3961,850.6,931.0,fixation
10:21:18.3966,850.6,931.0,fixation
10:21:18.3971,850.6,931.3,fixation
10:21:18.3975,850.6,932.0,fixation
10:21:18.398,850.6,932.6,fixation
10:21:18.3985,850.7,932.9,fixation
10:21:18.3989,851.0,932.8,fixation
10:21:18.3994,851.9,932.9,fixation
10:21:18.3999,852.9,932.9,fixation
10:21:18.4003,853.8,931.6,fixation
10:21:18.4008,854.2,930.2,fixation
10:21:18.4013,854.3,930.7,fixation
10:21:18.4017,854.3,932.5,fixation
10:21:18.4022,854.6,934.3,fixation
10:21:18.4027,855.2,934.3,fixation
10:21:18.4032,855.7,934.4,fixation
10:21:18.4036,855.7,934.5,fixation
10:21:18.4041,855.7,935.1,fixation
10:21:18.4046,855.7,935.5,fixation
10:21:18.4050,855.2,934.8,fixation
10:21:18.4055,854.6,933.6,fixation
10:21:18.406,853.9,932.6,fixation
10:21:18.4064,853.8,933.1,fixation
10:21:18.4069,853.7,933.1,fixation
10:21:18.4074,853.9,933.0,fixation
10:21:18.4078,854.1,932.1,fixation
10:21:18.4083,854.1,931.5,fixation
10:21:18.4088,853.9,931.6,fixation
10:21:18.4092,853.7,931.8,fixation
10:21:18.4096,853.1,932.0,fixation
10:21:18.4101,852.2,932.4,fixation
10:21:18.4106,851.3,933.7,fixation
10:21:18.4110,850.9,935.1,fixation
10:21:18.4115,850.8,934.3,fixation
10:21:18.412,850.7,933.2,fixation
10:21:18.4124,850.5,932.0,fixation
10:21:18.4129,850.1,932.2,fixation
10:21:18.4134,849.9,933.5,fixation
10:21:18.4138,850.1,934.9,fixation
10:21:18.4142,850.6,936.4,fixation
10:21:18.4147,850.7,936.4,fixation
10:21:18.4152,850.4,936.0,fixation
10:21:18.4156,851.0,935.3,fixation
10:21:18.4161,851.9,932.8,fixation
10:21:18.4166,852.8,930.6,fixation
10:21:18.4170,853.3,929.8,fixation
10:21:18.4175,853.8,931.3,fixation
10:21:18.418,854.6,932.4,fixation
10:21:18.4184,854.8,931.8,fixation
10:21:18.4188,855.0,930.4,fixation
10:21:18.4193,854.7,929.4,fixation
10:21:18.4198,854.4,929.8,fixation
10:21:18.4202,854.0,930.9,fixation
10:21:18.4207,853.8,931.6,fixation
10:21:18.4212,853.6,930.7,fixation
10:21:18.4216,853.3,929.8,fixation
10:21:18.4221,852.9,930.5,fixation
10:21:18.4226,852.7,931.7,fixation
10:21:18.4230,852.6,932.5,fixation
10:21:18.4234,852.7,931.9,fixation
10:21:18.4239,852.3,931.6,fixation
10:21:18.4244,851.8,932.1,fixation
10:21:18.4248,851.1,932.9,fixation
10:21:18.4253,850.7,933.4,fixation
10:21:18.4258,851.0,933.8,fixation
10:21:18.4262,851.6,934.0,fixation
10:21:18.4267,852.3,933.8,fixation
10:21:18.4272,853.9,934.1,fixation
10:21:18.4276,855.6,934.6,fixation
10:21:18.4281,857.0,935.4,fixation
10:21:18.4286,856.8,934.9,fixation
10:21:18.4291,856.7,934.4,fixation
10:21:18.4295,856.7,934.2,fixation
10:21:18.43,856.7,934.6,fixation
10:21:18.4305,856.3,934.3,fixation
10:21:18.4309,855.1,933.5,fixation
10:21:18.4314,854.1,933.0,fixation
10:21:18.4319,853.5,932.1,fixation
10:21:18.4323,852.6,931.1,fixation
10:21:18.4328,851.6,930.0,fixation
10:21:18.4333,850.5,929.6,fixation
10:21:18.4337,850.3,930.3,fixation
10:21:18.4342,850.4,931.6,fixation
10:21:18.4347,850.8,933.0,fixation
10:21:18.4352,852.5,933.2,fixation
10:21:18.4356,853.9,932.7,fixation
10:21:18.4361,855.3,931.9,fixation
10:21:18.4366,855.4,929.6,fixation
10:21:18.4370,856.0,927.8,fixation
10:21:18.4375,856.4,926.2,fixation
10:21:18.438,856.8,927.2,fixation
10:21:18.4384,857.0,928.2,fixation
10:21:18.4389,857.3,931.0,fixation
10:21:18.4394,857.2,932.9,fixation
10:21:18.4398,856.0,934.6,fixation
10:21:18.4403,854.8,934.4,fixation
10:21:18.4408,853.2,933.2,fixation
10:21:18.4413,852.4,932.4,fixation
10:21:18.4417,851.5,931.5,fixation
10:21:18.4422,851.4,931.7,fixation
10:21:18.4427,851.5,931.8,fixation
10:21:18.4431,851.9,932.0,fixation
10:21:18.4436,853.0,932.5,fixation
10:21:18.4441,854.1,932.8,fixation
10:21:18.4445,855.7,932.9,fixation
10:21:18.445,857.2,932.7,fixation
10:21:18.4455,858.5,932.4,fixation
10:21:18.4459,858.5,932.0,fixation
10:21:18.4464,857.9,933.6,fixation
10:21:18.4469,857.1,935.2,fixation
10:21:18.4474,856.7,935.4,fixation
10:21:18.4478,856.6,934.0,fixation
10:21:18.4483,856.5,933.6,fixation
10:21:18.4488,856.1,934.6,fixation
10:21:18.4492,855.7,935.6,fixation
10:21:18.4497,855.5,935.3,fixation
10:21:18.4502,855.5,935.0,fixation
10:21:18.4506,855.8,934.6,fixation
10:21:18.4511,856.7,934.7,fixation
10:21:18.4516,857.6,935.7,fixation
10:21:18.4520,858.3,936.8,fixation
10:21:18.4525,858.4,937.9,fixation
10:21:18.453,857.5,936.7,fixation
10:21:18.4535,856.6,935.7,fixation
10:21:18.4539,855.6,934.9,fixation
10:21:18.4544,855.6,934.8,fixation
10:21:18.4549,855.4,934.5,fixation
10:21:18.4553,854.9,934.0,fixation
10:21:18.4558,854.5,933.9,fixation
10:21:18.4563,855.0,933.3,fixation
10:21:18.4567,855.8,932.1,fixation
10:21:18.4572,856.5,930.8,fixation
10:21:18.4577,856.5,932.2,fixation
10:21:18.4581,856.5,934.2,fixation
10:21:18.4586,856.6,936.4,fixation
10:21:18.4591,855.9,936.5,fixation
10:21:18.4596,855.2,934.7,fixation
10:21:18.4600,854.6,932.7,fixation
10:21:18.4605,855.3,932.7,fixation
10:21:18.461,855.9,934.7,fixation
10:21:18.4614,856.5,936.9,fixation
10:21:18.4619,856.5,937.7,fixation
10:21:18.4624,856.6,938.6,fixation
10:21:18.4628,856.6,939.5,fixation
10:21:18.4633,856.6,939.9,fixation
10:21:18.4638,855.4,938.8,fixation
10:21:18.4642,854.3,937.3,fixation
10:21:18.4647,853.3,936.6,fixation
10:21:18.4652,853.3,937.8,fixation
10:21:18.4657,853.4,938.9,fixation
10:21:18.4661,853.5,939.2,fixation
10:21:18.4666,853.6,939.1,fixation
10:21:18.4671,853.6,938.4,fixation
10:21:18.4675,853.5,935.8,fixation
10:21:18.468,853.2,933.2,fixation
10:21:18.4685,853.1,932.8,fixation
10:21:18.4689,853.3,935.3,fixation
10:21:18.4694,854.1,938.6,fixation
10:21:18.4699,855.1,940.6,fixation
10:21:18.4703,856.0,940.2,fixation
10:21:18.4708,855.5,936.5,fixation
10:21:18.4713,854.7,932.6,fixation
10:21:18.4717,854.0,932.2,fixation
10:21:18.4721,854.6,934.9,fixation
10:21:18.4726,855.2,938.6,fixation
10:21:18.4731,855.8,940.1,fixation
10:21:18.4735,856.0,941.1,fixation
10:21:18.474,855.9,939.3,fixation
10:21:18.4745,854.4,937.0,fixation
10:21:18.4749,852.9,934.5,fixation
10:21:18.4754,852.1,933.8,fixation
10:21:18.4759,853.3,933.7,fixation
10:21:18.4763,855.7,934.1,fixation
10:21:18.4767,857.5,934.3,fixation
10:21:18.4772,858.6,934.4,fixation
10:21:18.4777,857.4,934.4,fixation
10:21:18.4781,855.8,934.8,fixation
10:21:18.4786,854.5,937.0,fixation
10:21:18.4791,855.6,939.3,fixation
10:21:18.4795,857.0,941.3,fixation
10:21:18.48,858.4,939.4,fixation
10:21:18.4805,857.2,937.1,fixation
10:21:18.4809,855.5,935.5,fixation
10:21:18.4813,853.8,935.9,fixation
10:21:18.4818,854.5,935.7,fixation
10:21:18.4823,856.1,934.5,fixation
10:21:18.4827,857.6,933.3,fixation
10:21:18.4832,857.8,932.9,fixation
10:21:18.4837,857.7,932.9,fixation
10:21:18.4841,857.7,935.2,fixation
10:21:18.4846,857.6,937.4,fixation
10:21:18.4851,858.4,938.8,fixation
10:21:18.4855,859.2,937.9,fixation
10:21:18.4859,860.0,937.0,fixation
10:21:18.4864,858.7,936.7,fixation
10:21:18.4869,857.4,936.8,fixation
10:21:18.4873,856.3,937.1,fixation
10:21:18.4878,857.2,937.8,fixation
10:21:18.4883,858.7,936.8,fixation
10:21:18.4887,859.9,935.5,fixation
10:21:18.4892,860.3,934.1,fixation
10:21:18.4897,859.9,934.1,fixation
10:21:18.4901,859.4,934.2,fixation
10:21:18.4906,858.5,933.3,fixation
10:21:18.4911,857.7,932.4,fixation
10:21:18.4916,857.1,932.6,fixation
10:21:18.4920,857.0,933.7,fixation
10:21:18.4925,857.0,934.8,fixation
10:21:18.493,856.9,934.8,fixation
10:21:18.4934,856.9,934.7,fixation
10:21:18.4939,856.9,934.1,fixation
10:21:18.4944,856.8,933.5,fixation
10:21:18.4948,857.4,935.3,fixation
10:21:18.4953,857.9,937.6,fixation
10:21:18.4958,858.5,938.7,fixation
10:21:18.4962,858.5,937.1,fixation
10:21:18.4967,857.7,935.4,fixation
10:21:18.4972,856.9,934.5,fixation
10:21:18.4977,855.9,936.0,saccade
10:21:18.4981,855.6,938.1,saccade
10:21:18.4986,854.9,939.8,saccade
10:21:18.4991,854.5,939.4,saccade
10:21:18.4995,854.3,938.4,saccade
10:21:18.5,853.9,937.7,saccade
10:21:18.5005,851.4,936.9,saccade
10:21:18.5009,848.6,937.0,saccade
10:21:18.5014,846.4,939.2,saccade
10:21:18.5019,846.1,942.5,saccade
10:21:18.5023,844.5,945.3,saccade
10:21:18.5028,841.6,945.8,saccade
10:21:18.5033,838.7,945.6,saccade
10:21:18.5038,837.4,945.8,saccade
10:21:18.5042,836.6,946.2,saccade
10:21:18.5047,835.1,948.3,saccade
10:21:18.5052,833.7,950.2,saccade
10:21:18.5056,832.1,952.1,saccade
10:21:18.5061,831.0,951.9,saccade
10:21:18.5066,829.9,953.1,saccade
10:21:18.5070,829.7,954.6,saccade
10:21:18.5075,829.6,957.6,saccade
10:21:18.508,829.3,959.3,saccade
10:21:18.5084,828.3,961.0,saccade
10:21:18.5089,827.3,960.5,saccade
10:21:18.5094,826.8,959.8,saccade
10:21:18.5099,827.1,960.6,saccade
10:21:18.5103,827.3,962.1,saccade
10:21:18.5108,827.4,963.7,saccade
10:21:18.5113,827.5,965.7,saccade
10:21:18.5117,828.0,967.3,saccade
10:21:18.5122,828.6,968.8,saccade
10:21:18.5127,828.7,969.4,saccade
10:21:18.5131,828.4,971.9,saccade
10:21:18.5136,830.0,974.7,saccade
10:21:18.5141,833.6,972.4,fixation
10:21:18.5145,833.3,969.7,fixation
10:21:18.515,833.9,969.5,fixation
10:21:18.5155,834.7,969.3,fixation
10:21:18.516,835.5,969.5,fixation
10:21:18.5164,835.4,969.5,fixation
10:21:18.5169,836.0,971.7,fixation
10:21:18.5174,837.2,974.1,fixation
10:21:18.5178,838.4,975.5,fixation
10:21:18.5183,838.7,973.9,fixation
10:21:18.5188,838.6,971.7,fixation
10:21:18.5192,838.5,970.4,fixation
10:21:18.5197,838.6,970.2,fixation
10:21:18.5202,838.8,970.5,fixation
10:21:18.5206,838.6,970.9,fixation
10:21:18.5211,838.3,971.5,fixation
10:21:18.5216,838.1,973.2,fixation
10:21:18.5221,838.1,974.8,fixation
10:21:18.5225,838.2,973.1,fixation
10:21:18.523,838.3,970.0,fixation
10:21:18.5235,837.5,967.3,fixation
10:21:18.5239,836.8,968.1,fixation
10:21:18.5244,837.2,969.5,fixation
10:21:18.5249,838.7,970.9,fixation
10:21:18.5253,840.3,971.8,fixation
10:21:18.5258,840.8,971.9,fixation
10:21:18.5263,840.8,971.6,fixation
10:21:18.5267,840.8,971.9,fixation
10:21:18.5272,840.9,972.4,fixation
10:21:18.5277,841.1,974.3,fixation
10:21:18.5282,841.2,975.7,fixation
10:21:18.5286,841.2,976.6,fixation
10:21:18.5291,841.2,975.9,fixation
10:21:18.5296,841.3,975.3,fixation
10:21:18.5300,841.3,974.9,fixation
10:21:18.5305,841.2,974.6,fixation
10:21:18.531,840.9,974.3,fixation
10:21:18.5314,840.7,974.4,fixation
10:21:18.5319,840.9,974.6,fixation
10:21:18.5324,841.2,974.3,fixation
10:21:18.5328,841.4,973.7,fixation
10:21:18.5333,841.4,973.1,fixation
10:21:18.5338,841.8,972.9,fixation
10:21:18.5342,842.1,972.7,fixation
10:21:18.5346,841.8,972.2,fixation
10:21:18.5351,841.2,971.7,fixation
10:21:18.5356,840.3,973.1,fixation
10:21:18.5360,839.8,974.7,fixation
10:21:18.5365,839.3,976.2,fixation
10:21:18.537,839.5,975.7,fixation
10:21:18.5374,840.0,974.9,fixation
10:21:18.5379,840.5,974.2,fixation
10:21:18.5384,840.9,975.2,fixation
10:21:18.5388,841.8,976.6,fixation
10:21:18.5392,842.7,978.3,fixation
10:21:18.5397,841.7,978.3,fixation
10:21:18.5402,840.3,976.7,fixation
10:21:18.5406,840.7,974.1,fixation
10:21:18.5411,842.5,971.8,fixation
10:21:18.5416,844.3,972.1,fixation
10:21:18.5420,844.4,973.0,fixation
10:21:18.5425,844.4,974.0,fixation
10:21:18.543,843.9,973.0,fixation
10:21:18.5434,843.8,972.2,fixation
10:21:18.5438,843.7,971.5,fixation
10:21:18.5443,844.0,970.7,fixation
10:21:18.5448,843.6,969.9,fixation
10:21:18.5452,843.2,969.1,fixation
10:21:18.5457,842.7,968.4,fixation
10:21:18.5462,842.7,967.6,fixation
10:21:18.5466,842.6,966.7,fixation
10:21:18.5471,842.6,966.8,fixation
10:21:18.5476,842.8,966.9,fixation
10:21:18.5480,843.0,966.4,fixation
10:21:18.5484,842.7,965.7,fixation
10:21:18.5489,842.2,964.9,fixation
10:21:18.5494,841.7,965.0,fixation
10:21:18.5498,841.9,965.5,fixation
10:21:18.5503,842.4,966.7,fixation
10:21:18.5508,843.2,967.7,fixation
10:21:18.5512,843.8,968.4,fixation
10:21:18.5517,843.9,968.4,fixation
10:21:18.5522,843.5,968.6,fixation
10:21:18.5526,843.3,969.3,fixation
10:21:18.5531,843.2,970.0,fixation
10:21:18.5536,842.5,970.4,fixation
10:21:18.5541,841.8,970.1,fixation
10:21:18.5545,842.2,970.1,fixation
10:21:18.555,843.3,970.2,fixation
10:21:18.5555,844.9,969.5,fixation
10:21:18.5559,846.1,968.7,fixation
10:21:18.5564,847.3,968.2,fixation
10:21:18.5569,846.8,968.4,fixation
10:21:18.5573,845.7,968.4,fixation
10:21:18.5578,845.1,968.9,fixation
10:21:18.5583,845.3,969.4,fixation
10:21:18.5587,845.5,969.9,fixation
10:21:18.5592,846.0,970.6,fixation
10:21:18.5597,846.8,971.5,fixation
10:21:18.5602,846.9,972.1,fixation
10:21:18.5606,846.2,971.7,fixation
10:21:18.5611,846.4,971.1,fixation
10:21:18.5616,847.3,970.7,fixation
10:21:18.5620,847.0,970.3,fixation
10:21:18.5625,845.8,969.8,fixation
10:21:18.563,845.6,968.9,fixation
10:21:18.5634,846.4,966.2,fixation
10:21:18.5639,847.4,963.6,fixation
10:21:18.5644,847.4,961.7,fixation
10:21:18.5648,847.4,962.1,fixation
10:21:18.5653,847.1,963.9,fixation
10:21:18.5658,846.7,965.6,fixation
10:21:18.5663,846.9,967.1,fixation
10:21:18.5667,847.3,965.8,fixation
10:21:18.5672,847.6,964.6,fixation
10:21:18.5677,847.5,963.6,fixation
10:21:18.5681,847.5,964.0,fixation
10:21:18.5686,847.9,964.5,fixation
10:21:18.5691,848.2,964.8,fixation
10:21:18.5695,848.6,966.5,fixation
10:21:18.57,849.7,968.5,fixation
10:21:18.5705,850.7,970.6,fixation
10:21:18.5709,851.8,970.7,fixation
10:21:18.5714,851.9,970.4,fixation
10:21:18.5719,852.1,969.9,fixation
10:21:18.5724,850.8,970.6,fixation
10:21:18.5728,849.4,971.5,fixation
10:21:18.5733,849.4,972.5,fixation
10:21:18.5738,850.7,971.8,fixation
10:21:18.5742,851.8,971.0,fixation
10:21:18.5747,851.6,970.1,fixation
10:21:18.5752,851.4,968.7,fixation
10:21:18.5756,850.0,967.1,fixation
10:21:18.5761,848.6,965.1,fixation
10:21:18.5766,848.7,964.8,fixation
10:21:18.5770,850.3,965.9,fixation
10:21:18.5775,850.2,967.8,fixation
10:21:18.578,848.7,969.3,fixation
10:21:18.5785,847.6,969.4,fixation
10:21:18.5789,848.0,969.1,fixation
10:21:18.5794,848.4,969.4,fixation
10:21:18.5799,849.7,970.1,fixation
10:21:18.5803,850.5,970.7,fixation
10:21:18.5808,851.5,970.4,fixation
10:21:18.5813,851.4,969.4,fixation
10:21:18.5817,851.5,968.2,fixation
10:21:18.5822,851.4,967.4,fixation
10:21:18.5827,851.2,968.2,fixation
10:21:18.5831,851.7,969.4,fixation
10:21:18.5836,852.3,968.7,fixation
10:21:18.5841,852.3,966.9,fixation
10:21:18.5846,851.8,965.9,fixation
10:21:18.5850,851.3,966.8,fixation
10:21:18.5855,851.3,967.6,fixation
10:21:18.586,851.4,967.2,fixation
10:21:18.5864,851.5,966.9,fixation
10:21:18.5869,851.8,966.8,fixation
10:21:18.5874,851.9,966.7,fixation
10:21:18.5878,852.0,966.3,fixation
10:21:18.5883,852.0,965.8,fixation
10:21:18.5888,851.9,965.7,fixation
10:21:18.5892,851.7,966.0,fixation
10:21:18.5897,851.5,966.6,fixation
10:21:18.5902,851.9,966.5,fixation
10:21:18.5907,852.3,965.0,fixation
10:21:18.5911,852.2,963.1,fixation
10:21:18.5916,851.6,963.3,fixation
10:21:18.5921,851.2,964.4,fixation
10:21:18.5925,851.6,965.7,fixation
10:21:18.593,852.9,967.0,fixation
10:21:18.5935,854.0,968.2,fixation
10:21:18.5939,855.0,970.2,fixation
10:21:18.5944,853.6,970.6,fixation
10:21:18.5949,852.3,971.6,fixation
10:21:18.5953,852.6,972.2,fixation
10:21:18.5958,854.1,971.6,fixation
10:21:18.5963,854.5,969.2,fixation
10:21:18.5967,853.3,966.5,fixation
10:21:18.5971,852.3,965.2,fixation
10:21:18.5976,852.5,965.1,fixation
10:21:18.5981,852.7,964.5,fixation
10:21:18.5985,853.4,964.3,fixation
10:21:18.599,854.0,964.1,fixation
10:21:18.5995,854.4,963.5,fixation
10:21:18.5999,854.0,962.7,fixation
10:21:18.6004,853.9,961.9,fixation
10:21:18.6009,854.1,962.0,fixation
10:21:18.6013,854.1,962.1,fixation
10:21:18.6017,854.0,963.0,fixation
10:21:18.6022,853.9,963.9,fixation
10:21:18.6027,853.8,964.8,fixation
10:21:18.6031,853.6,963.2,fixation
10:21:18.6036,853.3,961.5,fixation
10:21:18.6041,854.4,960.1,fixation
10:21:18.6045,855.5,961.7,fixation
10:21:18.605,857.0,963.3,fixation
10:21:18.6055,857.5,965.0,fixation
10:21:18.6059,858.1,965.4,fixation
10:21:18.6063,858.1,966.2,fixation
10:21:18.6068,857.8,966.7,fixation
10:21:18.6073,857.5,965.4,fixation
10:21:18.6077,857.5,963.6,fixation
10:21:18.6082,857.1,962.6,fixation
10:21:18.6087,856.9,965.4,fixation
10:21:18.6091,856.8,968.3,fixation
10:21:18.6096,857.5,969.9,fixation
10:21:18.6101,858.2,969.4,fixation
10:21:18.6105,858.9,969.0,fixation
10:21:18.6109,859.2,969.2,fixation
10:21:18.6114,859.3,968.1,fixation
10:21:18.6119,859.0,967.1,fixation
10:21:18.6123,858.5,965.9,fixation
10:21:18.6128,858.0,965.9,fixation
10:21:18.6133,858.0,965.9,fixation
10:21:18.6137,856.2,965.6,fixation
10:21:18.6142,854.5,965.2,fixation
10:21:18.6147,853.5,965.0,fixation
10:21:18.6151,854.3,965.2,fixation
10:21:18.6156,855.0,965.5,fixation
10:21:18.6161,855.1,965.6,fixation
10:21:18.6166,855.8,965.7,fixation
10:21:18.6170,856.5,965.7,fixation
10:21:18.6175,857.2,965.8,fixation
10:21:18.618,857.3,965.9,fixation
10:21:18.6184,858.2,965.0,fixation
10:21:18.6189,858.9,963.9,fixation
10:21:18.6194,859.5,963.0,fixation
10:21:18.6198,858.5,963.1,fixation
10:21:18.6203,857.6,961.1,fixation
10:21:18.6208,856.6,958.9,fixation
10:21:18.6212,856.3,960.0,fixation
10:21:18.6217,856.4,963.2,fixation
10:21:18.6222,857.1,966.9,fixation
10:21:18.6227,858.5,967.6,fixation
10:21:18.6231,859.7,968.6,fixation
10:21:18.6236,860.4,969.1,fixation
10:21:18.6241,859.8,968.2,fixation
10:21:18.6245,859.2,966.9,fixation
10:21:18.625,859.5,965.8,fixation
10:21:18.6255,860.1,966.0,fixation
10:21:18.6259,860.3,966.1,fixation
10:21:18.6264,859.8,966.1,fixation
10:21:18.6269,859.3,965.5,fixation
10:21:18.6273,859.3,964.9,fixation
10:21:18.6278,859.2,964.1,fixation
10:21:18.6283,859.1,963.9,fixation
10:21:18.6288,859.0,965.8,fixation
10:21:18.6292,859.0,968.3,fixation
10:21:18.6297,859.3,970.8,fixation
10:21:18.6302,859.5,971.3,fixation
10:21:18.6306,859.7,971.4,fixation
10:21:18.6311,859.7,969.3,fixation
10:21:18.6316,860.4,966.7,fixation
10:21:18.6320,861.1,964.2,fixation
10:21:18.6325,860.7,965.8,fixation
10:21:18.633,859.4,967.6,fixation
10:21:18.6334,858.1,969.4,fixation
10:21:18.6339,858.9,969.3,fixation
10:21:18.6344,860.4,969.0,fixation
10:21:18.6349,861.8,968.6,fixation
10:21:18.6353,862.4,968.1,fixation
10:21:18.6358,862.3,968.4,fixation
10:21:18.6363,862.5,968.8,fixation
10:21:18.6367,862.8,967.5,fixation
10:21:18.6372,862.8,965.8,fixation
10:21:18.6377,862.2,963.5,fixation
10:21:18.6381,861.9,962.6,fixation
10:21:18.6386,862.1,961.8,fixation
10:21:18.6391,862.7,961.5,fixation
10:21:18.6395,863.2,963.7,fixation
10:21:18.64,863.4,965.9,fixation
10:21:18.6405,863.4,967.9,fixation
10:21:18.641,863.0,967.5,fixation
10:21:18.6414,862.6,966.7,fixation
10:21:18.6419,862.6,966.1,fixation
10:21:18.6424,862.8,965.4,fixation
10:21:18.6428,863.0,965.1,fixation
10:21:18.6433,862.5,965.3,fixation
10:21:18.6438,862.1,965.5,fixation
10:21:18.6442,861.6,966.0,fixation
10:21:18.6447,862.6,966.2,fixation
10:21:18.6452,863.5,966.6,fixation
10:21:18.6456,864.4,967.0,fixation
10:21:18.6461,863.4,966.7,fixation
10:21:18.6466,862.4,966.2,fixation
10:21:18.6471,861.5,966.0,fixation
10:21:18.6475,861.9,966.6,fixation
10:21:18.648,863.2,967.4,fixation
10:21:18.6485,864.4,967.9,fixation
10:21:18.6489,865.4,968.2,fixation
10:21:18.6494,864.9,968.3,fixation
10:21:18.6499,863.8,968.1,fixation
10:21:18.6503,862.7,967.6,fixation
10:21:18.6508,862.0,967.0,fixation
10:21:18.6513,861.8,966.8,fixation
10:21:18.6517,862.7,966.7,fixation
10:21:18.6522,863.7,966.8,fixation
10:21:18.6527,864.1,968.6,fixation
10:21:18.6532,863.6,970.4,fixation
10:21:18.6536,863.3,972.7,fixation
10:21:18.6541,863.6,973.3,fixation
10:21:18.6546,864.7,973.4,fixation
10:21:18.6550,865.5,972.7,fixation
10:21:18.6555,866.3,971.9,fixation
10:21:18.656,865.6,972.1,fixation
10:21:18.6564,865.1,973.0,fixation
10:21:18.6569,864.8,974.0,fixation
10:21:18.6574,865.3,974.4,fixation
10:21:18.6578,865.5,974.9,fixation
10:21:18.6583,866.0,975.3,fixation
10:21:18.6588,866.3,973.0,fixation
10:21:18.6592,866.7,970.4,fixation
10:21:18.6596,866.7,969.0,fixation
10:21:18.6601,866.8,970.4,fixation
10:21:18.6606,866.9,972.5,fixation
10:21:18.6610,867.0,974.0,fixation
10:21:18.6615,867.1,975.6,fixation
10:21:18.662,867.1,975.0,fixation
10:21:18.6624,867.3,973.5,fixation
10:21:18.6629,867.6,972.1,fixation
10:21:18.6634,868.0,972.2,fixation
10:21:18.6638,868.0,972.1,fixation
10:21:18.6642,867.9,973.4,fixation
10:21:18.6647,867.8,974.8,fixation
10:21:18.6652,867.8,975.2,fixation
10:21:18.6656,867.8,974.0,fixation
10:21:18.6661,867.7,973.4,fixation
10:21:18.6666,867.7,974.4,fixation
10:21:18.6670,867.8,975.4,fixation
10:21:18.6675,867.8,974.1,fixation
10:21:18.668,867.8,972.3,fixation
10:21:18.6684,867.6,970.1,fixation
10:21:18.6688,867.3,969.7,fixation
10:21:18.6693,867.1,970.0,fixation
10:21:18.6698,866.8,970.6,fixation
10:21:18.6702,866.2,971.4,fixation
10:21:18.6707,865.5,971.6,fixation
10:21:18.6712,864.9,972.9,fixation
10:21:18.6716,865.0,974.2,fixation
10:21:18.6721,865.8,975.4,fixation
10:21:18.6726,866.5,975.0,fixation
10:21:18.6730,867.2,974.6,fixation
10:21:18.6734,868.0,974.2,fixation
10:21:18.6739,868.8,974.1,fixation
10:21:18.6744,869.6,973.7,fixation
10:21:18.6748,868.9,973.1,fixation
10:21:18.6753,868.3,972.2,fixation
10:21:18.6758,867.8,971.8,fixation
10:21:18.6762,867.9,971.8,fixation
10:21:18.6767,867.9,972.3,fixation
10:21:18.6772,867.9,972.7,fixation
10:21:18.6776,867.9,973.3,fixation
10:21:18.6781,868.4,973.9,fixation
10:21:18.6786,869.1,974.5,fixation
10:21:18.6791,869.8,975.0,fixation
10:21:18.6795,869.9,975.4,fixation
10:21:18.68,871.3,975.5,fixation
10:21:18.6805,872.7,974.4,fixation
10:21:18.6809,874.1,973.2,fixation
10:21:18.6814,874.1,972.6,fixation
10:21:18.6819,874.1,972.8,fixation
10:21:18.6823,873.5,972.8,fixation
10:21:18.6828,873.0,972.5,fixation
10:21:18.6833,872.5,972.2,fixation
10:21:18.6837,871.6,971.8,fixation
10:21:18.6842,870.6,969.5,fixation
10:21:18.6847,869.1,967.0,fixation
10:21:18.6852,868.7,969.0,fixation
10:21:18.6856,868.4,973.2,fixation
10:21:18.6861,868.6,977.5,fixation
10:21:18.6866,868.7,975.9,fixation
10:21:18.6870,868.5,974.3,fixation
10:21:18.6875,868.4,974.8,fixation
10:21:18.688,868.3,977.0,fixation
10:21:18.6884,868.5,979.0,fixation
10:21:18.6889,868.9,978.6,fixation
10:21:18.6894,869.3,978.2,fixation
10:21:18.6898,869.8,979.2,fixation
10:21:18.6903,870.4,980.3,fixation
10:21:18.6908,871.0,981.2,fixation
10:21:18.6913,871.6,980.1,fixation
10:21:18.6917,871.8,978.9,fixation
10:21:18.6922,872.1,977.8,fixation
10:21:18.6927,872.5,978.3,fixation
10:21:18.6931,872.8,979.1,fixation
10:21:18.6936,873.0,979.2,fixation
10:21:18.6941,873.4,978.1,fixation
10:21:18.6945,873.7,976.7,fixation
10:21:18.695,873.9,976.1,fixation
10:21:18.6955,873.9,975.1,fixation
10:21:18.6959,874.2,974.2,fixation
10:21:18.6964,874.6,973.3,fixation
10:21:18.6969,875.3,974.0,fixation
10:21:18.6974,875.6,974.8,fixation
10:21:18.6978,874.8,975.8,fixation
10:21:18.6983,873.7,975.6,fixation
10:21:18.6988,872.4,975.4,fixation
10:21:18.6992,872.2,975.0,fixation
10:21:18.6997,872.0,975.5,fixation
10:21:18.7002,871.9,975.9,fixation
10:21:18.7006,872.4,974.6,fixation
10:21:18.7011,872.8,972.9,fixation
10:21:18.7016,873.1,971.2,fixation
10:21:18.7020,873.1,974.1,fixation
10:21:18.7025,873.0,977.0,fixation
10:21:18.703,872.9,979.9,fixation
10:21:18.7035,872.7,979.6,fixation
10:21:18.7039,872.9,979.3,fixation
10:21:18.7044,872.9,978.7,fixation
10:21:18.7049,872.9,978.0,fixation
10:21:18.7053,872.7,977.6,fixation
10:21:18.7058,873.0,977.5,fixation
10:21:18.7063,873.3,977.9,fixation
10:21:18.7067,873.6,978.8,fixation
10:21:18.7072,873.7,979.5,fixation
10:21:18.7077,873.6,979.7,fixation
10:21:18.7081,873.4,979.4,fixation
10:21:18.7086,873.2,978.4,fixation
10:21:18.7091,873.2,977.8,fixation
10:21:18.7096,873.1,977.4,fixation
10:21:18.7100,873.1,977.8,fixation
10:21:18.7105,873.2,978.4,fixation
10:21:18.711,873.0,978.9,fixation
10:21:18.7114,872.8,979.7,fixation
10:21:18.7119,872.6,980.1,fixation
10:21:18.7124,872.6,978.5,fixation
10:21:18.7128,872.6,976.6,fixation
10:21:18.7133,872.7,973.2,fixation
10:21:18.7138,872.9,972.5,fixation
10:21:18.7142,873.2,972.2,fixation
10:21:18.7147,873.3,974.2,fixation
10:21:18.7152,873.5,975.5,fixation
10:21:18.7157,873.6,974.4,fixation
10:21:18.7161,873.7,972.5,fixation
10:21:18.7166,874.0,971.6,fixation
10:21:18.7171,874.4,973.1,fixation
10:21:18.7175,874.8,974.5,fixation
10:21:18.718,874.0,973.7,fixation
10:21:18.7185,873.0,972.3,fixation
10:21:18.7189,872.3,973.1,fixation
10:21:18.7194,872.6,975.6,fixation
10:21:18.7199,873.0,978.0,fixation
10:21:18.7203,873.1,975.3,fixation
10:21:18.7208,871.6,971.9,fixation
10:21:18.7213,870.3,968.5,fixation
10:21:18.7217,869.1,968.1,fixation
10:21:18.7221,869.3,968.0,fixation
10:21:18.7226,869.4,967.6,fixation
10:21:18.7231,869.5,967.3,fixation
10:21:18.7235,869.5,967.5,fixation
10:21:18.724,869.4,968.0,fixation
10:21:18.7245,869.3,968.5,fixation
10:21:18.7249,869.3,968.8,fixation
10:21:18.7254,868.9,969.4,fixation
10:21:18.7259,868.4,970.1,fixation
10:21:18.7263,868.0,969.5,fixation
10:21:18.7267,868.2,968.8,fixation
10:21:18.7272,869.1,969.2,fixation
10:21:18.7277,870.3,971.5,fixation
10:21:18.7281,871.1,973.8,fixation
10:21:18.7286,871.2,974.2,fixation
10:21:18.7291,871.0,973.6,fixation
10:21:18.7295,870.9,973.6,fixation
10:21:18.73,871.3,974.4,fixation
10:21:18.7305,871.9,975.3,fixation
10:21:18.7309,872.6,975.7,fixation
10:21:18.7313,872.7,975.7,fixation
10:21:18.7318,872.7,975.7,fixation
10:21:18.7323,872.8,976.3,fixation
10:21:18.7327,873.3,976.9,fixation
10:21:18.7332,873.7,976.8,fixation
10:21:18.7337,873.1,975.9,fixation
10:21:18.7341,872.1,975.0,fixation
10:21:18.7346,871.1,975.2,fixation
10:21:18.7351,870.7,975.8,fixation
10:21:18.7355,870.3,976.5,fixation
10:21:18.7359,870.0,976.9,fixation
10:21:18.7364,869.6,977.3,fixation
10:21:18.7369,868.7,978.1,fixation
10:21:18.7373,867.7,978.8,fixation
10:21:18.7378,868.2,976.4,fixation
10:21:18.7383,869.3,973.7,fixation
10:21:18.7387,870.5,972.9,fixation
10:21:18.7392,870.7,974.8,fixation
10:21:18.7397,870.2,976.5,fixation
10:21:18.7401,869.4,976.1,fixation
10:21:18.7406,869.0,976.5,fixation
10:21:18.7411,869.3,977.1,fixation
10:21:18.7416,869.7,977.8,fixation
10:21:18.7420,869.4,977.5,fixation
10:21:18.7425,869.1,977.0,fixation
10:21:18.743,868.8,976.5,fixation
10:21:18.7434,869.8,976.3,fixation
10:21:18.7439,871.0,976.5,fixation
10:21:18.7444,872.2,976.8,fixation
10:21:18.7448,872.2,977.2,fixation
10:21:18.7453,872.1,978.6,fixation
10:21:18.7458,871.6,979.7,fixation
10:21:18.7462,871.0,981.0,fixation
10:21:18.7467,870.5,981.3,fixation
10:21:18.7472,870.1,981.6,fixation
10:21:18.7477,869.7,981.7,fixation
10:21:18.7481,869.7,981.9,fixation
10:21:18.7486,870.1,981.5,fixation
10:21:18.7491,870.5,980.7,fixation
10:21:18.7495,870.6,979.7,fixation
10:21:18.75,870.5,978.9,fixation
10:21:18.7505,870.2,978.3,fixation
10:21:18.7509,870.2,978.9,fixation
10:21:18.7514,870.3,980.0,fixation
10:21:18.7519,870.7,981.1,fixation
10:21:18.7523,871.0,981.1,fixation
10:21:18.7528,871.2,980.2,fixation
10:21:18.7533,871.3,978.4,fixation
10:21:18.7538,871.2,976.2,fixation
10:21:18.7542,871.0,974.4,fixation
10:21:18.7547,871.0,973.5,fixation
10:21:18.7552,871.2,974.7,fixation
10:21:18.7556,872.6,976.8,fixation
10:21:18.7561,873.9,978.9,fixation
10:21:18.7566,874.6,979.3,fixation
10:21:18.7570,873.8,979.0,fixation
10:21:18.7575,873.1,978.7,fixation
10:21:18.758,872.9,980.4,fixation
10:21:18.7584,871.9,981.9,fixation
10:21:18.7589,870.7,982.5,fixation
10:21:18.7594,869.5,981.3,fixation
10:21:18.7599,869.4,979.9,fixation
10:21:18.7603,869.3,979.6,fixation
10:21:18.7608,869.2,979.2,fixation
10:21:18.7613,868.3,979.1,fixation
10:21:18.7617,867.0,978.7,fixation
10:21:18.7622,865.8,978.4,fixation
10:21:18.7627,865.7,978.3,fixation
10:21:18.7631,866.1,978.4,fixation
10:21:18.7636,866.5,978.3,fixation
10:21:18.7641,868.6,978.4,fixation
10:21:18.7645,870.6,979.3,fixation
10:21:18.765,872.4,980.2,fixation
10:21:18.7655,872.3,980.7,fixation
10:21:18.766,872.9,980.7,fixation
10:21:18.7664,873.5,980.6,fixation
10:21:18.7669,873.5,979.7,fixation
10:21:18.7674,872.9,979.3,fixation
10:21:18.7678,872.3,978.9,fixation
10:21:18.7683,871.8,978.6,fixation
10:21:18.7688,870.2,977.3,fixation
10:21:18.7692,868.6,976.0,fixation
10:21:18.7697,867.5,976.4,fixation
10:21:18.7702,867.4,976.1,fixation
10:21:18.7706,867.2,975.0,fixation
10:21:18.7711,867.1,973.4,fixation
10:21:18.7716,866.9,973.0,fixation
10:21:18.7721,866.8,973.8,fixation
10:21:18.7725,867.8,974.7,fixation
10:21:18.773,868.8,975.2,fixation
10:21:18.7735,869.9,975.3,fixation
10:21:18.7739,869.8,975.3,fixation
10:21:18.7744,870.0,975.7,fixation
10:21:18.7749,870.7,975.9,fixation
10:21:18.7753,871.4,975.8,fixation
10:21:18.7758,872.6,975.6,fixation
10:21:18.7763,873.2,975.6,fixation
10:21:18.7767,873.7,976.0,fixation
10:21:18.7772,873.4,976.3,fixation
10:21:18.7777,873.0,976.3,fixation
10:21:18.7782,871.9,976.0,fixation
10:21:18.7786,870.8,975.9,fixation
10:21:18.7791,869.8,977.5,fixation
10:21:18.7796,869.3,979.2,fixation
10:21:18.7800,868.5,979.8,fixation
10:21:18.7805,867.6,978.3,fixation
10:21:18.781,867.0,976.6,fixation
10:21:18.7814,866.3,975.6,fixation
10:21:18.7819,865.6,975.3,fixation
10:21:18.7824,865.3,976.8,saccade
10:21:18.7828,867.1,978.6,saccade
10:21:18.7833,868.9,980.3,saccade
10:21:18.7838,870.5,980.4,saccade
10:21:18.7842,870.5,979.7,saccade
10:21:18.7846,870.3,978.1,saccade
10:21:18.7851,870.3,976.7,saccade
10:21:18.7856,870.3,975.8,saccade
10:21:18.7860,870.3,975.9,saccade
10:21:18.7865,871.5,975.9,saccade
10:21:18.787,872.7,975.3,saccade
10:21:18.7874,873.8,974.8,saccade
10:21:18.7879,873.9,974.5,saccade
10:21:18.7884,874.2,974.8,saccade
10:21:18.7888,875.5,975.7,saccade
10:21:18.7892,877.8,977.5,saccade
10:21:18.7897,880.6,979.3,saccade
10:21:18.7902,883.3,978.5,saccade
10:21:18.7906,885.0,976.4,saccade
10:21:18.7911,886.8,974.5,saccade
10:21:18.7916,889.7,975.0,saccade
10:21:18.7920,892.7,976.6,saccade
10:21:18.7925,895.3,978.0,saccade
10:21:18.793,897.4,979.3,saccade
10:21:18.7934,900.8,977.6,saccade
10:21:18.7938,903.8,975.0,saccade
10:21:18.7943,905.8,972.2,saccade
10:21:18.7948,906.9,971.7,saccade
10:21:18.7952,907.9,971.9,saccade
10:21:18.7957,908.5,972.1,saccade
10:21:18.7962,908.6,972.1,saccade
10:21:18.7966,909.3,971.0,saccade
10:21:18.7971,910.3,970.1,saccade
10:21:18.7976,911.2,968.7,saccade
10:21:18.7980,911.4,967.8,saccade
10:21:18.7984,911.8,966.9,saccade
10:21:18.7989,912.3,966.3,saccade
10:21:18.7994,912.6,966.0,saccade
10:21:18.7998,911.6,965.3,saccade
10:21:18.8003,910.0,964.5,fixation
10:21:18.8008,909.9,964.5,fixation
10:21:18.8012,909.7,965.3,fixation
10:21:18.8017,908.7,966.0,fixation
10:21:18.8022,907.7,966.9,fixation
10:21:18.8026,906.7,967.1,fixation
10:21:18.8031,905.4,968.2,fixation
10:21:18.8036,903.8,969.6,fixation
10:21:18.8041,901.7,970.6,fixation
10:21:18.8045,900.8,970.8,fixation
10:21:18.805,900.0,970.5,fixation
10:21:18.8055,899.5,970.3,fixation
10:21:18.8059,899.0,969.8,fixation
10:21:18.8064,898.6,969.5,fixation
10:21:18.8069,898.3,968.6,fixation
10:21:18.8073,898.2,967.9,fixation
10:21:18.8078,898.1,969.7,fixation
10:21:18.8083,898.0,972.1,fixation
10:21:18.8087,897.8,974.2,fixation
10:21:18.8092,897.6,973.5,fixation
10:21:18.8097,897.6,971.9,fixation
10:21:18.8102,897.9,971.0,fixation
10:21:18.8106,898.8,970.5,fixation
10:21:18.8111,900.3,971.1,fixation
10:21:18.8116,901.7,971.7,fixation
10:21:18.8120,903.5,972.4,fixation
10:21:18.8125,904.6,973.2,fixation
10:21:18.813,905.6,973.4,fixation
10:21:18.8134,905.4,973.5,fixation
10:21:18.8139,905.1,975.0,fixation
10:21:18.8144,904.6,976.5,fixation
10:21:18.8148,903.5,977.8,fixation
10:21:18.8153,901.3,974.3,fixation
10:21:18.8158,899.3,970.9,fixation
10:21:18.8163,898.1,969.9,fixation
10:21:18.8167,898.0,972.3,fixation
10:21:18.8172,897.5,974.2,fixation
10:21:18.8177,896.5,973.3,fixation
10:21:18.8181,895.8,972.2,fixation
10:21:18.8186,895.4,972.0,fixation
10:21:18.8191,895.6,972.2,fixation
10:21:18.8195,895.8,972.8,fixation
10:21:18.82,897.1,974.4,fixation
10:21:18.8205,898.4,976.1,fixation
10:21:18.8209,899.6,977.0,fixation
10:21:18.8214,899.8,976.3,fixation
10:21:18.8219,900.2,975.8,fixation
10:21:18.8224,901.4,976.1,fixation
10:21:18.8228,902.5,976.0,fixation
10:21:18.8233,903.4,975.9,fixation
10:21:18.8238,903.4,975.6,fixation
10:21:18.8242,903.1,976.0,fixation
10:21:18.8247,902.6,976.4,fixation
10:21:18.8252,901.7,976.6,fixation
10:21:18.8256,901.0,976.6,fixation
10:21:18.8261,900.4,976.3,fixation
10:21:18.8266,900.2,976.2,fixation
10:21:18.8270,899.7,976.1,fixation
10:21:18.8275,898.1,975.8,fixation
10:21:18.828,896.8,973.9,fixation
10:21:18.8285,895.7,972.0,fixation
10:21:18.8289,895.9,971.0,fixation
10:21:18.8294,896.6,971.9,fixation
10:21:18.8299,897.2,972.6,fixation
10:21:18.8303,898.2,973.3,fixation
10:21:18.8308,898.7,973.9,fixation
10:21:18.8313,899.3,974.4,fixation
10:21:18.8317,899.6,973.8,fixation
10:21:18.8322,900.3,973.6,fixation
10:21:18.8327,901.0,973.5,fixation
10:21:18.8331,902.1,973.7,fixation
10:21:18.8336,902.5,973.7,fixation
10:21:18.8341,902.2,973.5,fixation
10:21:18.8346,901.4,973.3,fixation
10:21:18.8350,900.2,973.2,fixation
10:21:18.8355,899.8,974.1,fixation
10:21:18.836,899.5,975.1,fixation
10:21:18.8364,898.3,974.6,fixation
10:21:18.8369,896.7,971.5,fixation
10:21:18.8374,895.1,968.5,fixation
10:21:18.8378,894.8,967.1,fixation
10:21:18.8383,894.9,967.2,fixation
10:21:18.8388,894.8,967.2,fixation
10:21:18.8392,894.5,967.7,fixation
10:21:18.8397,894.2,969.0,fixation
10:21:18.8402,894.9,970.6,fixation
10:21:18.8407,895.9,971.2,fixation
10:21:18.8411,896.7,971.3,fixation
10:21:18.8416,896.7,971.0,fixation
10:21:18.8421,896.9,971.2,fixation
10:21:18.8425,897.9,971.4,fixation
10:21:18.843,898.9,971.4,fixation
10:21:18.8435,899.7,971.3,fixation
10:21:18.8439,899.8,970.9,fixation
10:21:18.8444,899.9,970.4,fixation
10:21:18.8449,899.7,970.0,fixation
10:21:18.8453,899.5,969.3,fixation
10:21:18.8458,899.3,968.9,fixation
10:21:18.8463,899.4,969.8,fixation
10:21:18.8467,899.5,971.2,fixation
10:21:18.8471,898.4,972.3,fixation
10:21:18.8476,897.1,971.9,fixation
10:21:18.8481,895.6,971.2,fixation
10:21:18.8485,895.3,970.8,fixation
10:21:18.849,895.1,970.5,fixation
10:21:18.8495,895.1,970.2,fixation
10:21:18.8499,895.3,970.0,fixation
10:21:18.8504,895.6,969.8,fixation
10:21:18.8509,895.9,970.0,fixation
10:21:18.8513,895.9,969.5,fixation
10:21:18.8517,895.8,968.3,fixation
10:21:18.8522,895.7,967.2,fixation
10:21:18.8527,895.8,968.8,fixation
10:21:18.8531,896.4,971.1,fixation
10:21:18.8536,897.0,972.1,fixation
10:21:18.8541,897.7,969.8,fixation
10:21:18.8545,898.0,967.4,fixation
10:21:18.855,898.2,966.3,fixation
10:21:18.8555,898.3,966.8,fixation
10:21:18.8559,898.3,967.5,fixation
10:21:18.8563,898.1,968.1,fixation
10:21:18.8568,897.8,968.0,fixation
10:21:18.8573,897.4,967.8,fixation
10:21:18.8577,897.3,968.0,fixation
10:21:18.8582,896.8,968.8,fixation
10:21:18.8587,896.0,969.5,fixation
10:21:18.8591,894.9,969.2,fixation
10:21:18.8596,894.3,968.5,fixation
10:21:18.8601,893.8,967.5,fixation
10:21:18.8605,893.4,967.4,fixation
10:21:18.8609,893.0,967.3,fixation
10:21:18.8614,892.8,967.4,fixation
10:21:18.8619,892.7,967.0,fixation
10:21:18.8623,892.6,966.4,fixation
10:21:18.8628,893.2,965.9,fixation
10:21:18.8633,894.0,965.8,fixation
10:21:18.8637,894.9,966.6,fixation
10:21:18.8642,895.2,968.4,fixation
10:21:18.8647,896.0,970.3,fixation
10:21:18.8651,896.7,971.6,fixation
10:21:18.8656,897.4,971.2,fixation
10:21:18.8661,897.4,970.9,fixation
10:21:18.8666,897.5,970.8,fixation
10:21:18.8670,898.0,971.1,fixation
10:21:18.8675,898.2,971.3,fixation
10:21:18.868,898.3,971.4,fixation
10:21:18.8684,897.8,969.1,fixation
10:21:18.8689,897.7,967.1,fixation
10:21:18.8694,897.0,965.1,fixation
10:21:18.8698,896.0,966.7,fixation
10:21:18.8703,895.0,968.2,fixation
10:21:18.8708,894.7,969.6,fixation
10:21:18.8712,894.2,967.6,fixation
10:21:18.8717,893.8,965.5,fixation
10:21:18.8722,893.4,963.9,fixation
10:21:18.8727,893.1,964.2,fixation
10:21:18.8731,892.5,964.4,fixation
10:21:18.8736,892.0,965.4,fixation
10:21:18.8741,891.7,966.5,fixation
10:21:18.8745,892.5,968.2,fixation
10:21:18.875,893.2,968.8,fixation
10:21:18.8755,894.4,968.3,fixation
10:21:18.8759,894.8,967.2,fixation
10:21:18.8764,895.2,966.5,fixation
10:21:18.8769,895.3,967.4,fixation
10:21:18.8773,895.3,968.2,fixation
10:21:18.8778,895.4,968.5,fixation
10:21:18.8783,895.4,968.2,fixation
10:21:18.8788,895.5,968.0,fixation
10:21:18.8792,895.4,967.9,fixation
10:21:18.8797,896.8,968.3,fixation
10:21:18.8802,898.3,968.7,fixation
10:21:18.8806,898.5,968.8,fixation
10:21:18.8811,896.8,968.4,fixation
10:21:18.8816,895.1,967.9,fixation
10:21:18.8820,894.6,967.5,fixation
10:21:18.8825,894.6,967.0,fixation
10:21:18.883,894.8,966.6,fixation
10:21:18.8834,895.1,967.4,fixation
10:21:18.8839,894.9,969.1,fixation
10:21:18.8844,894.5,970.8,fixation
10:21:18.8849,894.1,970.9,fixation
10:21:18.8853,894.2,970.5,fixation
10:21:18.8858,893.8,970.1,fixation
10:21:18.8863,893.4,970.0,fixation
10:21:18.8867,893.1,969.5,fixation
10:21:18.8872,893.3,969.1,fixation
10:21:18.8877,893.4,969.1,fixation
10:21:18.8881,893.5,969.9,fixation
10:21:18.8886,893.4,970.8,fixation
10:21:18.8891,893.4,971.3,fixation
10:21:18.8895,893.8,971.5,fixation
10:21:18.89,894.3,973.6,fixation
10:21:18.8905,895.1,975.7,fixation
10:21:18.891,895.8,975.8,fixation
10:21:18.8914,896.4,974.0,fixation
10:21:18.8919,896.6,972.2,fixation
10:21:18.8924,896.5,972.3,fixation
10:21:18.8928,896.3,972.2,fixation
10:21:18.8933,896.1,972.0,fixation
10:21:18.8938,896.7,971.6,fixation
10:21:18.8942,897.3,971.4,fixation
10:21:18.8947,898.0,971.4,fixation
10:21:18.8952,898.0,971.7,fixation
10:21:18.8956,897.8,973.5,fixation
10:21:18.8961,897.4,975.1,fixation
10:21:18.8966,896.9,976.6,fixation
10:21:18.8971,896.2,974.4,fixation
10:21:18.8975,895.6,972.2,fixation
10:21:18.898,894.9,970.5,fixation
10:21:18.8985,894.5,970.9,fixation
10:21:18.8989,894.5,971.5,fixation
10:21:18.8994,894.6,971.4,fixation
10:21:18.8999,894.6,971.3,fixation
10:21:18.9003,894.5,971.3,fixation
10:21:18.9008,894.0,971.4,fixation
10:21:18.9013,893.5,971.9,fixation
10:21:18.9017,892.9,972.4,fixation
10:21:18.9022,892.6,972.7,fixation
10:21:18.9027,892.2,972.4,fixation
10:21:18.9032,892.0,971.9,fixation
10:21:18.9036,892.1,972.2,fixation
10:21:18.9041,892.2,973.0,fixation
10:21:18.9046,892.2,973.0,fixation
10:21:18.9050,891.7,971.5,fixation
10:21:18.9055,890.9,970.0,fixation
10:21:18.906,890.3,970.0,fixation
10:21:18.9064,890.8,971.5,fixation
10:21:18.9069,891.5,973.0,fixation
10:21:18.9074,892.5,972.8,fixation
10:21:18.9078,893.0,972.1,fixation
10:21:18.9083,893.6,972.4,fixation
10:21:18.9088,893.5,973.3,fixation
10:21:18.9092,893.1,973.9,fixation
10:21:18.9096,893.0,973.5,fixation
10:21:18.9101,893.4,973.5,fixation
10:21:18.9106,893.9,974.1,fixation
10:21:18.9110,894.2,975.2,fixation
10:21:18.9115,895.2,976.4,fixation
10:21:18.912,896.1,977.3,fixation
10:21:18.9124,896.9,977.7,fixation
10:21:18.9129,897.1,977.8,fixation
10:21:18.9134,897.3,977.9,fixation
10:21:18.9138,897.3,978.4,fixation
10:21:18.9142,897.0,978.7,fixation
10:21:18.9147,896.7,979.4,fixation
10:21:18.9152,896.7,979.8,fixation
10:21:18.9156,896.8,979.5,fixation
10:21:18.9161,896.7,978.4,fixation
10:21:18.9166,896.5,977.2,fixation
10:21:18.9170,896.2,976.2,fixation
10:21:18.9175,895.9,975.5,fixation
10:21:18.918,895.7,974.8,fixation
10:21:18.9184,895.6,974.0,fixation
10:21:18.9188,895.2,973.2,fixation
10:21:18.9193,894.8,972.4,fixation
10:21:18.9198,894.4,973.3,fixation
10:21:18.9202,894.3,974.7,fixation
10:21:18.9207,894.3,976.0,fixation
10:21:18.9212,894.1,975.6,fixation
10:21:18.9216,893.8,974.7,fixation
10:21:18.9221,893.5,974.0,fixation
10:21:18.9226,893.5,973.5,fixation
10:21:18.9230,893.2,973.8,fixation
10:21:18.9234,892.8,974.4,fixation
10:21:18.9239,892.8,975.1,fixation
10:21:18.9244,893.1,973.6,fixation
10:21:18.9248,893.3,971.7,fixation
10:21:18.9253,893.3,969.9,fixation
10:21:18.9258,893.3,969.9,fixation
10:21:18.9262,893.4,970.1,fixation
10:21:18.9267,893.4,970.3,fixation
10:21:18.9272,893.3,970.5,fixation
10:21:18.9276,893.2,970.2,fixation
10:21:18.9281,893.0,969.9,fixation
10:21:18.9286,892.9,969.7,fixation
10:21:18.9291,892.9,969.8,fixation
10:21:18.9295,892.9,970.1,fixation
10:21:18.93,892.7,971.3,fixation
10:21:18.9305,892.6,972.5,fixation
10:21:18.9309,892.3,973.5,fixation
10:21:18.9314,892.2,973.6,fixation
10:21:18.9319,892.3,973.7,fixation
10:21:18.9323,892.5,973.0,fixation
10:21:18.9328,892.7,972.2,fixation
10:21:18.9333,892.7,971.4,fixation
10:21:18.9337,892.7,971.7,fixation
10:21:18.9342,892.8,971.6,fixation
10:21:18.9347,892.8,971.2,fixation
10:21:18.9352,892.8,970.7,fixation
10:21:18.9356,893.3,971.7,fixation
10:21:18.9361,893.8,973.0,fixation
10:21:18.9366,894.2,974.5,fixation
10:21:18.9370,894.0,975.0,fixation
10:21:18.9375,894.0,975.5,fixation
10:21:18.938,894.3,975.2,fixation
10:21:18.9384,894.4,974.7,fixation
10:21:18.9389,894.2,973.9,fixation
10:21:18.9394,893.9,973.6,fixation
10:21:18.9398,893.5,973.3,fixation
10:21:18.9403,893.3,973.5,fixation
10:21:18.9408,893.0,973.9,fixation
10:21:18.9413,892.9,973.9,fixation
10:21:18.9417,892.7,973.7,fixation
10:21:18.9422,893.0,975.4,fixation
10:21:18.9427,893.6,977.4,fixation
10:21:18.9431,894.2,978.8,fixation
10:21:18.9436,894.5,977.3,fixation
10:21:18.9441,894.5,976.3,fixation
10:21:18.9445,894.5,975.9,fixation
10:21:18.945,894.5,976.3,fixation
10:21:18.9455,894.9,976.4,fixation
10:21:18.9459,895.2,976.7,fixation
10:21:18.9464,895.6,977.0,fixation
10:21:18.9469,895.5,977.3,fixation
10:21:18.9474,895.2,976.7,fixation
10:21:18.9478,895.0,976.0,fixation
10:21:18.9483,894.8,976.3,fixation
10:21:18.9488,894.8,977.4,fixation
10:21:18.9492,894.7,978.3,fixation
10:21:18.9497,894.6,978.2,fixation
10:21:18.9502,894.5,977.9,fixation
10:21:18.9506,895.2,978.0,fixation
10:21:18.9511,895.8,977.7,fixation
10:21:18.9516,896.5,976.0,fixation
10:21:18.9520,895.7,974.1,fixation
10:21:18.9525,894.9,972.9,fixation
10:21:18.953,894.7,973.6,fixation
10:21:18.9535,895.4,975.5,fixation
10:21:18.9539,895.4,977.4,fixation
10:21:18.9544,894.7,978.8,fixation
10:21:18.9549,894.6,979.1,fixation
10:21:18.9553,895.1,979.2,fixation
10:21:18.9558,895.7,979.3,fixation
10:21:18.9563,896.0,978.7,fixation
10:21:18.9567,896.3,977.9,fixation
10:21:18.9572,896.6,978.6,fixation
10:21:18.9577,896.7,980.1,fixation
10:21:18.9581,896.7,980.6,fixation
10:21:18.9586,896.8,979.7,fixation
10:21:18.9591,896.8,978.8,fixation
10:21:18.9596,896.9,978.8,fixation
10:21:18.9600,896.9,978.8,fixation
10:21:18.9605,896.9,978.7,fixation
10:21:18.961,896.9,978.7,fixation
10:21:18.9614,896.6,977.4,fixation
10:21:18.9619,896.3,976.6,fixation
10:21:18.9624,896.1,975.7,fixation
10:21:18.9628,896.1,976.0,fixation
10:21:18.9633,896.0,977.4,fixation
10:21:18.9638,895.9,979.0,fixation
10:21:18.9642,895.9,980.6,fixation
10:21:18.9647,896.0,980.4,fixation
10:21:18.9652,895.8,979.9,fixation
10:21:18.9657,895.4,978.7,fixation
10:21:18.9661,895.2,978.2,fixation
10:21:18.9666,895.7,977.9,fixation
10:21:18.9671,896.1,978.3,fixation
10:21:18.9675,896.2,978.1,fixation
10:21:18.968,895.2,977.8,fixation
10:21:18.9685,894.3,978.0,fixation
10:21:18.9689,894.1,978.4,fixation
10:21:18.9694,894.9,979.0,fixation
10:21:18.9699,895.7,979.0,fixation
10:21:18.9703,895.8,979.0,fixation
10:21:18.9708,895.9,979.3,fixation
10:21:18.9713,896.0,980.7,fixation
10:21:18.9717,896.1,983.3,saccade
10:21:18.9721,895.8,983.4,saccade
10:21:18.9726,895.6,983.3,saccade
10:21:18.9731,895.4,982.7,saccade
10:21:18.9735,895.2,979.6,saccade
10:21:18.974,895.4,976.8,saccade
10:21:18.9745,896.4,974.4,saccade
10:21:18.9749,897.4,974.5,saccade
10:21:18.9754,897.8,974.5,saccade
10:21:18.9759,897.2,971.7,saccade
10:21:18.9763,896.5,969.6,saccade
10:21:18.9767,896.2,967.7,saccade
10:21:18.9772,895.7,966.3,saccade
10:21:18.9777,895.2,963.8,saccade
10:21:18.9781,894.4,958.9,saccade
10:21:18.9786,893.8,956.1,saccade
10:21:18.9791,893.0,952.4,saccade
10:21:18.9795,892.3,948.4,saccade
10:21:18.98,891.9,942.6,saccade
10:21:18.9805,891.8,937.9,saccade
10:21:18.9809,891.9,933.2,saccade
10:21:18.9813,892.0,930.5,saccade
10:21:18.9818,891.7,924.6,saccade
10:21:18.9823,891.2,920.5,saccade
10:21:18.9827,890.7,913.7,saccade
10:21:18.9832,889.8,908.3,saccade
10:21:18.9837,888.9,903.2,saccade
10:21:18.9841,887.9,899.2,saccade
10:21:18.9846,886.6,894.3,saccade
10:21:18.9851,885.3,890.1,saccade
10:21:18.9855,884.2,888.1,saccade
10:21:18.9859,884.2,888.5,saccade
10:21:18.9864,884.2,888.0,saccade
10:21:18.9869,884.3,885.7,saccade
10:21:18.9873,883.7,883.4,saccade
10:21:18.9878,883.2,883.9,saccade
10:21:18.9883,882.1,885.7,saccade
10:21:18.9887,881.4,887.5,saccade
10:21:18.9892,880.6,888.1,saccade
10:21:18.9897,880.4,889.6,saccade
10:21:18.9901,880.5,891.3,saccade
10:21:18.9906,880.7,892.5,saccade
10:21:18.9911,880.8,894.1,saccade
10:21:18.9916,880.6,898.6,fixation
10:21:18.9920,880.7,901.4,fixation
10:21:18.9925,881.1,903.4,fixation
10:21:18.993,881.6,905.2,fixation
10:21:18.9934,881.8,905.2,fixation
10:21:18.9939,882.2,905.8,fixation
10:21:18.9944,882.7,906.9,fixation
10:21:18.9948,883.2,908.3,fixation
10:21:18.9953,883.3,909.2,fixation
10:21:18.9958,883.7,909.5,fixation
10:21:18.9962,884.3,909.6,fixation
10:21:18.9967,884.9,909.7,fixation
10:21:18.9972,885.2,909.8,fixation
10:21:18.9977,885.3,911.0,fixation
10:21:18.9981,885.4,912.7,fixation
10:21:18.9986,885.6,914.3,fixation
10:21:18.9991,885.7,914.8,fixation
10:21:18.9995,885.9,915.4,fixation
10:21:19.,885.6,915.9,fixation
10:21:19.0005,885.2,916.3,fixation
10:21:19.0009,884.8,916.4,fixation
10:21:19.0014,885.0,916.7,fixation
10:21:19.0019,885.3,916.6,fixation
10:21:19.0023,885.6,916.2,fixation
10:21:19.0028,884.9,915.6,fixation
10:21:19.0033,884.1,913.9,fixation
10:21:19.0038,883.3,912.1,fixation
10:21:19.0042,883.3,911.7,fixation
10:21:19.0047,883.4,912.9,fixation
10:21:19.0052,883.6,916.0,fixation
10:21:19.0056,884.0,918.1,fixation
10:21:19.0061,884.4,917.4,fixation
10:21:19.0066,884.8,915.7,fixation
10:21:19.0070,884.9,914.6,fixation
10:21:19.0075,885.3,916.2,fixation
10:21:19.008,885.7,916.9,fixation
10:21:19.0084,885.9,915.3,fixation
10:21:19.0089,885.4,912.3,fixation
10:21:19.0094,884.7,909.2,fixation
10:21:19.0099,884.3,909.7,fixation
10:21:19.0103,885.2,911.7,fixation
10:21:19.0108,886.0,912.8,fixation
10:21:19.0113,886.1,911.8,fixation
10:21:19.0117,885.6,910.6,fixation
10:21:19.0122,885.1,910.5,fixation
10:21:19.0127,885.1,910.6,fixation
10:21:19.0131,885.1,911.0,fixation
10:21:19.0136,885.0,911.7,fixation
10:21:19.0141,885.3,912.3,fixation
10:21:19.0145,885.7,912.9,fixation
10:21:19.015,886.1,913.1,fixation
10:21:19.0155,885.5,912.1,fixation
10:21:19.016,884.8,910.9,fixation
10:21:19.0164,884.3,909.6,fixation
10:21:19.0169,884.8,909.5,fixation
10:21:19.0174,885.3,909.3,fixation
10:21:19.0178,885.8,909.4,fixation
10:21:19.0183,886.0,911.2,fixation
10:21:19.0188,886.3,913.0,fixation
10:21:19.0192,885.8,914.2,fixation
10:21:19.0197,885.1,913.5,fixation
10:21:19.0202,885.1,914.3,fixation
10:21:19.0206,885.7,915.7,fixation
10:21:19.0211,886.3,917.0,fixation
10:21:19.0216,886.3,917.0,fixation
10:21:19.0221,885.6,916.7,fixation
10:21:19.0225,884.9,916.4,fixation
10:21:19.023,884.3,916.0,fixation
10:21:19.0235,884.4,915.9,fixation
10:21:19.0239,885.0,916.1,fixation
10:21:19.0244,885.6,914.9,fixation
10:21:19.0249,886.2,913.6,fixation
10:21:19.0253,886.2,912.2,fixation
10:21:19.0258,886.0,911.0,fixation
10:21:19.0263,886.4,909.9,fixation
10:21:19.0267,886.9,910.9,fixation
10:21:19.0272,887.3,912.9,fixation
10:21:19.0277,887.2,914.4,fixation
10:21:19.0282,887.1,913.9,fixation
10:21:19.0286,886.9,913.5,fixation
10:21:19.0291,886.7,913.6,fixation
10:21:19.0296,886.0,913.6,fixation
10:21:19.0300,885.4,913.4,fixation
10:21:19.0305,885.2,913.3,fixation
10:21:19.031,885.4,913.5,fixation
10:21:19.0314,886.1,913.9,fixation
10:21:19.0319,886.6,914.2,fixation
10:21:19.0324,886.8,914.5,fixation
10:21:19.0328,886.3,914.6,fixation
10:21:19.0333,885.9,914.6,fixation
10:21:19.0338,885.4,915.0,fixation
10:21:19.0342,885.2,915.6,fixation
10:21:19.0346,885.0,916.4,fixation
10:21:19.0351,885.3,916.5,fixation
10:21:19.0356,885.8,916.2,fixation
10:21:19.0360,886.2,915.8,fixation
10:21:19.0365,886.2,915.6,fixation
10:21:19.037,886.2,916.1,fixation
10:21:19.0374,886.3,916.5,fixation
10:21:19.0379,886.4,916.4,fixation
10:21:19.0384,886.6,916.0,fixation
10:21:19.0388,886.9,917.7,fixation
10:21:19.0392,887.1,919.6,fixation
10:21:19.0397,887.3,920.0,fixation
10:21:19.0402,887.4,918.5,fixation
10:21:19.0406,887.5,917.0,fixation
10:21:19.0411,887.4,916.1,fixation
10:21:19.0416,887.1,915.5,fixation
10:21:19.0420,886.8,914.9,fixation
10:21:19.0425,886.9,915.6,fixation
10:21:19.043,887.0,915.9,fixation
10:21:19.0434,886.4,916.2,fixation
10:21:19.0438,885.8,917.9,fixation
10:21:19.0443,885.3,920.4,fixation
10:21:19.0448,885.3,923.0,fixation
10:21:19.0452,885.3,922.4,fixation
10:21:19.0457,885.3,920.8,fixation
10:21:19.0462,885.3,919.0,fixation
10:21:19.0466,885.5,918.6,fixation
10:21:19.0471,885.8,919.7,fixation
10:21:19.0476,885.7,919.9,fixation
10:21:19.0480,885.5,919.2,fixation
10:21:19.0484,885.2,917.1,fixation
10:21:19.0489,885.4,916.5,fixation
10:21:19.0494,885.6,916.8,fixation
10:21:19.0498,886.0,917.1,fixation
10:21:19.0503,886.3,916.1,fixation
10:21:19.0508,886.7,915.2,fixation
10:21:19.0512,886.9,915.4,fixation
10:21:19.0517,886.2,916.3,fixation
10:21:19.0522,885.6,917.1,fixation
10:21:19.0526,884.9,916.8,fixation
10:21:19.0531,884.8,916.7,fixation
10:21:19.0536,884.8,917.2,fixation
10:21:19.0541,884.9,918.3,fixation
10:21:19.0545,885.0,919.4,fixation
10:21:19.055,884.8,919.9,fixation
10:21:19.0555,884.6,919.6,fixation
10:21:19.0559,884.4,919.2,fixation
10:21:19.0564,884.5,918.9,fixation
10:21:19.0569,884.6,918.0,fixation
10:21:19.0573,884.7,917.0,fixation
10:21:19.0578,884.6,916.0,fixation
10:21:19.0583,884.4,915.9,fixation
10:21:19.0587,884.3,915.6,fixation
10:21:19.0592,884.2,915.2,fixation
10:21:19.0597,884.4,914.8,fixation
10:21:19.0602,884.6,914.7,fixation
10:21:19.0606,884.8,914.7,fixation
10:21:19.0611,884.8,914.5,fixation
10:21:19.0616,884.8,914.2,fixation
10:21:19.0620,884.7,915.6,fixation
10:21:19.0625,884.7,917.2,fixation
10:21:19.063,885.5,919.0,fixation
10:21:19.0634,886.2,919.4,fixation
10:21:19.0639,886.6,919.6,fixation
10:21:19.0644,886.0,919.0,fixation
10:21:19.0648,885.5,918.6,fixation
10:21:19.0653,886.0,918.2,fixation
10:21:19.0658,887.0,917.5,fixation
10:21:19.0663,887.9,916.5,fixation
10:21:19.0667,888.2,915.5,fixation
10:21:19.0672,888.1,915.5,fixation
10:21:19.0677,888.1,916.2,fixation
10:21:19.0681,888.1,917.0,fixation
10:21:19.0686,888.1,917.8,fixation
10:21:19.0691,888.4,918.2,fixation
10:21:19.0695,888.6,918.6,fixation
10:21:19.07,888.6,919.1,fixation
10:21:19.0705,888.3,919.4,fixation
10:21:19.0709,888.3,919.6,fixation
10:21:19.0714,888.4,919.7,fixation
10:21:19.0719,888.7,921.7,fixation
10:21:19.0724,888.8,923.4,fixation
10:21:19.0728,888.9,924.8,fixation
10:21:19.0733,888.6,923.7,fixation
10:21:19.0738,887.9,922.8,fixation
10:21:19.0742,887.5,922.3,fixation
10:21:19.0747,887.5,922.5,fixation
10:21:19.0752,887.8,922.7,fixation
10:21:19.0756,888.0,923.2,fixation
10:21:19.0761,888.0,923.6,fixation
10:21:19.0766,887.9,924.0,fixation
10:21:19.0770,887.6,923.9,fixation
10:21:19.0775,887.4,923.9,fixation
10:21:19.078,887.3,923.9,fixation
10:21:19.0785,886.7,922.4,fixation
10:21:19.0789,886.2,921.0,fixation
10:21:19.0794,885.7,920.9,fixation
10:21:19.0799,885.8,922.2,fixation
10:21:19.0803,885.8,923.1,fixation
10:21:19.0808,885.8,921.2,fixation
10:21:19.0813,884.9,918.6,fixation
10:21:19.0817,884.0,916.4,fixation
10:21:19.0822,883.6,915.7,fixation
10:21:19.0827,884.3,916.2,fixation
10:21:19.0831,884.9,916.4,fixation
10:21:19.0836,885.0,916.5,fixation
10:21:19.0841,884.9,915.8,fixation
10:21:19.0846,884.8,915.0,fixation
10:21:19.0850,885.1,914.4,fixation
10:21:19.0855,885.9,916.7,fixation
10:21:19.086,887.0,919.4,fixation
10:21:19.0864,887.8,922.0,fixation
10:21:19.0869,887.8,922.0,fixation
10:21:19.0874,887.5,922.1,fixation
10:21:19.0878,887.1,922.3,fixation
10:21:19.0883,887.1,923.1,fixation
10:21:19.0888,887.1,923.6,fixation
10:21:19.0892,887.1,922.6,fixation
10:21:19.0897,886.9,921.2,fixation
10:21:19.0902,886.0,919.6,fixation
10:21:19.0907,885.1,920.0,fixation
10:21:19.0911,885.1,921.2,fixation
10:21:19.0916,885.8,922.6,fixation
10:21:19.0921,886.2,923.5,fixation
10:21:19.0925,885.6,924.1,fixation
10:21:19.093,884.9,924.9,fixation
10:21:19.0935,884.4,925.6,fixation
10:21:19.0939,884.4,924.5,fixation
10:21:19.0944,884.4,922.7,fixation
10:21:19.0949,884.4,920.9,fixation
10:21:19.0953,884.3,920.4,fixation
10:21:19.0958,884.2,920.3,fixation
10:21:19.0963,884.1,919.7,fixation
10:21:19.0967,883.9,918.8,fixation
10:21:19.0971,883.7,917.9,fixation
10:21:19.0976,883.6,917.4,fixation
10:21:19.0981,883.6,917.3,fixation
10:21:19.0985,884.4,917.4,fixation
10:21:19.099,885.6,918.4,fixation
10:21:19.0995,886.8,919.7,fixation
10:21:19.0999,887.3,920.9,fixation
10:21:19.1004,887.2,922.0,fixation
10:21:19.1009,887.0,922.8,fixation
10:21:19.1013,886.7,923.6,fixation
10:21:19.1017,886.4,924.8,fixation
10:21:19.1022,886.2,926.1,fixation
10:21:19.1027,886.3,927.4,fixation
10:21:19.1031,886.4,927.4,fixation
10:21:19.1036,886.4,926.9,fixation
10:21:19.1041,885.8,925.5,fixation
10:21:19.1045,884.8,923.0,fixation
10:21:19.105,883.9,921.0,fixation
10:21:19.1055,883.7,919.9,fixation
10:21:19.1059,883.6,920.1,fixation
10:21:19.1063,882.8,920.2,fixation
10:21:19.1068,882.1,918.9,fixation
10:21:19.1073,882.0,917.6,fixation
10:21:19.1077,882.6,916.7,fixation
10:21:19.1082,883.1,918.1,fixation
10:21:19.1087,883.2,919.4,fixation
10:21:19.1091,883.9,920.4,fixation
10:21:19.1096,884.4,920.0,fixation
10:21:19.1101,884.9,919.5,fixation
10:21:19.1105,885.2,919.9,fixation
10:21:19.1109,885.7,920.9,fixation
10:21:19.1114,887.1,920.4,fixation
10:21:19.1119,887.8,919.0,fixation
10:21:19.1123,888.5,919.7,fixation
10:21:19.1128,888.5,921.8,fixation
10:21:19.1133,888.4,924.1,fixation
10:21:19.1137,888.0,924.1,fixation
10:21:19.1142,887.6,924.0,fixation
10:21:19.1147,886.8,923.6,fixation
10:21:19.1151,886.5,923.1,fixation
10:21:19.1156,885.4,922.6,fixation
10:21:19.1161,884.7,922.8,fixation
10:21:19.1166,884.1,923.0,fixation
10:21:19.1170,884.1,923.4,fixation
10:21:19.1175,883.8,923.3,fixation
10:21:19.118,883.6,923.3,fixation
10:21:19.1184,883.7,923.4,fixation
10:21:19.1189,884.3,923.1,fixation
10:21:19.1194,884.7,922.6,fixation
10:21:19.1198,884.7,922.0,fixation
10:21:19.1203,885.6,922.1,fixation
10:21:19.1208,886.6,922.1,fixation
10:21:19.1212,887.2,921.8,fixation
10:21:19.1217,886.7,922.1,fixation
10:21:19.1222,887.0,923.5,fixation
10:21:19.1227,887.8,925.0,fixation
10:21:19.1231,888.5,925.6,fixation
10:21:19.1236,888.3,925.3,fixation
10:21:19.1241,887.5,925.0,fixation
10:21:19.1245,886.7,924.8,fixation
10:21:19.125,886.2,923.2,fixation
10:21:19.1255,886.6,922.3,fixation
10:21:19.1259,886.7,921.7,fixation
10:21:19.1264,886.6,922.5,fixation
10:21:19.1269,886.5,923.9,fixation
10:21:19.1273,886.3,925.1,fixation
10:21:19.1278,886.0,925.9,fixation
10:21:19.1283,885.3,924.9,fixation
10:21:19.1288,884.8,924.2,fixation
10:21:19.1292,884.6,924.1,fixation
10:21:19.1297,884.8,924.3,fixation
10:21:19.1302,884.8,924.0,fixation
10:21:19.1306,884.5,923.6,fixation
10:21:19.1311,884.3,923.4,fixation
10:21:19.1316,884.3,923.6,fixation
10:21:19.1320,884.2,923.7,fixation
10:21:19.1325,884.2,923.9,fixation
10:21:19.133,885.1,923.9,fixation
10:21:19.1334,885.9,923.4,fixation
10:21:19.1339,886.8,923.3,fixation
10:21:19.1344,886.9,923.4,fixation
10:21:19.1349,887.0,924.2,fixation
10:21:19.1353,887.1,924.7,fixation
10:21:19.1358,886.6,924.6,fixation
10:21:19.1363,885.8,923.6,fixation
10:21:19.1367,884.9,922.5,fixation
10:21:19.1372,884.6,921.6,fixation
10:21:19.1377,884.6,922.2,fixation
10:21:19.1381,884.6,923.6,fixation
10:21:19.1386,885.1,924.9,fixation
10:21:19.1391,885.6,925.7,fixation
10:21:19.1395,886.1,925.6,fixation
10:21:19.14,886.3,925.0,fixation
10:21:19.1405,886.5,924.5,fixation
10:21:19.141,886.6,924.0,fixation
10:21:19.1414,886.6,924.0,fixation
10:21:19.1419,886.6,922.7,fixation
10:21:19.1424,885.4,920.4,fixation
10:21:19.1428,884.2,918.2,fixation
10:21:19.1433,883.5,918.7,fixation
10:21:19.1438,884.4,920.0,fixation
10:21:19.1442,885.2,921.1,fixation
10:21:19.1447,885.4,920.9,fixation
10:21:19.1452,885.1,920.9,fixation
10:21:19.1456,884.8,921.0,fixation
10:21:19.1461,884.7,921.1,fixation
10:21:19.1466,884.7,920.9,fixation
10:21:19.1471,884.8,920.6,fixation
10:21:19.1475,885.0,920.3,fixation
10:21:19.148,885.1,919.2,fixation
10:21:19.1485,885.4,918.2,fixation
10:21:19.1489,885.4,917.4,fixation
10:21:19.1494,885.3,917.6,fixation
10:21:19.1499,885.2,917.6,fixation
10:21:19.1503,884.6,917.3,fixation
10:21:19.1508,884.1,916.9,fixation
10:21:19.1513,883.4,916.5,fixation
10:21:19.1517,883.2,916.2,fixation
10:21:19.1522,882.8,916.5,fixation
10:21:19.1527,882.7,917.9,fixation
10:21:19.1532,883.0,919.3,fixation
10:21:19.1536,883.9,920.3,fixation
10:21:19.1541,884.9,920.5,fixation
10:21:19.1546,885.2,920.5,fixation
10:21:19.1550,885.1,918.8,fixation
10:21:19.1555,884.9,917.2,fixation
10:21:19.156,884.8,917.9,fixation
10:21:19.1564,884.7,920.1,fixation
10:21:19.1569,884.7,919.5,fixation
10:21:19.1574,884.6,916.5,fixation
10:21:19.1578,884.6,914.6,fixation
10:21:19.1583,884.6,916.2,fixation
10:21:19.1588,884.6,918.2,fixation
10:21:19.1592,884.6,919.1,fixation
10:21:19.1596,884.3,918.5,fixation
10:21:19.1601,883.6,917.5,fixation
10:21:19.1606,883.0,917.5,fixation
10:21:19.1610,882.7,918.5,fixation
10:21:19.1615,883.0,919.1,fixation
10:21:19.162,883.4,918.8,fixation
10:21:19.1624,883.8,918.5,fixation
10:21:19.1629,884.0,915.9,fixation
10:21:19.1634,884.0,913.3,fixation
10:21:19.1638,884.1,913.6,fixation
10:21:19.1642,884.3,916.5,fixation
10:21:19.1647,884.7,919.4,fixation
10:21:19.1652,885.0,919.1,fixation
10:21:19.1656,885.5,918.9,fixation
10:21:19.1661,885.7,918.8,fixation
10:21:19.1666,885.5,918.7,fixation
10:21:19.1670,885.6,918.5,fixation
10:21:19.1675,885.7,918.4,fixation
10:21:19.168,886.0,917.6,fixation
10:21:19.1684,886.1,916.7,fixation
10:21:19.1688,886.3,915.8,fixation
10:21:19.1693,885.2,915.1,fixation
10:21:19.1698,883.9,914.3,fixation
10:21:19.1702,882.7,914.3,fixation
10:21:19.1707,883.3,916.2,fixation
10:21:19.1712,884.4,918.1,fixation
10:21:19.1716,885.5,919.3,fixation
10:21:19.1721,886.2,919.1,fixation
10:21:19.1726,886.4,918.9,fixation
10:21:19.1730,886.1,918.2,fixation
10:21:19.1734,885.6,917.6,fixation
10:21:19.1739,885.1,917.2,fixation
10:21:19.1744,885.1,917.2,fixation
10:21:19.1748,884.9,916.2,fixation
10:21:19.1753,884.6,915.1,fixation
10:21:19.1758,884.3,914.0,fixation
10:21:19.1762,884.5,913.9,fixation
10:21:19.1767,884.8,914.1,fixation
10:21:19.1772,885.1,914.5,fixation
10:21:19.1776,884.4,912.5,fixation
10:21:19.1781,883.7,910.1,fixation
10:21:19.1786,883.1,908.3,fixation
10:21:19.1791,883.7,910.4,fixation
10:21:19.1795,884.5,912.5,fixation
10:21:19.18,885.7,915.9,fixation
10:21:19.1805,886.4,917.7,fixation
10:21:19.1809,886.3,919.4,fixation
10:21:19.1814,885.8,918.4,fixation
10:21:19.1819,885.2,917.5,fixation
10:21:19.1823,885.2,916.5,fixation
10:21:19.1828,885.4,916.4,fixation
10:21:19.1833,885.1,916.1,fixation
10:21:19.1837,884.9,916.0,fixation
10:21:19.1842,884.5,916.0,fixation
10:21:19.1847,884.6,915.9,fixation
10:21:19.1852,884.7,915.8,fixation
10:21:19.1856,884.8,915.6,fixation
10:21:19.1861,885.0,915.4,fixation
10:21:19.1866,884.5,915.5,fixation
10:21:19.1870,884.0,915.7,fixation
10:21:19.1875,883.4,916.1,fixation
10:21:19.188,883.1,916.2,fixation
10:21:19.1884,882.9,916.3,fixation
10:21:19.1889,882.4,916.2,fixation
10:21:19.1894,882.0,916.2,fixation
10:21:19.1898,881.6,916.1,fixation
10:21:19.1903,882.3,916.2,fixation
10:21:19.1908,883.3,916.4,fixation
10:21:19.1913,884.4,916.5,fixation
10:21:19.1917,884.6,917.1,fixation
10:21:19.1922,884.7,917.7,fixation
10:21:19.1927,884.7,919.0,fixation
10:21:19.1931,884.3,919.4,fixation
10:21:19.1936,883.2,919.1,fixation
10:21:19.1941,882.2,918.5,fixation
10:21:19.1945,881.2,918.2,fixation
10:21:19.195,880.8,918.1,fixation
10:21:19.1955,880.4,917.7,fixation
10:21:19.1959,880.8,917.0,fixation
10:21:19.1964,881.4,916.1,fixation
10:21:19.1969,882.1,914.9,fixation
10:21:19.1974,882.0,913.6,fixation
10:21:19.1978,881.8,912.8,fixation
10:21:19.1983,881.5,912.0,fixation
10:21:19.1988,881.2,911.4,fixation
10:21:19.1992,881.9,910.9,fixation
10:21:19.1997,882.6,910.6,fixation
10:21:19.2002,883.5,911.1,fixation
10:21:19.2006,883.7,912.5,fixation
10:21:19.2011,883.9,914.2,fixation
10:21:19.2016,884.5,915.6,fixation
10:21:19.2020,884.9,915.7,fixation
10:21:19.2025,885.0,915.3,fixation
10:21:19.203,884.6,914.7,fixation
10:21:19.2035,883.9,914.4,fixation
10:21:19.2039,883.5,914.6,fixation
10:21:19.2044,882.7,914.5,fixation
10:21:19.2049,882.1,914.5,fixation
10:21:19.2053,882.2,913.9,fixation
10:21:19.2058,882.7,913.6,fixation
10:21:19.2063,883.3,914.5,fixation
10:21:19.2067,883.5,915.8,fixation
10:21:19.2072,883.7,917.0,fixation
10:21:19.2077,883.9,917.0,fixation
10:21:19.2081,883.8,916.6,fixation
10:21:19.2086,883.4,916.1,fixation
10:21:19.2091,882.9,916.8,fixation
10:21:19.2096,882.6,918.0,fixation
10:21:19.2100,882.1,917.5,fixation
10:21:19.2105,881.6,916.5,fixation
10:21:19.211,881.4,915.5,fixation
10:21:19.2114,881.7,916.1,fixation
10:21:19.2119,882.0,916.1,fixation
10:21:19.2124,881.8,916.0,fixation
10:21:19.2128,881.7,916.2,fixation
10:21:19.2133,881.7,916.5,fixation
10:21:19.2138,882.1,915.2,fixation
10:21:19.2142,882.4,914.1,fixation
10:21:19.2147,883.0,913.3,fixation
10:21:19.2152,883.6,914.1,fixation
10:21:19.2157,884.2,914.5,fixation
10:21:19.2161,884.5,913.6,fixation
10:21:19.2166,884.8,912.8,fixation
10:21:19.2171,885.1,912.5,fixation
10:21:19.2175,885.5,914.3,fixation
10:21:19.218,885.5,915.7,fixation
10:21:19.2185,885.2,916.5,fixation
10:21:19.2189,884.2,916.0,fixation
10:21:19.2194,882.9,915.8,fixation
10:21:19.2199,881.7,915.8,fixation
10:21:19.2203,881.1,915.4,fixation
10:21:19.2208,881.0,915.1,fixation
10:21:19.2213,881.5,914.7,fixation
10:21:19.2217,882.0,914.3,fixation
10:21:19.2221,882.5,913.9,fixation
10:21:19.2226,882.3,913.0,fixation
10:21:19.2231,882.1,912.7,fixation
10:21:19.2235,882.9,913.0,fixation
10:21:19.224,883.7,914.2,fixation
10:21:19.2245,884.4,915.4,fixation
10:21:19.2249,884.4,915.9,fixation
10:21:19.2254,884.1,915.2,fixation
10:21:19.2259,883.8,914.4,fixation
10:21:19.2263,883.5,914.8,fixation
10:21:19.2267,883.3,915.9,fixation
10:21:19.2272,883.1,916.0,fixation
10:21:19.2277,883.1,915.0,fixation
10:21:19.2281,883.2,914.5,fixation
10:21:19.2286,882.9,914.9,fixation
10:21:19.2291,882.5,915.8,fixation
10:21:19.2295,882.2,916.2,fixation
10:21:19.23,882.2,916.7,fixation
10:21:19.2305,882.6,916.7,fixation
10:21:19.2309,882.9,916.7,fixation
10:21:19.2313,882.9,916.8,fixation
10:21:19.2318,882.7,916.6,fixation
10:21:19.2323,882.4,916.4,fixation
10:21:19.2327,882.4,916.7,fixation
10:21:19.2332,882.4,917.3,fixation
10:21:19.2337,882.5,915.9,fixation
10:21:19.2341,883.3,914.0,fixation
10:21:19.2346,884.2,912.8,fixation
10:21:19.2351,884.2,913.2,fixation
10:21:19.2355,882.5,913.1,fixation
10:21:19.2359,881.2,912.4,fixation
10:21:19.2364,880.6,912.6,fixation
10:21:19.2369,881.0,913.1,fixation
10:21:19.2373,881.2,913.5,fixation
10:21:19.2378,881.3,914.4,fixation
10:21:19.2383,881.4,915.5,fixation
10:21:19.2387,881.9,916.5,fixation
10:21:19.2392,882.5,916.2,fixation
10:21:19.2397,881.9,914.9,fixation
10:21:19.2401,880.7,913.7,fixation
10:21:19.2406,879.8,912.7,fixation
10:21:19.2411,880.4,911.1,fixation
10:21:19.2416,881.2,908.7,fixation
10:21:19.2420,881.8,906.3,fixation
10:21:19.2425,881.7,907.2,fixation
10:21:19.243,881.1,908.9,fixation
10:21:19.2434,880.4,910.7,fixation
10:21:19.2439,880.1,910.7,fixation
10:21:19.2444,880.3,910.8,fixation
10:21:19.2448,880.6,911.3,fixation
10:21:19.2453,880.9,912.0,fixation
10:21:19.2458,881.1,912.2,fixation
10:21:19.2462,881.2,912.0,fixation
10:21:19.2467,881.3,912.8,fixation
10:21:19.2472,881.7,913.9,fixation
10:21:19.2477,882.1,915.0,fixation
10:21:19.2481,882.5,912.7,fixation
10:21:19.2486,882.5,910.4,fixation
10:21:19.2491,882.0,907.9,fixation
10:21:19.2495,881.5,907.8,fixation
10:21:19.25,881.0,907.6,fixation
10:21:19.2505,881.0,908.5,fixation
10:21:19.2509,881.1,909.4,fixation
10:21:19.2514,881.1,911.2,fixation
10:21:19.2519,881.0,912.1,fixation
10:21:19.2523,881.0,913.1,fixation
10:21:19.2528,881.1,913.1,fixation
10:21:19.2533,881.1,912.8,fixation
10:21:19.2538,881.5,912.3,fixation
10:21:19.2542,881.7,911.9,fixation
10:21:19.2547,881.9,911.6,fixation
10:21:19.2552,881.8,911.6,fixation
10:21:19.2556,881.8,910.5,fixation
10:21:19.2561,881.9,909.4,fixation
10:21:19.2566,882.0,908.3,fixation
10:21:19.2570,882.0,908.3,fixation
10:21:19.2575,882.6,908.9,fixation
10:21:19.258,883.1,909.6,fixation
10:21:19.2584,883.5,910.3,fixation
10:21:19.2589,883.0,910.4,fixation
10:21:19.2594,882.6,910.4,fixation
10:21:19.2599,882.4,910.4,fixation
10:21:19.2603,881.9,910.2,fixation
10:21:19.2608,881.3,910.1,fixation
10:21:19.2613,881.2,910.0,fixation
10:21:19.2617,882.7,909.9,saccade
10:21:19.2622,882.9,908.2,saccade
10:21:19.2627,883.1,906.5,saccade
10:21:19.2631,883.1,906.8,saccade
10:21:19.2636,883.1,907.3,saccade
10:21:19.2641,882.9,908.3,saccade
10:21:19.2645,882.6,907.6,saccade
10:21:19.265,882.1,909.4,saccade
10:21:19.2655,882.0,910.7,saccade
10:21:19.266,882.3,910.7,saccade
10:21:19.2664,883.3,909.9,saccade
10:21:19.2669,884.4,909.0,saccade
10:21:19.2674,885.0,909.0,saccade
10:21:19.2678,885.2,908.8,saccade
10:21:19.2683,884.8,906.5,saccade
10:21:19.2688,882.2,899.4,saccade
10:21:19.2692,879.7,891.0,saccade
10:21:19.2697,877.0,881.9,saccade
10:21:19.2702,876.4,877.6,saccade
10:21:19.2706,875.6,872.6,saccade
10:21:19.2711,875.0,867.4,saccade
10:21:19.2716,873.5,858.2,saccade
10:21:19.2721,869.1,847.2,saccade
10:21:19.2725,863.7,836.8,saccade
10:21:19.273,858.4,829.5,saccade
10:21:19.2735,856.3,822.8,saccade
10:21:19.2739,853.5,815.6,saccade
10:21:19.2744,850.4,806.4,saccade
10:21:19.2749,845.9,793.3,saccade
10:21:19.2753,841.8,780.0,saccade
10:21:19.2758,836.8,767.7,saccade
10:21:19.2763,832.5,755.9,saccade
10:21:19.2767,828.5,743.7,saccade
10:21:19.2772,825.6,731.3,saccade
10:21:19.2777,822.7,723.5,saccade
10:21:19.2782,819.2,715.9,saccade
10:21:19.2786,815.8,707.7,saccade
10:21:19.2791,811.8,697.2,saccade
10:21:19.2796,809.0,683.5,saccade
10:21:19.2800,806.9,666.9,saccade
10:21:19.2805,806.1,654.4,saccade
10:21:19.281,805.1,641.2,saccade
10:21:19.2814,802.5,632.2,saccade
10:21:19.2819,799.1,619.0,saccade
10:21:19.2824,796.0,607.0,saccade
10:21:19.2828,794.6,594.8,saccade
10:21:19.2833,794.0,582.4,saccade
10:21:19.2838,794.2,573.4,saccade
10:21:19.2842,793.0,562.6,saccade
10:21:19.2846,790.8,551.9,saccade
10:21:19.2851,788.7,541.7,saccade
10:21:19.2856,788.2,532.9,saccade
10:21:19.2860,789.1,527.3,saccade
10:21:19.2865,790.7,521.5,saccade
10:21:19.287,792.1,515.7,saccade
10:21:19.2874,793.0,510.8,saccade
10:21:19.2879,792.9,501.8,saccade
10:21:19.2884,792.8,495.1,saccade
10:21:19.2888,794.0,488.5,saccade
10:21:19.2892,795.4,483.3,saccade
10:21:19.2897,796.5,473.5,saccade
10:21:19.2902,795.8,461.1,saccade
10:21:19.2906,794.5,451.3,saccade
10:21:19.2911,792.6,440.4,saccade
10:21:19.2916,791.6,426.5,saccade
10:21:19.2920,792.3,411.3,saccade
10:21:19.2925,794.4,399.1,saccade
10:21:19.293,796.5,387.4,saccade
10:21:19.2934,797.6,376.7,saccade
10:21:19.2938,798.0,367.7,saccade
10:21:19.2943,798.3,361.0,saccade
10:21:19.2948,798.7,353.4,saccade
10:21:19.2952,799.1,346.8,saccade
10:21:19.2957,797.9,338.5,saccade
10:21:19.2962,796.6,331.7,saccade
10:21:19.2966,795.4,324.9,saccade
10:21:19.2971,795.9,317.6,saccade
10:21:19.2976,796.9,312.2,saccade
10:21:19.2980,798.1,304.2,saccade
10:21:19.2984,798.7,296.2,saccade
10:21:19.2989,798.9,286.8,saccade
10:21:19.2994,799.0,277.2,saccade
10:21:19.2998,799.4,270.0,saccade
10:21:19.3003,799.9,261.9,saccade
10:21:19.3008,800.1,255.8,saccade
10:21:19.3012,800.5,250.2,saccade
10:21:19.3017,801.0,246.9,saccade
10:21:19.3022,802.3,243.3,saccade
10:21:19.3026,803.8,242.0,saccade
10:21:19.3031,805.5,241.3,saccade
10:21:19.3036,806.7,241.0,saccade
10:21:19.3041,807.4,239.7,saccade
10:21:19.3045,807.7,238.7,saccade
10:21:19.305,807.9,238.3,saccade
10:21:19.3055,808.3,238.7,saccade
10:21:19.3059,808.7,238.9,saccade
10:21:19.3064,809.1,239.2,saccade
10:21:19.3069,809.3,240.8,saccade
10:21:19.3073,809.8,242.4,saccade
10:21:19.3078,810.0,245.9,saccade
10:21:19.3083,810.2,248.4,saccade
10:21:19.3087,809.9,251.9,saccade
10:21:19.3092,809.8,255.5,saccade
10:21:19.3097,810.2,258.8,saccade
10:21:19.3102,811.0,263.1,saccade
10:21:19.3106,811.5,266.6,saccade
10:21:19.3111,811.5,272.4,saccade
10:21:19.3116,811.0,275.9,saccade
10:21:19.3120,810.7,278.3,saccade
10:21:19.3125,810.6,278.3,saccade
10:21:19.313,810.4,279.8,saccade
10:21:19.3134,810.0,282.8,saccade
10:21:19.3139,809.6,285.8,saccade
10:21:19.3144,809.4,287.6,saccade
10:21:19.3148,809.3,288.0,saccade
10:21:19.3153,809.1,288.3,saccade
10:21:19.3158,808.7,288.4,saccade
10:21:19.3163,807.6,288.2,saccade
10:21:19.3167,806.4,287.7,saccade
10:21:19.3172,805.5,287.2,saccade
10:21:19.3177,805.3,286.8,saccade
10:21:19.3181,805.6,286.6,saccade
10:21:19.3186,804.9,286.2,saccade
10:21:19.3191,804.2,284.1,saccade
10:21:19.3195,803.0,281.6,saccade
10:21:19.32,801.9,277.1,fixation
10:21:19.3205,801.9,275.7,fixation
10:21:19.3209,801.9,274.3,fixation
10:21:19.3214,802.0,274.6,fixation
10:21:19.3219,801.9,275.0,fixation
10:21:19.3224,801.8,275.2,fixation
10:21:19.3228,801.7,275.0,fixation
10:21:19.3233,802.0,272.1,fixation
10:21:19.3238,802.4,269.3,fixation
10:21:19.3242,802.6,267.0,fixation
10:21:19.3247,802.6,267.4,fixation
10:21:19.3252,802.6,265.2,fixation
10:21:19.3256,803.0,262.6,fixation
10:21:19.3261,803.6,260.0,fixation
10:21:19.3266,803.6,258.1,fixation
10:21:19.3270,802.8,255.8,fixation
10:21:19.3275,802.0,253.4,fixation
10:21:19.328,801.3,253.0,fixation
10:21:19.3285,801.1,253.0,fixation
10:21:19.3289,800.7,253.4,fixation
10:21:19.3294,800.6,253.9,fixation
10:21:19.3299,800.6,254.2,fixation
10:21:19.3303,800.7,254.2,fixation
10:21:19.3308,800.9,254.1,fixation
10:21:19.3313,800.9,255.7,fixation
10:21:19.3317,800.8,257.3,fixation
10:21:19.3322,800.6,259.0,fixation
10:21:19.3327,800.6,259.0,fixation
10:21:19.3331,800.7,259.1,fixation
10:21:19.3336,800.7,259.1,fixation
10:21:19.3341,800.6,257.7,fixation
10:21:19.3346,800.3,256.2,fixation
10:21:19.3350,800.0,254.3,fixation
10:21:19.3355,799.9,253.4,fixation
10:21:19.336,800.1,252.5,fixation
10:21:19.3364,800.3,254.2,fixation
10:21:19.3369,800.5,256.3,fixation
10:21:19.3374,799.6,258.4,fixation
10:21:19.3378,798.6,258.4,fixation
10:21:19.3383,797.8,257.1,fixation
10:21:19.3388,798.1,255.9,fixation
10:21:19.3392,799.2,254.5,fixation
10:21:19.3397,800.5,254.1,fixation
10:21:19.3402,801.5,253.4,fixation
10:21:19.3407,801.8,252.8,fixation
10:21:19.3411,802.0,252.5,fixation
10:21:19.3416,802.3,252.5,fixation
10:21:19.3421,802.8,252.5,fixation
10:21:19.3425,802.9,252.6,fixation
10:21:19.343,802.9,252.9,fixation
10:21:19.3435,802.3,253.0,fixation
10:21:19.3439,801.8,252.8,fixation
10:21:19.3444,801.6,252.4,fixation
10:21:19.3449,801.7,252.2,fixation
10:21:19.3453,801.6,254.9,fixation
10:21:19.3458,801.6,257.9,fixation
10:21:19.3463,801.8,259.4,fixation
10:21:19.3467,802.1,258.0,fixation
10:21:19.3471,802.1,256.5,fixation
10:21:19.3476,801.7,257.4,fixation
10:21:19.3481,801.4,258.2,fixation
10:21:19.3485,801.1,259.0,fixation
10:21:19.349,801.1,259.0,fixation
10:21:19.3495,801.0,258.9,fixation
10:21:19.3499,801.0,257.7,fixation
10:21:19.3504,801.1,256.6,fixation
10:21:19.3509,801.2,255.5,fixation
10:21:19.3513,801.5,256.0,fixation
10:21:19.3517,801.8,256.4,fixation
10:21:19.3522,802.1,256.8,fixation
10:21:19.3527,801.9,256.4,fixation
10:21:19.3531,801.8,256.0,fixation
10:21:19.3536,801.8,256.0,fixation
10:21:19.3541,801.2,256.2,fixation
10:21:19.3545,800.3,256.9,fixation
10:21:19.355,799.4,257.2,fixation
10:21:19.3555,799.3,257.7,fixation
10:21:19.3559,799.3,257.7,fixation
10:21:19.3563,799.4,256.9,fixation
10:21:19.3568,798.9,256.0,fixation
10:21:19.3573,798.5,254.9,fixation
10:21:19.3577,798.1,254.4,fixation
10:21:19.3582,797.8,255.1,fixation
10:21:19.3587,797.5,256.1,fixation
10:21:19.3591,797.5,256.5,fixation
10:21:19.3596,797.5,255.9,fixation
10:21:19.3601,797.6,254.9,fixation
10:21:19.3605,797.6,254.4,fixation
10:21:19.3609,797.6,253.9,fixation
10:21:19.3614,797.5,255.3,fixation
10:21:19.3619,797.8,257.0,fixation
10:21:19.3623,798.0,258.7,fixation
10:21:19.3628,798.6,259.5,fixation
10:21:19.3633,798.9,260.0,fixation
10:21:19.3637,799.0,260.4,fixation
10:21:19.3642,798.7,260.1,fixation
10:21:19.3647,798.5,259.7,fixation
10:21:19.3651,798.6,258.2,fixation
10:21:19.3656,798.8,255.6,fixation
10:21:19.3661,799.1,253.1,fixation
10:21:19.3666,799.0,254.1,fixation
10:21:19.3670,799.0,256.4,fixation
10:21:19.3675,799.1,258.7,fixation
10:21:19.368,799.5,258.3,fixation
10:21:19.3684,799.6,257.5,fixation
10:21:19.3689,799.6,257.1,fixation
10:21:19.3694,799.6,257.0,fixation
10:21:19.3698,799.6,257.2,fixation
10:21:19.3703,799.5,257.1,fixation
10:21:19.3708,799.6,257.8,fixation
10:21:19.3712,799.7,258.6,fixation
10:21:19.3717,799.3,259.3,fixation
10:21:19.3722,798.2,259.1,fixation
10:21:19.3727,797.4,256.0,fixation
10:21:19.3731,797.0,253.1,fixation
10:21:19.3736,796.8,249.3,fixation
10:21:19.3741,796.5,248.3,fixation
10:21:19.3745,796.1,251.1,fixation
10:21:19.375,795.8,254.8,fixation
10:21:19.3755,795.7,256.4,fixation
10:21:19.3759,795.8,254.4,fixation
10:21:19.3764,796.4,252.4,fixation
10:21:19.3769,796.9,252.5,fixation
10:21:19.3773,797.3,252.7,fixation
10:21:19.3778,797.1,252.9,fixation
10:21:19.3783,796.9,253.5,fixation
10:21:19.3788,797.1,254.2,fixation
10:21:19.3792,797.4,255.1,fixation
10:21:19.3797,797.8,255.6,fixation
10:21:19.3802,797.6,255.6,fixation
10:21:19.3806,797.4,253.9,fixation
10:21:19.3811,797.1,252.2,fixation
10:21:19.3816,796.7,250.8,fixation
10:21:19.3820,796.4,250.7,fixation
10:21:19.3825,796.2,251.4,fixation
10:21:19.383,796.2,251.8,fixation
10:21:19.3834,796.2,252.2,fixation
10:21:19.3839,796.2,252.8,fixation
10:21:19.3844,796.2,253.5,fixation
10:21:19.3849,795.6,251.7,fixation
10:21:19.3853,795.1,249.1,fixation
10:21:19.3858,794.7,247.9,fixation
10:21:19.3863,794.8,249.2,fixation
10:21:19.3867,794.9,251.3,fixation
10:21:19.3872,794.9,252.0,fixation
10:21:19.3877,794.9,253.3,fixation
10:21:19.3881,794.9,254.4,fixation
10:21:19.3886,794.8,255.5,fixation
10:21:19.3891,794.7,255.5,fixation
10:21:19.3895,794.8,253.7,fixation
10:21:19.39,795.0,251.9,fixation
10:21:19.3905,795.2,251.0,fixation
10:21:19.391,795.3,251.5,fixation
10:21:19.3914,795.3,252.7,fixation
10:21:19.3919,796.1,253.3,fixation
10:21:19.3924,797.0,253.5,fixation
10:21:19.3928,798.2,253.1,fixation
10:21:19.3933,798.6,252.9,fixation
10:21:19.3938,798.9,254.5,fixation
10:21:19.3942,798.8,255.9,fixation
10:21:19.3947,798.1,255.0,fixation
10:21:19.3952,797.6,252.6,fixation
10:21:19.3956,797.8,250.4,fixation
10:21:19.3961,798.5,250.5,fixation
10:21:19.3966,798.7,251.4,fixation
10:21:19.3971,798.2,252.1,fixation
10:21:19.3975,797.7,252.7,fixation
10:21:19.398,797.8,252.5,fixation
10:21:19.3985,797.4,252.2,fixation
10:21:19.3989,796.6,252.5,fixation
10:21:19.3994,795.7,253.5,fixation
10:21:19.3999,795.8,254.7,fixation
10:21:19.4003,796.3,255.4,fixation
10:21:19.4008,795.9,255.0,fixation
10:21:19.4013,795.0,254.1,fixation
10:21:19.4017,794.0,253.9,fixation
10:21:19.4022,794.1,253.9,fixation
10:21:19.4027,794.4,254.4,fixation
10:21:19.4032,795.3,253.9,fixation
10:21:19.4036,796.1,253.3,fixation
10:21:19.4041,796.8,252.3,fixation
10:21:19.4046,796.7,251.4,fixation
10:21:19.4050,796.4,251.5,fixation
10:21:19.4055,796.1,252.3,fixation
10:21:19.406,796.0,253.0,fixation
10:21:19.4064,795.4,253.6,fixation
10:21:19.4069,794.9,254.4,fixation
10:21:19.4074,794.3,255.2,fixation
10:21:19.4078,793.6,254.2,fixation
10:21:19.4083,792.7,252.7,fixation
10:21:19.4088,791.9,251.2,fixation
10:21:19.4092,792.4,252.6,fixation
10:21:19.4096,793.1,254.1,fixation
10:21:19.4101,792.9,255.3,fixation
10:21:19.4106,792.1,254.9,fixation
10:21:19.4110,791.3,254.4,fixation
10:21:19.4115,791.5,252.1,fixation
10:21:19.412,791.6,250.1,fixation
10:21:19.4124,791.5,248.5,fixation
10:21:19.4129,791.1,249.1,fixation
10:21:19.4134,790.5,251.3,fixation
10:21:19.4138,791.4,253.5,fixation
10:21:19.4142,792.6,255.3,fixation
10:21:19.4147,793.8,255.3,fixation
10:21:19.4152,793.9,252.9,fixation
10:21:19.4156,794.0,250.6,fixation
10:21:19.4161,794.0,249.5,fixation
10:21:19.4166,794.1,251.5,fixation
10:21:19.4170,794.1,253.5,fixation
10:21:19.4175,792.8,254.3,fixation
10:21:19.418,791.3,254.3,fixation
10:21:19.4184,790.3,254.0,fixation
10:21:19.4188,790.8,253.8,fixation
10:21:19.4193,791.2,253.6,fixation
10:21:19.4198,791.4,253.7,fixation
10:21:19.4202,791.8,253.2,saccade
10:21:19.4207,791.9,252.5,saccade
10:21:19.4212,791.9,252.1,saccade
10:21:19.4216,791.9,252.2,saccade
10:21:19.4221,791.4,252.2,saccade
10:21:19.4226,791.0,252.0,saccade
10:21:19.4230,790.4,251.6,saccade
10:21:19.4234,790.2,251.3,saccade
10:21:19.4239,790.4,252.1,saccade
10:21:19.4244,790.7,253.2,saccade
10:21:19.4248,791.1,253.6,saccade
10:21:19.4253,792.3,253.5,saccade
10:21:19.4258,793.4,253.5,saccade
10:21:19.4262,795.5,254.6,saccade
10:21:19.4267,797.2,253.2,saccade
10:21:19.4272,800.3,251.8,saccade
10:21:19.4276,804.5,250.3,saccade
10:21:19.4281,809.5,250.6,saccade
10:21:19.4286,813.1,249.9,saccade
10:21:19.4291,816.9,245.9,saccade
10:21:19.4295,819.4,241.7,saccade
10:21:19.43,823.9,238.2,saccade
10:21:19.4305,826.7,235.7,saccade
10:21:19.4309,830.9,233.7,saccade
10:21:19.4314,834.0,227.3,saccade
10:21:19.4319,838.6,222.5,saccade
10:21:19.4323,842.7,215.4,saccade
10:21:19.4328,848.0,213.2,saccade
10:21:19.4333,852.8,210.4,saccade
10:21:19.4337,856.6,207.9,saccade
10:21:19.4342,859.7,202.3,saccade
10:21:19.4347,862.2,196.9,saccade
10:21:19.4352,866.0,191.6,saccade
10:21:19.4356,869.0,189.0,saccade
10:21:19.4361,872.1,186.7,saccade
10:21:19.4366,875.2,184.7,saccade
10:21:19.4370,878.1,178.4,saccade
10:21:19.4375,880.7,172.0,saccade
10:21:19.438,882.2,166.3,saccade
10:21:19.4384,883.8,165.1,saccade
10:21:19.4389,884.9,162.6,saccade
10:21:19.4394,885.4,160.5,saccade
10:21:19.4398,884.8,158.2,saccade
10:21:19.4403,883.9,157.9,saccade
10:21:19.4408,883.6,158.8,saccade
10:21:19.4413,883.9,159.8,saccade
10:21:19.4417,884.0,160.8,saccade
10:21:19.4422,883.5,160.6,saccade
10:21:19.4427,883.0,162.4,saccade
10:21:19.4431,882.6,164.3,saccade
10:21:19.4436,882.2,166.7,saccade
10:21:19.4441,880.3,170.6,fixation
10:21:19.4445,878.8,173.7,fixation
10:21:19.445,876.9,176.7,fixation
10:21:19.4455,876.4,176.7,fixation
10:21:19.4459,875.8,178.8,fixation
10:21:19.4464,875.5,181.0,fixation
10:21:19.4469,874.7,183.2,fixation
10:21:19.4474,873.8,183.4,fixation
10:21:19.4478,872.5,183.9,fixation
10:21:19.4483,871.5,184.4,fixation
10:21:19.4488,871.0,186.0,fixation
10:21:19.4492,871.8,188.0,fixation
10:21:19.4497,872.4,190.2,fixation
10:21:19.4502,872.5,191.4,fixation
10:21:19.4506,871.9,191.8,fixation
10:21:19.4511,871.3,191.9,fixation
10:21:19.4516,871.3,191.7,fixation
10:21:19.4520,871.5,192.2,fixation
10:21:19.4525,871.8,192.6,fixation
10:21:19.453,872.1,193.0,fixation
10:21:19.4535,872.1,193.2,fixation
10:21:19.4539,871.1,193.3,fixation
10:21:19.4544,870.1,193.1,fixation
10:21:19.4549,869.0,192.2,fixation
10:21:19.4553,868.8,191.4,fixation
10:21:19.4558,868.0,190.8,fixation
10:21:19.4563,867.2,191.1,fixation
10:21:19.4567,867.2,191.5,fixation
10:21:19.4572,867.7,192.1,fixation
10:21:19.4577,868.4,192.3,fixation
10:21:19.4581,868.0,192.3,fixation
10:21:19.4586,867.7,190.0,fixation
10:21:19.4591,867.4,187.5,fixation
10:21:19.4596,867.6,185.8,fixation
10:21:19.4600,867.4,186.9,fixation
10:21:19.4605,867.2,188.3,fixation
10:21:19.461,866.9,189.0,fixation
10:21:19.4614,866.6,189.0,fixation
10:21:19.4619,866.4,188.9,fixation
10:21:19.4624,866.5,188.5,fixation
10:21:19.4628,866.6,188.0,fixation
10:21:19.4633,866.8,187.8,fixation
10:21:19.4638,867.3,187.9,fixation
10:21:19.4642,867.7,188.0,fixation
10:21:19.4647,868.0,188.4,fixation
10:21:19.4652,867.8,188.7,fixation
10:21:19.4657,867.7,188.4,fixation
10:21:19.4661,867.7,187.8,fixation
10:21:19.4666,867.4,186.9,fixation
10:21:19.4671,867.1,186.7,fixation
10:21:19.4675,866.3,186.5,fixation
10:21:19.468,865.9,186.7,fixation
10:21:19.4685,865.7,186.9,fixation
10:21:19.4689,865.8,187.4,fixation
10:21:19.4694,865.9,187.8,fixation
10:21:19.4699,865.7,186.5,fixation
10:21:19.4703,865.7,185.0,fixation
10:21:19.4708,865.8,184.9,fixation
10:21:19.4713,866.0,186.3,fixation
10:21:19.4717,866.3,186.4,fixation
10:21:19.4721,866.7,184.9,fixation
10:21:19.4726,867.4,184.2,fixation
10:21:19.4731,868.0,184.9,fixation
10:21:19.4735,867.7,187.5,fixation
10:21:19.474,866.8,189.3,fixation
10:21:19.4745,865.6,190.9,fixation
10:21:19.4749,865.2,190.6,fixation
10:21:19.4754,865.2,190.3,fixation
10:21:19.4759,866.0,190.0,fixation
10:21:19.4763,866.7,190.0,fixation
10:21:19.4767,867.5,190.3,fixation
10:21:19.4772,868.0,190.7,fixation
10:21:19.4777,867.6,191.1,fixation
10:21:19.4781,866.8,191.2,fixation
10:21:19.4786,866.0,191.1,fixation
10:21:19.4791,866.0,190.8,fixation
10:21:19.4795,866.1,190.1,fixation
10:21:19.48,866.2,188.9,fixation
10:21:19.4805,865.8,187.9,fixation
10:21:19.4809,865.5,188.5,fixation
10:21:19.4813,865.1,189.7,fixation
10:21:19.4818,865.3,191.0,fixation
10:21:19.4823,865.4,190.7,fixation
10:21:19.4827,865.6,190.4,fixation
10:21:19.4832,865.6,190.1,fixation
10:21:19.4837,865.5,190.2,fixation
10:21:19.4841,865.3,190.3,fixation
10:21:19.4846,864.7,190.4,fixation
10:21:19.4851,864.6,189.1,fixation
10:21:19.4855,864.5,187.7,fixation
10:21:19.4859,864.9,187.1,fixation
10:21:19.4864,865.0,188.2,fixation
10:21:19.4869,864.7,190.1,fixation
10:21:19.4873,864.4,191.3,fixation
10:21:19.4878,864.2,192.3,fixation
10:21:19.4883,864.4,192.1,fixation
10:21:19.4887,864.7,191.8,fixation
10:21:19.4892,865.2,191.2,fixation
10:21:19.4897,866.6,191.1,fixation
10:21:19.4901,867.8,191.1,fixation
10:21:19.4906,868.0,191.2,fixation
10:21:19.4911,867.3,191.3,fixation
10:21:19.4916,866.5,191.3,fixation
10:21:19.4920,866.2,190.3,fixation
10:21:19.4925,866.0,189.4,fixation
10:21:19.493,865.7,188.5,fixation
10:21:19.4934,865.8,188.7,fixation
10:21:19.4939,866.4,188.9,fixation
10:21:19.4944,867.0,189.2,fixation
10:21:19.4948,867.7,189.5,fixation
10:21:19.4953,867.8,187.2,fixation
10:21:19.4958,868.0,184.8,fixation
10:21:19.4962,868.0,183.4,fixation
10:21:19.4967,867.2,185.3,fixation
10:21:19.4972,866.5,187.3,fixation
10:21:19.4977,866.7,188.3,fixation
10:21:19.4981,867.5,188.4,fixation
10:21:19.4986,868.3,188.8,fixation
10:21:19.4991,868.3,189.1,fixation
10:21:19.4995,866.8,188.5,fixation
10:21:19.5,865.3,187.6,fixation
10:21:19.5005,865.7,187.1,fixation
10:21:19.5009,867.5,187.7,fixation
10:21:19.5014,869.3,188.3,fixation
10:21:19.5019,869.2,188.0,fixation
10:21:19.5023,868.4,187.3,fixation
10:21:19.5028,867.7,185.9,fixation
10:21:19.5033,867.1,184.9,fixation
10:21:19.5038,867.3,184.1,fixation
10:21:19.5042,867.5,184.9,fixation
10:21:19.5047,867.4,186.4,fixation
10:21:19.5052,866.9,187.8,fixation
10:21:19.5056,866.4,188.4,fixation
10:21:19.5061,865.8,188.4,fixation
10:21:19.5066,865.7,188.5,fixation
10:21:19.5070,866.8,188.5,fixation
10:21:19.5075,868.1,188.3,fixation
10:21:19.508,868.2,188.0,fixation
10:21:19.5084,867.2,187.6,fixation
10:21:19.5089,866.2,187.5,fixation
10:21:19.5094,866.3,187.4,fixation
10:21:19.5099,866.4,187.0,fixation
10:21:19.5103,866.5,186.5,fixation
10:21:19.5108,866.6,185.7,fixation
10:21:19.5113,866.7,185.1,fixation
10:21:19.5117,866.5,186.5,fixation
10:21:19.5122,866.2,188.6,fixation
10:21:19.5127,866.1,190.6,fixation
10:21:19.5131,866.1,190.9,fixation
10:21:19.5136,866.4,189.3,fixation
10:21:19.5141,866.7,187.8,fixation
10:21:19.5145,866.9,186.7,fixation
10:21:19.515,867.1,187.1,fixation
10:21:19.5155,867.3,187.5,fixation
10:21:19.516,867.4,187.6,fixation
10:21:19.5164,867.4,186.7,fixation
10:21:19.5169,867.3,185.7,fixation
10:21:19.5174,867.1,184.1,fixation
10:21:19.5178,866.4,183.5,fixation
10:21:19.5183,865.7,184.2,fixation
10:21:19.5188,865.1,185.4,fixation
10:21:19.5192,864.9,186.8,fixation
10:21:19.5197,864.8,186.9,fixation
10:21:19.5202,864.7,187.0,fixation
10:21:19.5206,864.7,186.2,fixation
10:21:19.5211,864.7,185.3,fixation
10:21:19.5216,865.7,184.6,fixation
10:21:19.5221,866.5,184.9,fixation
10:21:19.5225,867.3,185.1,fixation
10:21:19.523,867.0,184.6,fixation
10:21:19.5235,866.6,184.1,fixation
10:21:19.5239,866.3,183.8,fixation
10:21:19.5244,866.3,184.2,fixation
10:21:19.5249,866.2,185.2,fixation
10:21:19.5253,865.5,185.5,fixation
10:21:19.5258,864.7,185.6,fixation
10:21:19.5263,863.1,185.6,fixation
10:21:19.5267,862.0,188.0,fixation
10:21:19.5272,861.1,190.5,fixation
10:21:19.5277,861.3,193.1,fixation
10:21:19.5282,862.1,193.6,fixation
10:21:19.5286,863.1,192.5,fixation
10:21:19.5291,863.8,191.1,fixation
10:21:19.5296,864.0,189.5,fixation
10:21:19.5300,863.8,188.8,fixation
10:21:19.5305,863.8,187.3,fixation
10:21:19.531,863.8,185.9,fixation
10:21:19.5314,863.6,187.8,fixation
10:21:19.5319,863.4,190.4,fixation
10:21:19.5324,863.3,192.1,fixation
10:21:19.5328,863.3,189.9,fixation
10:21:19.5333,863.5,187.7,fixation
10:21:19.5338,863.5,187.4,fixation
10:21:19.5342,863.2,188.3,fixation
10:21:19.5346,862.6,188.4,fixation
10:21:19.5351,862.2,187.5,fixation
10:21:19.5356,863.3,188.3,fixation
10:21:19.5360,864.4,189.8,fixation
10:21:19.5365,865.5,191.5,fixation
10:21:19.537,865.3,191.5,fixation
10:21:19.5374,864.7,191.5,fixation
10:21:19.5379,864.0,191.9,fixation
10:21:19.5384,863.6,192.6,fixation
10:21:19.5388,863.4,194.1,fixation
10:21:19.5392,862.2,194.8,fixation
10:21:19.5397,861.2,193.3,fixation
10:21:19.5402,860.2,191.2,fixation
10:21:19.5406,860.4,189.2,fixation
10:21:19.5411,861.1,189.2,fixation
10:21:19.5416,861.9,189.9,fixation
10:21:19.5420,862.9,190.7,fixation
10:21:19.5425,863.2,191.2,fixation
10:21:19.543,862.9,190.9,fixation
10:21:19.5434,862.4,190.6,fixation
10:21:19.5438,861.7,190.7,fixation
10:21:19.5443,861.5,191.4,fixation
10:21:19.5448,861.5,192.6,fixation
10:21:19.5452,861.6,193.5,fixation
10:21:19.5457,861.8,193.9,fixation
10:21:19.5462,861.8,193.8,fixation
10:21:19.5466,861.9,193.8,fixation
10:21:19.5471,862.2,193.7,fixation
10:21:19.5476,862.4,193.7,fixation
10:21:19.5480,862.4,193.4,fixation
10:21:19.5484,862.1,192.6,fixation
10:21:19.5489,861.9,191.6,fixation
10:21:19.5494,861.8,191.0,fixation
10:21:19.5498,861.3,190.3,fixation
10:21:19.5503,860.8,189.8,fixation
10:21:19.5508,860.5,189.8,fixation
10:21:19.5512,860.6,190.3,fixation
10:21:19.5517,860.6,189.8,fixation
10:21:19.5522,860.5,188.9,fixation
10:21:19.5526,860.6,188.0,fixation
10:21:19.5531,860.7,188.1,fixation
10:21:19.5536,861.1,188.1,fixation
10:21:19.5541,861.3,187.9,fixation
10:21:19.5545,861.4,187.9,fixation
10:21:19.555,861.2,188.4,fixation
10:21:19.5555,861.0,190.5,fixation
10:21:19.5559,860.6,192.4,fixation
10:21:19.5564,860.4,191.8,fixation
10:21:19.5569,860.3,189.6,fixation
10:21:19.5573,860.3,188.0,fixation
10:21:19.5578,860.0,189.6,fixation
10:21:19.5583,859.7,191.3,fixation
10:21:19.5587,859.8,192.3,fixation
10:21:19.5592,860.0,191.9,fixation
10:21:19.5597,860.2,191.4,fixation
10:21:19.5602,860.2,190.9,fixation
10:21:19.5606,860.4,189.4,fixation
10:21:19.5611,860.5,187.8,fixation
10:21:19.5616,861.0,186.4,fixation
10:21:19.5620,861.6,186.4,fixation
10:21:19.5625,862.1,186.4,fixation
10:21:19.563,862.1,188.4,fixation
10:21:19.5634,861.7,190.4,fixation
10:21:19.5639,861.2,192.1,fixation
10:21:19.5644,860.7,191.4,fixation
10:21:19.5648,860.3,191.2,fixation
10:21:19.5653,860.1,191.4,fixation
10:21:19.5658,860.1,191.8,fixation
10:21:19.5663,860.0,191.7,fixation
10:21:19.5667,859.9,191.7,fixation
10:21:19.5672,860.1,190.2,fixation
10:21:19.5677,860.2,188.2,fixation
10:21:19.5681,860.7,186.3,fixation
10:21:19.5686,860.8,186.5,fixation
10:21:19.5691,860.6,188.0,fixation
10:21:19.5695,860.2,189.3,fixation
10:21:19.57,860.3,189.9,fixation
10:21:19.5705,861.2,190.4,fixation
10:21:19.5709,862.0,191.0,fixation
10:21:19.5714,862.5,192.9,fixation
10:21:19.5719,862.6,194.3,fixation
10:21:19.5724,862.6,195.7,fixation
10:21:19.5728,862.7,195.8,fixation
10:21:19.5733,862.1,196.0,fixation
10:21:19.5738,861.4,196.2,fixation
10:21:19.5742,860.7,195.7,fixation
10:21:19.5747,860.8,193.7,fixation
10:21:19.5752,861.3,191.9,fixation
10:21:19.5756,861.8,190.7,fixation
10:21:19.5761,861.2,190.7,fixation
10:21:19.5766,860.5,190.6,fixation
10:21:19.5770,860.1,190.4,fixation
10:21:19.5775,861.0,190.5,fixation
10:21:19.578,861.8,190.4,fixation
10:21:19.5785,862.0,190.3,fixation
10:21:19.5789,861.7,190.2,fixation
10:21:19.5794,861.2,190.1,fixation
10:21:19.5799,860.8,190.4,fixation
10:21:19.5803,860.6,190.8,fixation
10:21:19.5808,860.4,191.7,fixation
10:21:19.5813,860.0,192.5,fixation
10:21:19.5817,859.7,193.2,fixation
10:21:19.5822,859.5,192.9,fixation
10:21:19.5827,859.6,192.9,fixation
10:21:19.5831,860.7,193.0,fixation
10:21:19.5836,861.7,193.9,fixation
10:21:19.5841,862.7,194.2,fixation
10:21:19.5846,862.9,194.4,fixation
10:21:19.5850,863.2,194.6,fixation
10:21:19.5855,863.4,194.7,fixation
10:21:19.586,863.4,194.5,fixation
10:21:19.5864,863.5,194.1,fixation
10:21:19.5869,863.7,193.6,fixation
10:21:19.5874,863.6,193.3,fixation
10:21:19.5878,863.1,193.3,fixation
10:21:19.5883,862.5,193.5,fixation
10:21:19.5888,862.0,193.6,fixation
10:21:19.5892,861.9,193.6,fixation
10:21:19.5897,861.8,193.6,fixation
10:21:19.5902,860.4,193.3,fixation
10:21:19.5907,859.0,193.7,fixation
10:21:19.5911,857.6,194.1,fixation
10:21:19.5916,857.5,194.8,fixation
10:21:19.5921,857.6,193.7,fixation
10:21:19.5925,857.5,192.6,fixation
10:21:19.593,857.3,191.3,fixation
10:21:19.5935,857.2,191.0,fixation
10:21:19.5939,858.2,191.0,fixation
10:21:19.5944,858.9,192.7,fixation
10:21:19.5949,859.3,194.6,fixation
10:21:19.5953,859.0,194.5,fixation
10:21:19.5958,859.0,192.9,fixation
10:21:19.5963,861.1,193.2,fixation
10:21:19.5967,863.0,195.3,fixation
10:21:19.5971,864.3,196.8,fixation
10:21:19.5976,864.1,195.5,fixation
10:21:19.5981,863.9,194.3,fixation
10:21:19.5985,864.1,194.7,fixation
10:21:19.599,863.8,195.7,fixation
10:21:19.5995,863.4,197.5,fixation
10:21:19.5999,863.0,198.1,fixation
10:21:19.6004,862.6,198.7,fixation
10:21:19.6009,862.3,198.2,fixation
10:21:19.6013,862.2,197.7,fixation
10:21:19.6017,861.8,198.1,fixation
10:21:19.6022,861.4,198.4,fixation
10:21:19.6027,860.0,198.6,fixation
10:21:19.6031,858.8,199.6,fixation
10:21:19.6036,857.8,201.5,fixation
10:21:19.6041,857.8,203.6,fixation
10:21:19.6045,858.0,203.4,fixation
10:21:19.605,858.2,203.1,fixation
10:21:19.6055,858.4,202.7,fixation
10:21:19.6059,858.5,203.2,fixation
10:21:19.6063,858.4,203.4,fixation
10:21:19.6068,858.4,203.2,fixation
10:21:19.6073,858.4,202.2,fixation
10:21:19.6077,858.6,201.4,fixation
10:21:19.6082,858.7,201.1,fixation
10:21:19.6087,859.4,200.3,fixation
10:21:19.6091,859.9,199.4,fixation
10:21:19.6096,860.3,200.1,fixation
10:21:19.6101,860.2,201.6,fixation
10:21:19.6105,860.1,203.1,fixation
10:21:19.6109,860.2,201.5,fixation
10:21:19.6114,860.2,199.9,fixation
10:21:19.6119,860.2,198.4,fixation
10:21:19.6123,860.0,198.1,fixation
10:21:19.6128,860.2,197.8,fixation
10:21:19.6133,860.4,199.3,fixation
10:21:19.6137,860.7,201.0,fixation
10:21:19.6142,860.3,202.1,fixation
10:21:19.6147,859.7,201.6,fixation
10:21:19.6151,859.0,201.9,fixation
10:21:19.6156,859.8,203.0,fixation
10:21:19.6161,860.7,204.2,fixation
10:21:19.6166,861.6,204.5,fixation
10:21:19.6170,861.5,204.3,fixation
10:21:19.6175,861.4,204.0,fixation
10:21:19.618,861.6,203.8,fixation
10:21:19.6184,861.8,204.0,fixation
10:21:19.6189,862.3,202.8,fixation
10:21:19.6194,862.7,201.5,fixation
10:21:19.6198,862.6,200.3,fixation
10:21:19.6203,862.1,200.5,fixation
10:21:19.6208,861.3,200.6,fixation
10:21:19.6212,860.6,201.1,fixation
10:21:19.6217,859.8,201.7,fixation
10:21:19.6222,860.4,202.8,fixation
10:21:19.6227,861.3,203.3,fixation
10:21:19.6231,862.2,203.6,fixation
10:21:19.6236,862.1,205.1,fixation
10:21:19.6241,862.1,206.7,fixation
10:21:19.6245,862.1,208.2,fixation
10:21:19.625,862.1,209.7,fixation
10:21:19.6255,862.4,211.2,fixation
10:21:19.6259,862.6,212.7,fixation
10:21:19.6264,863.0,211.4,fixation
10:21:19.6269,863.0,209.9,fixation
10:21:19.6273,862.3,209.4,fixation
10:21:19.6278,861.5,210.2,fixation
10:21:19.6283,861.5,211.7,fixation
10:21:19.6288,862.2,212.4,fixation
10:21:19.6292,862.9,213.2,fixation
10:21:19.6297,863.0,213.3,fixation
10:21:19.6302,863.1,213.1,fixation
10:21:19.6306,862.2,212.6,fixation
10:21:19.6311,861.3,212.1,fixation
10:21:19.6316,860.3,211.4,fixation
10:21:19.6320,860.2,210.7,fixation
10:21:19.6325,860.2,209.5,fixation
10:21:19.633,860.5,208.6,fixation
10:21:19.6334,860.8,207.6,fixation
10:21:19.6339,861.0,206.8,fixation
10:21:19.6344,860.9,206.3,fixation
10:21:19.6349,860.8,206.1,fixation
10:21:19.6353,861.3,206.3,fixation
10:21:19.6358,861.8,206.0,fixation
10:21:19.6363,862.4,205.2,fixation
10:21:19.6367,862.6,204.0,fixation
10:21:19.6372,862.9,203.1,fixation
10:21:19.6377,863.8,202.7,fixation
10:21:19.6381,864.7,202.8,fixation
10:21:19.6386,865.5,202.9,fixation
10:21:19.6391,865.6,203.3,fixation
10:21:19.6395,865.2,203.7,fixation
10:21:19.64,864.7,203.9,fixation
10:21:19.6405,864.7,204.1,fixation
10:21:19.641,865.3,204.7,fixation
10:21:19.6414,866.1,205.1,fixation
10:21:19.6419,866.5,205.1,fixation
10:21:19.6424,866.1,205.2,fixation
10:21:19.6428,865.4,206.0,fixation
10:21:19.6433,864.6,206.9,fixation
10:21:19.6438,864.5,207.5,fixation
10:21:19.6442,864.4,208.1,fixation
10:21:19.6447,864.3,208.5,fixation
10:21:19.6452,864.1,208.9,fixation
10:21:19.6456,863.9,210.2,fixation
10:21:19.6461,863.9,211.5,fixation
10:21:19.6466,864.2,212.6,fixation
10:21:19.6471,864.6,212.1,fixation
10:21:19.6475,864.7,211.5,fixation
10:21:19.648,864.6,211.2,fixation
10:21:19.6485,864.5,211.4,fixation
10:21:19.6489,864.8,211.1,fixation
10:21:19.6494,865.1,211.2,fixation
10:21:19.6499,865.4,211.3,fixation
10:21:19.6503,865.4,212.0,fixation
10:21:19.6508,865.5,212.5,fixation
10:21:19.6513,865.3,212.8,fixation
10:21:19.6517,865.1,212.8,fixation
10:21:19.6522,864.9,212.5,fixation
10:21:19.6527,865.2,212.2,fixation
10:21:19.6532,865.5,211.8,fixation
10:21:19.6536,865.7,211.6,fixation
10:21:19.6541,865.5,211.7,fixation
10:21:19.6546,865.4,212.0,fixation
10:21:19.6550,864.9,213.5,fixation
10:21:19.6555,864.2,216.7,saccade
10:21:19.656,864.5,216.8,saccade
10:21:19.6564,864.8,216.6,saccade
10:21:19.6569,865.1,216.2,saccade
10:21:19.6574,865.2,214.9,saccade
10:21:19.6578,865.2,213.7,saccade
10:21:19.6583,865.5,214.1,saccade
10:21:19.6588,865.6,215.8,saccade
10:21:19.6592,865.6,217.5,saccade
10:21:19.6596,865.5,218.3,saccade
10:21:19.6601,865.0,219.1,saccade
10:21:19.6606,864.6,220.0,saccade
10:21:19.6610,864.1,220.2,saccade
10:21:19.6615,863.7,220.0,saccade
10:21:19.662,862.0,219.5,saccade
10:21:19.6624,858.8,217.2,saccade
10:21:19.6629,855.6,214.7,saccade
10:21:19.6634,852.2,212.2,saccade
10:21:19.6638,849.8,212.3,saccade
10:21:19.6642,846.9,212.6,saccade
10:21:19.6647,844.0,213.0,saccade
10:21:19.6652,841.9,212.8,saccade
10:21:19.6656,838.2,210.7,saccade
10:21:19.6661,835.1,208.5,saccade
10:21:19.6666,832.0,205.3,saccade
10:21:19.6670,829.8,202.4,saccade
10:21:19.6675,828.3,199.7,saccade
10:21:19.668,825.3,198.3,saccade
10:21:19.6684,822.7,198.5,saccade
10:21:19.6688,819.0,198.5,saccade
10:21:19.6693,816.0,197.2,saccade
10:21:19.6698,813.6,194.9,saccade
10:21:19.6702,812.5,193.0,saccade
10:21:19.6707,811.6,191.7,saccade
10:21:19.6712,810.1,191.1,saccade
10:21:19.6716,808.5,190.8,saccade
10:21:19.6721,807.6,191.0,saccade
10:21:19.6726,807.7,191.9,saccade
10:21:19.6730,807.1,192.4,saccade
10:21:19.6734,805.8,192.8,saccade
10:21:19.6739,804.5,193.4,saccade
10:21:19.6744,804.6,195.2,saccade
10:21:19.6748,805.2,196.8,saccade
10:21:19.6753,805.6,197.7,saccade
10:21:19.6758,805.5,196.5,saccade
10:21:19.6762,805.5,195.1,fixation
10:21:19.6767,806.4,199.0,fixation
10:21:19.6772,807.6,202.9,fixation
10:21:19.6776,809.2,206.3,fixation
10:21:19.6781,810.0,206.6,fixation
10:21:19.6786,811.1,207.0,fixation
10:21:19.6791,811.9,207.3,fixation
10:21:19.6795,812.5,207.1,fixation
10:21:19.68,813.4,206.6,fixation
10:21:19.6805,814.6,206.1,fixation
10:21:19.6809,815.9,205.4,fixation
10:21:19.6814,816.5,204.7,fixation
10:21:19.6819,816.4,204.7,fixation
10:21:19.6823,816.8,206.2,fixation
10:21:19.6828,817.2,208.3,fixation
10:21:19.6833,817.6,209.7,fixation
10:21:19.6837,817.5,210.3,fixation
10:21:19.6842,817.4,210.2,fixation
10:21:19.6847,817.4,210.1,fixation
10:21:19.6852,818.1,210.2,fixation
10:21:19.6856,818.9,209.3,fixation
10:21:19.6861,819.8,207.3,fixation
10:21:19.6866,819.9,205.2,fixation
10:21:19.6870,819.5,206.7,fixation
10:21:19.6875,819.9,209.5,fixation
10:21:19.688,820.6,211.5,fixation
10:21:19.6884,821.9,211.0,fixation
10:21:19.6889,822.4,209.9,fixation
10:21:19.6894,822.2,209.3,fixation
10:21:19.6898,821.6,208.8,fixation
10:21:19.6903,821.0,208.8,fixation
10:21:19.6908,821.4,209.3,fixation
10:21:19.6913,821.6,209.9,fixation
10:21:19.6917,821.9,210.3,fixation
10:21:19.6922,821.7,210.3,fixation
10:21:19.6927,821.6,210.1,fixation
10:21:19.6931,821.6,209.9,fixation
10:21:19.6936,822.0,209.8,fixation
10:21:19.6941,822.4,209.8,fixation
10:21:19.6945,822.7,209.7,fixation
10:21:19.695,822.4,209.5,fixation
10:21:19.6955,821.8,209.4,fixation
10:21:19.6959,821.1,210.0,fixation
10:21:19.6964,820.5,210.6,fixation
10:21:19.6969,820.3,211.3,fixation
10:21:19.6974,820.6,211.4,fixation
10:21:19.6978,820.8,211.4,fixation
10:21:19.6983,820.8,210.6,fixation
10:21:19.6988,820.7,209.0,fixation
10:21:19.6992,820.7,207.0,fixation
10:21:19.6997,820.8,205.8,fixation
10:21:19.7002,820.6,206.1,fixation
10:21:19.7006,820.3,207.0,fixation
10:21:19.7011,819.9,208.0,fixation
10:21:19.7016,820.6,208.2,fixation
10:21:19.7020,821.3,207.5,fixation
10:21:19.7025,822.2,205.5,fixation
10:21:19.703,822.2,203.7,fixation
10:21:19.7035,821.7,203.1,fixation
10:21:19.7039,821.0,205.1,fixation
10:21:19.7044,820.5,207.2,fixation
10:21:19.7049,819.8,206.9,fixation
10:21:19.7053,819.2,205.5,fixation
10:21:19.7058,818.9,205.3,fixation
10:21:19.7063,819.6,206.6,fixation
10:21:19.7067,820.2,208.1,fixation
10:21:19.7072,820.3,208.3,fixation
10:21:19.7077,819.9,207.7,fixation
10:21:19.7081,819.5,206.8,fixation
10:21:19.7086,819.6,204.6,fixation
10:21:19.7091,819.8,203.1,fixation
10:21:19.7096,819.5,201.5,fixation
10:21:19.7100,818.8,201.6,fixation
10:21:19.7105,818.2,202.0,fixation
10:21:19.711,818.1,203.1,fixation
10:21:19.7114,818.6,204.0,fixation
10:21:19.7119,819.2,204.6,fixation
10:21:19.7124,819.4,204.6,fixation
10:21:19.7128,819.1,204.4,fixation
10:21:19.7133,818.8,204.3,fixation
10:21:19.7138,818.6,204.0,fixation
10:21:19.7142,818.3,203.8,fixation
10:21:19.7147,818.0,203.7,fixation
10:21:19.7152,818.1,203.8,fixation
10:21:19.7157,818.4,202.4,fixation
10:21:19.7161,818.8,200.8,fixation
10:21:19.7166,819.3,198.1,fixation
10:21:19.7171,819.4,197.1,fixation
10:21:19.7175,819.1,198.8,fixation
10:21:19.718,818.6,201.9,fixation
10:21:19.7185,818.0,205.1,fixation
10:21:19.7189,817.6,205.4,fixation
10:21:19.7194,816.9,205.5,fixation
10:21:19.7199,816.8,205.2,fixation
10:21:19.7203,816.3,204.4,fixation
10:21:19.7208,815.9,201.8,fixation
10:21:19.7213,815.4,199.5,fixation
10:21:19.7217,815.0,199.6,fixation
10:21:19.7221,815.8,201.2,fixation
10:21:19.7226,816.6,202.9,fixation
10:21:19.7231,817.5,203.2,fixation
10:21:19.7235,817.5,204.0,fixation
10:21:19.724,817.1,204.4,fixation
10:21:19.7245,816.7,204.6,fixation
10:21:19.7249,817.0,204.8,fixation
10:21:19.7254,817.6,205.5,fixation
10:21:19.7259,818.3,205.6,fixation
10:21:19.7263,818.3,205.7,fixation
10:21:19.7267,818.3,205.8,fixation
10:21:19.7272,819.1,206.1,fixation
10:21:19.7277,819.9,206.3,fixation
10:21:19.7281,820.7,206.7,fixation
10:21:19.7286,820.5,206.9,fixation
10:21:19.7291,820.2,205.8,fixation
10:21:19.7295,820.2,204.4,fixation
10:21:19.73,820.3,203.0,fixation
10:21:19.7305,820.2,204.1,fixation
10:21:19.7309,820.0,205.7,fixation
10:21:19.7313,819.9,206.5,fixation
10:21:19.7318,820.0,205.8,fixation
10:21:19.7323,820.7,205.2,fixation
10:21:19.7327,821.4,205.3,fixation
10:21:19.7332,821.9,205.4,fixation
10:21:19.7337,822.1,205.7,fixation
10:21:19.7341,822.3,206.2,fixation
10:21:19.7346,822.4,206.6,fixation
10:21:19.7351,822.2,205.9,fixation
10:21:19.7355,822.1,204.9,fixation
10:21:19.7359,822.0,204.1,fixation
10:21:19.7364,822.3,204.1,fixation
10:21:19.7369,822.5,203.7,fixation
10:21:19.7373,822.7,203.4,fixation
10:21:19.7378,822.7,202.4,fixation
10:21:19.7383,821.9,201.6,fixation
10:21:19.7387,821.0,200.8,fixation
10:21:19.7392,820.3,200.8,fixation
10:21:19.7397,820.2,201.9,fixation
10:21:19.7401,820.0,202.9,fixation
10:21:19.7406,819.6,204.2,fixation
10:21:19.7411,819.3,204.6,fixation
10:21:19.7416,819.1,204.9,fixation
10:21:19.7420,819.3,203.6,fixation
10:21:19.7425,819.6,202.3,fixation
10:21:19.743,819.7,202.1,fixation
10:21:19.7434,819.6,203.3,fixation
10:21:19.7439,819.7,204.5,fixation
10:21:19.7444,819.9,204.7,fixation
10:21:19.7448,820.1,205.1,fixation
10:21:19.7453,820.1,205.6,fixation
10:21:19.7458,820.1,205.5,fixation
10:21:19.7462,820.5,205.0,fixation
10:21:19.7467,820.9,205.4,fixation
10:21:19.7472,821.1,206.3,fixation
10:21:19.7477,820.8,205.3,fixation
10:21:19.7481,820.5,203.5,fixation
10:21:19.7486,820.2,201.9,fixation
10:21:19.7491,819.9,204.2,fixation
10:21:19.7495,819.5,206.4,fixation
10:21:19.75,819.2,207.2,fixation
10:21:19.7505,820.2,206.0,fixation
10:21:19.7509,821.4,204.9,fixation
10:21:19.7514,822.0,205.3,fixation
10:21:19.7519,821.3,205.8,fixation
10:21:19.7523,820.2,205.8,fixation
10:21:19.7528,819.8,205.5,fixation
10:21:19.7533,819.4,204.6,fixation
10:21:19.7538,820.3,204.2,fixation
10:21:19.7542,821.2,203.4,fixation
10:21:19.7547,822.0,202.9,fixation
10:21:19.7552,821.9,202.2,fixation
10:21:19.7556,821.7,202.2,fixation
10:21:19.7561,821.6,202.1,fixation
10:21:19.7566,821.4,202.4,fixation
10:21:19.7570,820.9,203.3,fixation
10:21:19.7575,820.5,204.2,fixation
10:21:19.758,820.1,204.6,fixation
10:21:19.7584,819.9,204.6,fixation
10:21:19.7589,820.1,204.5,fixation
10:21:19.7594,820.4,204.4,fixation
10:21:19.7599,820.8,204.0,fixation
10:21:19.7603,821.0,203.7,fixation
10:21:19.7608,820.9,203.6,fixation
10:21:19.7613,820.8,203.8,fixation
10:21:19.7617,820.7,203.7,fixation
10:21:19.7622,820.7,203.2,fixation
10:21:19.7627,820.6,203.2,fixation
10:21:19.7631,820.5,203.9,fixation
10:21:19.7636,820.2,204.7,fixation
10:21:19.7641,819.9,205.1,fixation
10:21:19.7645,819.7,205.2,fixation
10:21:19.765,819.6,205.1,fixation
10:21:19.7655,819.4,204.7,fixation
10:21:19.766,819.1,204.8,fixation
10:21:19.7664,819.1,205.7,fixation
10:21:19.7669,819.1,206.8,fixation
10:21:19.7674,819.6,207.3,fixation
10:21:19.7678,820.2,207.3,fixation
10:21:19.7683,821.0,207.6,fixation
10:21:19.7688,821.6,208.0,fixation
10:21:19.7692,821.7,208.4,fixation
10:21:19.7697,821.6,208.5,fixation
10:21:19.7702,821.3,208.8,fixation
10:21:19.7706,821.2,208.9,fixation
10:21:19.7711,821.8,209.2,fixation
10:21:19.7716,822.9,209.3,fixation
10:21:19.7721,824.1,209.6,fixation
10:21:19.7725,824.9,207.0,fixation
10:21:19.773,825.4,204.3,fixation
10:21:19.7735,825.8,201.8,fixation
10:21:19.7739,825.8,202.2,fixation
10:21:19.7744,825.5,202.8,fixation
10:21:19.7749,825.2,203.7,fixation
10:21:19.7753,825.1,205.0,fixation
10:21:19.7758,825.2,206.0,fixation
10:21:19.7763,824.5,205.2,fixation
10:21:19.7767,822.4,203.5,fixation
10:21:19.7772,820.3,202.1,fixation
10:21:19.7777,820.3,202.8,fixation
10:21:19.7782,821.4,205.8,fixation
10:21:19.7786,822.0,208.2,fixation
10:21:19.7791,821.2,210.0,fixation
10:21:19.7796,820.6,209.8,fixation
10:21:19.7800,820.9,209.6,fixation
10:21:19.7805,821.1,209.7,fixation
10:21:19.781,821.3,209.9,fixation
10:21:19.7814,821.4,210.4,fixation
10:21:19.7819,821.4,210.7,fixation
10:21:19.7824,821.3,210.7,fixation
10:21:19.7828,820.9,209.9,fixation
10:21:19.7833,820.3,209.1,fixation
10:21:19.7838,819.9,208.4,fixation
10:21:19.7842,819.7,208.1,fixation
10:21:19.7846,819.2,208.2,fixation
10:21:19.7851,818.7,208.3,fixation
10:21:19.7856,818.2,208.7,fixation
10:21:19.7860,818.3,208.7,fixation
10:21:19.7865,818.3,208.8,fixation
10:21:19.787,818.7,209.1,fixation
10:21:19.7874,819.2,208.3,fixation
10:21:19.7879,820.0,207.4,fixation
10:21:19.7884,820.4,206.2,fixation
10:21:19.7888,820.9,206.1,fixation
10:21:19.7892,821.1,206.8,fixation
10:21:19.7897,821.4,207.9,fixation
10:21:19.7902,821.4,208.8,fixation
10:21:19.7906,821.3,208.8,fixation
10:21:19.7911,821.1,208.8,fixation
10:21:19.7916,821.1,209.7,fixation
10:21:19.7920,820.9,210.6,fixation
10:21:19.7925,820.7,211.4,fixation
10:21:19.793,820.5,211.2,fixation
10:21:19.7934,820.9,211.2,fixation
10:21:19.7938,821.5,211.5,fixation
10:21:19.7943,822.1,211.5,fixation
10:21:19.7948,822.3,211.2,fixation
10:21:19.7952,822.1,210.8,fixation
10:21:19.7957,821.8,211.0,fixation
10:21:19.7962,821.5,211.7,fixation
10:21:19.7966,821.3,212.3,fixation
10:21:19.7971,821.4,212.4,fixation
10:21:19.7976,821.5,211.9,fixation
10:21:19.7980,821.0,211.3,fixation
10:21:19.7984,820.2,210.9,fixation
10:21:19.7989,819.4,210.9,fixation
10:21:19.7994,819.0,211.1,fixation
10:21:19.7998,818.8,211.3,fixation
10:21:19.8003,818.6,212.4,fixation
10:21:19.8008,818.6,213.3,fixation
10:21:19.8012,818.5,214.2,fixation
10:21:19.8017,818.5,213.5,fixation
10:21:19.8022,818.6,213.0,fixation
10:21:19.8026,818.8,212.6,fixation
10:21:19.8031,819.0,212.7,fixation
10:21:19.8036,819.0,212.5,fixation
10:21:19.8041,818.9,212.2,fixation
10:21:19.8045,818.7,211.3,fixation
10:21:19.805,818.6,210.9,fixation
10:21:19.8055,818.5,211.3,fixation
10:21:19.8059,818.5,212.2,fixation
10:21:19.8064,818.5,213.7,fixation
10:21:19.8069,817.8,214.1,fixation
10:21:19.8073,817.1,213.6,fixation
10:21:19.8078,816.5,212.2,fixation
10:21:19.8083,816.6,211.9,fixation
10:21:19.8087,817.9,212.7,fixation
10:21:19.8092,819.1,213.8,fixation
10:21:19.8097,820.6,214.0,fixation
10:21:19.8102,820.8,214.3,fixation
10:21:19.8106,820.6,214.5,fixation
10:21:19.8111,820.1,214.6,fixation
10:21:19.8116,819.3,214.4,fixation
10:21:19.8120,819.0,214.0,fixation
10:21:19.8125,818.6,213.5,fixation
10:21:19.813,818.6,212.2,fixation
10:21:19.8134,819.1,211.3,fixation
10:21:19.8139,819.8,210.6,fixation
10:21:19.8144,820.3,211.0,fixation
10:21:19.8148,821.1,211.2,fixation
10:21:19.8153,821.9,211.4,fixation
10:21:19.8158,822.5,211.3,fixation
10:21:19.8163,821.8,211.2,fixation
10:21:19.8167,820.7,211.5,fixation
10:21:19.8172,819.6,211.7,fixation
10:21:19.8177,818.5,212.1,fixation
10:21:19.8181,817.9,212.0,fixation
10:21:19.8186,818.3,211.3,fixation
10:21:19.8191,819.2,210.2,fixation
10:21:19.8195,819.5,208.9,fixation
10:21:19.82,818.6,208.3,fixation
10:21:19.8205,817.6,208.3,fixation
10:21:19.8209,817.8,208.7,fixation
10:21:19.8214,818.4,208.9,fixation
10:21:19.8219,819.1,209.6,fixation
10:21:19.8224,819.2,210.7,fixation
10:21:19.8228,819.4,211.8,fixation
10:21:19.8233,819.1,212.5,fixation
10:21:19.8238,818.6,212.6,fixation
10:21:19.8242,818.6,212.5,fixation
10:21:19.8247,819.6,212.2,fixation
10:21:19.8252,820.7,211.7,fixation
10:21:19.8256,820.3,211.2,fixation
10:21:19.8261,819.2,210.9,fixation
10:21:19.8266,818.3,210.7,fixation
10:21:19.8270,818.8,210.6,fixation
10:21:19.8275,819.2,210.5,fixation
10:21:19.828,819.3,210.2,fixation
10:21:19.8285,819.1,209.6,fixation
10:21:19.8289,819.1,209.5,fixation
10:21:19.8294,819.4,209.6,fixation
10:21:19.8299,820.1,210.1,fixation
10:21:19.8303,820.7,210.0,fixation
10:21:19.8308,821.0,209.8,fixation
10:21:19.8313,821.0,208.8,fixation
10:21:19.8317,820.4,207.9,fixation
10:21:19.8322,819.7,207.1,fixation
10:21:19.8327,819.1,206.9,fixation
10:21:19.8331,819.2,207.2,fixation
10:21:19.8336,819.3,207.6,fixation
10:21:19.8341,819.4,207.9,fixation
10:21:19.8346,819.6,207.9,fixation
10:21:19.8350,819.3,207.4,fixation
10:21:19.8355,818.0,206.5,fixation
10:21:19.836,816.7,205.6,fixation
10:21:19.8364,816.4,205.2,fixation
10:21:19.8369,817.6,206.3,fixation
10:21:19.8374,818.6,207.3,fixation
10:21:19.8378,819.1,208.1,fixation
10:21:19.8383,818.9,207.7,fixation
10:21:19.8388,818.8,207.3,fixation
10:21:19.8392,818.6,207.2,fixation
10:21:19.8397,818.4,207.6,fixation
10:21:19.8402,818.2,207.9,fixation
10:21:19.8407,817.8,208.2,fixation
10:21:19.8411,817.6,207.3,fixation
10:21:19.8416,818.1,206.7,fixation
10:21:19.8421,818.7,206.1,fixation
10:21:19.8425,819.4,206.1,fixation
10:21:19.843,819.5,206.3,fixation
10:21:19.8435,819.7,207.0,fixation
10:21:19.8439,819.8,207.9,fixation
10:21:19.8444,819.6,209.6,fixation
10:21:19.8449,819.1,210.7,fixation
10:21:19.8453,818.6,211.5,fixation
10:21:19.8458,818.6,211.1,fixation
10:21:19.8463,818.7,210.3,fixation
10:21:19.8467,818.7,209.5,fixation
10:21:19.8471,818.6,208.7,fixation
10:21:19.8476,818.4,208.8,fixation
10:21:19.8481,818.7,209.3,fixation
10:21:19.8485,818.7,209.3,fixation
10:21:19.849,818.8,209.2,fixation
10:21:19.8495,820.6,210.2,saccade
10:21:19.8499,821.7,211.4,saccade
10:21:19.8504,821.8,211.8,saccade
10:21:19.8509,822.2,211.1,saccade
10:21:19.8513,822.6,210.1,saccade
10:21:19.8517,824.4,209.5,saccade
10:21:19.8522,826.0,209.9,saccade
10:21:19.8527,827.7,210.4,saccade
10:21:19.8531,828.4,209.7,saccade
10:21:19.8536,829.5,209.1,saccade
10:21:19.8541,830.6,207.6,saccade
10:21:19.8545,832.3,207.6,saccade
10:21:19.855,833.6,207.5,saccade
10:21:19.8555,834.5,207.8,saccade
10:21:19.8559,834.5,206.9,saccade
10:21:19.8563,835.9,203.1,saccade
10:21:19.8568,838.0,199.9,saccade
10:21:19.8573,840.4,196.4,saccade
10:21:19.8577,841.7,195.9,saccade
10:21:19.8582,842.7,194.7,saccade
10:21:19.8587,843.6,193.7,saccade
10:21:19.8591,844.2,192.6,saccade
10:21:19.8596,844.7,192.1,saccade
10:21:19.8601,844.9,193.2,saccade
10:21:19.8605,845.1,194.8,saccade
10:21:19.8609,845.8,196.4,saccade
10:21:19.8614,846.7,196.3,saccade
10:21:19.8619,846.6,195.5,saccade
10:21:19.8623,845.7,194.5,saccade
10:21:19.8628,844.6,194.0,saccade
10:21:19.8633,844.1,193.7,saccade
10:21:19.8637,843.4,193.2,saccade
10:21:19.8642,842.9,192.9,saccade
10:21:19.8647,842.5,194.3,saccade
10:21:19.8651,841.3,195.8,saccade
10:21:19.8656,839.1,197.1,fixation
10:21:19.8661,838.4,197.1,fixation
10:21:19.8666,837.3,197.0,fixation
10:21:19.8670,835.2,196.8,fixation
10:21:19.8675,833.7,196.3,fixation
10:21:19.868,832.8,195.8,fixation
10:21:19.8684,833.1,196.2,fixation
10:21:19.8689,833.4,197.1,fixation
10:21:19.8694,833.8,198.3,fixation
10:21:19.8698,834.1,198.7,fixation
10:21:19.8703,834.2,198.6,fixation
10:21:19.8708,834.2,198.0,fixation
10:21:19.8712,834.6,197.6,fixation
10:21:19.8717,835.1,197.9,fixation
10:21:19.8722,835.6,198.0,fixation
10:21:19.8727,835.7,197.8,fixation
10:21:19.8731,835.3,197.6,fixation
10:21:19.8736,834.9,197.6,fixation
10:21:19.8741,834.3,197.2,fixation
10:21:19.8745,834.0,197.1,fixation
10:21:19.875,833.6,197.0,fixation
10:21:19.8755,835.5,197.7,fixation
10:21:19.8759,837.7,198.1,fixation
10:21:19.8764,839.7,198.5,fixation
10:21:19.8769,839.5,197.1,fixation
10:21:19.8773,838.8,195.3,fixation
10:21:19.8778,838.2,193.5,fixation
10:21:19.8783,837.6,192.9,fixation
10:21:19.8788,836.7,192.6,fixation
10:21:19.8792,835.8,192.9,fixation
10:21:19.8797,835.9,193.7,fixation
10:21:19.8802,836.6,195.3,fixation
10:21:19.8806,837.3,196.9,fixation
10:21:19.8811,837.0,198.3,fixation
10:21:19.8816,836.7,198.1,fixation
10:21:19.8820,836.0,196.5,fixation
10:21:19.8825,835.5,194.8,fixation
10:21:19.883,834.8,193.2,fixation
10:21:19.8834,834.7,191.9,fixation
10:21:19.8839,834.8,190.7,fixation
10:21:19.8844,835.2,191.5,fixation
10:21:19.8849,835.5,192.7,fixation
10:21:19.8853,835.4,192.8,fixation
10:21:19.8858,835.3,191.8,fixation
10:21:19.8863,834.9,190.5,fixation
10:21:19.8867,834.7,190.3,fixation
10:21:19.8872,834.0,191.4,fixation
10:21:19.8877,833.5,192.6,fixation
10:21:19.8881,834.6,194.7,fixation
10:21:19.8886,836.2,194.8,fixation
10:21:19.8891,837.7,195.0,fixation
10:21:19.8895,837.2,194.2,fixation
10:21:19.89,836.8,194.6,fixation
10:21:19.8905,836.9,195.1,fixation
10:21:19.891,837.2,195.8,fixation
10:21:19.8914,837.7,196.3,fixation
10:21:19.8919,837.8,196.7,fixation
10:21:19.8924,838.0,196.7,fixation
10:21:19.8928,838.3,196.0,fixation
10:21:19.8933,838.7,194.8,fixation
10:21:19.8938,838.0,193.7,fixation
10:21:19.8942,837.2,193.9,fixation
10:21:19.8947,836.4,194.6,fixation
10:21:19.8952,836.6,195.5,fixation
10:21:19.8956,836.1,194.4,fixation
10:21:19.8961,835.6,193.4,fixation
10:21:19.8966,834.8,194.1,fixation
10:21:19.8971,834.5,195.7,fixation
10:21:19.8975,834.6,197.3,fixation
10:21:19.898,835.0,196.4,fixation
10:21:19.8985,835.4,196.0,fixation
10:21:19.8989,835.5,195.5,fixation
10:21:19.8994,835.5,195.7,fixation
10:21:19.8999,835.6,194.4,fixation
10:21:19.9003,835.7,193.1,fixation
10:21:19.9008,835.7,192.3,fixation
10:21:19.9013,835.6,193.1,fixation
10:21:19.9017,835.4,193.8,fixation
10:21:19.9022,835.2,194.6,fixation
10:21:19.9027,835.3,195.0,fixation
10:21:19.9032,835.1,195.5,fixation
10:21:19.9036,834.9,195.7,fixation
10:21:19.9041,834.6,195.9,fixation
10:21:19.9046,834.7,194.9,fixation
10:21:19.9050,834.8,193.8,fixation
10:21:19.9055,835.1,192.7,fixation
10:21:19.906,835.2,191.9,fixation
10:21:19.9064,835.1,191.2,fixation
10:21:19.9069,834.6,191.7,fixation
10:21:19.9074,834.0,192.7,fixation
10:21:19.9078,833.8,194.2,fixation
10:21:19.9083,833.9,194.5,fixation
10:21:19.9088,834.1,194.9,fixation
10:21:19.9092,834.3,195.0,fixation
10:21:19.9096,834.5,195.1,fixation
10:21:19.9101,834.6,195.2,fixation
10:21:19.9106,834.8,195.3,fixation
10:21:19.9110,835.6,195.2,fixation
10:21:19.9115,836.3,195.0,fixation
10:21:19.912,836.8,194.7,fixation
10:21:19.9124,835.8,193.8,fixation
10:21:19.9129,835.0,191.9,fixation
10:21:19.9134,835.3,190.2,fixation
10:21:19.9138,836.5,189.5,fixation
10:21:19.9142,837.5,190.0,fixation
10:21:19.9147,837.3,190.5,fixation
10:21:19.9152,837.3,190.8,fixation
10:21:19.9156,837.5,190.9,fixation
10:21:19.9161,837.4,191.5,fixation
10:21:19.9166,837.1,192.9,fixation
10:21:19.9170,837.9,194.5,fixation
10:21:19.9175,839.0,195.5,fixation
10:21:19.918,838.8,195.5,fixation
10:21:19.9184,837.4,195.3,fixation
10:21:19.9188,836.5,194.1,fixation
10:21:19.9193,836.9,193.3,fixation
10:21:19.9198,837.2,192.5,fixation
10:21:19.9202,837.4,191.2,fixation
10:21:19.9207,837.6,189.7,fixation
10:21:19.9212,837.8,188.3,fixation
10:21:19.9216,837.9,188.6,fixation
10:21:19.9221,837.9,189.0,fixation
10:21:19.9226,837.8,189.6,fixation
10:21:19.9230,837.6,190.0,fixation
10:21:19.9234,837.5,190.0,fixation
10:21:19.9239,837.4,189.7,fixation
10:21:19.9244,837.5,189.2,fixation
10:21:19.9248,837.6,189.0,fixation
10:21:19.9253,837.6,189.2,fixation
10:21:19.9258,837.7,189.6,fixation
10:21:19.9262,837.9,189.9,fixation
10:21:19.9267,838.3,189.9,fixation
10:21:19.9272,838.6,190.0,fixation
10:21:19.9276,838.5,190.0,fixation
10:21:19.9281,838.2,190.1,fixation
10:21:19.9286,838.3,190.2,fixation
10:21:19.9291,838.5,189.8,fixation
10:21:19.9295,839.2,189.4,fixation
10:21:19.93,839.6,188.7,fixation
10:21:19.9305,840.0,188.5,fixation
10:21:19.9309,839.8,189.4,fixation
10:21:19.9314,839.3,190.6,fixation
10:21:19.9319,838.8,191.7,fixation
10:21:19.9323,838.5,192.1,fixation
10:21:19.9328,838.1,192.9,fixation
10:21:19.9333,837.7,195.0,fixation
10:21:19.9337,837.4,196.6,fixation
10:21:19.9342,837.2,196.1,fixation
10:21:19.9347,837.2,194.3,fixation
10:21:19.9352,838.0,192.5,fixation
10:21:19.9356,838.8,192.3,fixation
10:21:19.9361,839.4,192.9,fixation
10:21:19.9366,839.3,193.8,fixation
10:21:19.9370,839.0,194.6,fixation
10:21:19.9375,838.9,194.2,fixation
10:21:19.938,839.6,193.5,fixation
10:21:19.9384,840.3,192.7,fixation
10:21:19.9389,841.1,192.0,fixation
10:21:19.9394,841.1,191.6,fixation
10:21:19.9398,840.7,191.3,fixation
10:21:19.9403,840.4,190.0,fixation
10:21:19.9408,839.8,188.5,fixation
10:21:19.9413,838.9,188.0,fixation
10:21:19.9417,838.0,189.0,fixation
10:21:19.9422,837.6,190.2,fixation
10:21:19.9427,837.9,190.6,fixation
10:21:19.9431,838.2,190.8,fixation
10:21:19.9436,838.0,190.8,fixation
10:21:19.9441,837.5,190.7,fixation
10:21:19.9445,837.0,190.6,fixation
10:21:19.945,836.6,191.1,fixation
10:21:19.9455,836.5,192.0,fixation
10:21:19.9459,836.7,192.9,fixation
10:21:19.9464,836.7,193.5,fixation
10:21:19.9469,836.7,193.6,fixation
10:21:19.9474,836.9,192.3,fixation
10:21:19.9478,837.1,190.9,fixation
10:21:19.9483,836.7,191.7,fixation
10:21:19.9488,836.0,193.9,fixation
10:21:19.9492,835.3,194.9,fixation
10:21:19.9497,835.5,193.8,fixation
10:21:19.9502,836.1,192.8,fixation
10:21:19.9506,836.8,193.0,fixation
10:21:19.9511,837.5,192.9,fixation
10:21:19.9516,837.7,192.7,fixation
10:21:19.9520,837.9,192.6,fixation
10:21:19.9525,838.2,192.7,fixation
10:21:19.953,839.2,192.3,fixation
10:21:19.9535,840.0,191.7,fixation
10:21:19.9539,840.7,191.7,fixation
10:21:19.9544,839.7,192.2,fixation
10:21:19.9549,838.4,192.6,fixation
10:21:19.9553,837.1,192.3,fixation
10:21:19.9558,836.6,192.2,fixation
10:21:19.9563,836.4,192.2,fixation
10:21:19.9567,836.1,192.3,fixation
10:21:19.9572,836.0,192.3,fixation
10:21:19.9577,835.7,192.3,fixation
10:21:19.9581,835.4,192.3,fixation
10:21:19.9586,835.0,192.5,fixation
10:21:19.9591,835.0,192.9,fixation
10:21:19.9596,835.0,193.2,fixation
10:21:19.9600,835.3,192.5,fixation
10:21:19.9605,835.5,191.8,fixation
10:21:19.961,835.7,191.2,fixation
10:21:19.9614,835.5,192.7,fixation
10:21:19.9619,835.4,193.7,fixation
10:21:19.9624,835.5,194.3,fixation
10:21:19.9628,835.7,193.6,fixation
10:21:19.9633,835.7,193.3,fixation
10:21:19.9638,835.6,193.2,fixation
10:21:19.9642,835.8,193.4,fixation
10:21:19.9647,836.4,194.1,fixation
10:21:19.9652,837.4,195.3,fixation
10:21:19.9657,838.2,196.4,fixation
10:21:19.9661,838.2,197.0,fixation
10:21:19.9666,837.8,197.8,fixation
10:21:19.9671,837.4,198.9,fixation
10:21:19.9675,837.4,200.5,fixation
10:21:19.968,837.4,201.8,fixation
10:21:19.9685,837.3,202.5,fixation
10:21:19.9689,837.2,201.9,fixation
10:21:19.9694,837.2,200.7,fixation
10:21:19.9699,837.1,199.6,fixation
10:21:19.9703,836.9,199.8,fixation
10:21:19.9708,836.5,201.1,fixation
10:21:19.9713,836.4,202.4,fixation
10:21:19.9717,836.5,202.3,fixation
10:21:19.9721,836.8,201.7,fixation
10:21:19.9726,837.0,201.0,fixation
10:21:19.9731,836.6,201.2,fixation
10:21:19.9735,835.9,201.0,fixation
10:21:19.974,835.2,200.8,fixation
10:21:19.9745,835.0,200.8,fixation
10:21:19.9749,835.0,200.8,fixation
10:21:19.9754,835.1,200.8,fixation
10:21:19.9759,835.2,200.6,fixation
10:21:19.9763,835.7,200.1,fixation
10:21:19.9767,836.2,199.7,fixation
10:21:19.9772,835.9,199.3,fixation
10:21:19.9777,835.4,197.6,fixation
10:21:19.9781,835.0,195.8,fixation
10:21:19.9786,835.2,193.6,fixation
10:21:19.9791,835.3,193.0,fixation
10:21:19.9795,835.1,194.9,fixation
10:21:19.98,834.9,197.3,fixation
10:21:19.9805,834.8,198.5,fixation
10:21:19.9809,835.0,197.1,fixation
10:21:19.9813,835.3,195.7,fixation
10:21:19.9818,835.2,195.1,fixation
10:21:19.9823,835.0,194.4,fixation
10:21:19.9827,834.9,193.6,fixation
10:21:19.9832,834.8,193.2,fixation
10:21:19.9837,835.1,193.4,fixation
10:21:19.9841,835.8,193.8,fixation
10:21:19.9846,836.5,194.1,fixation
10:21:19.9851,837.0,194.2,fixation
10:21:19.9855,837.2,194.3,fixation
10:21:19.9859,837.2,194.6,fixation
10:21:19.9864,837.1,194.8,fixation
10:21:19.9869,836.6,196.4,fixation
10:21:19.9873,836.1,197.8,fixation
10:21:19.9878,835.7,199.1,fixation
10:21:19.9883,835.7,198.7,fixation
10:21:19.9887,836.4,198.1,fixation
10:21:19.9892,837.4,196.7,fixation
10:21:19.9897,838.2,195.4,fixation
10:21:19.9901,838.3,194.3,fixation
10:21:19.9906,838.5,194.2,fixation
10:21:19.9911,839.0,193.6,fixation
10:21:19.9916,839.4,193.0,fixation
10:21:19.9920,838.8,192.4,fixation
10:21:19.9925,838.0,192.3,fixation
10:21:19.993,837.1,192.3,fixation
10:21:19.9934,837.1,192.6,fixation
10:21:19.9939,837.0,193.1,fixation
10:21:19.9944,836.3,193.9,fixation
10:21:19.9948,834.9,194.5,fixation
10:21:19.9953,833.9,193.9,fixation
10:21:19.9958,833.6,193.1,fixation
10:21:19.9962,834.4,192.6,fixation
10:21:19.9967,835.1,191.8,fixation
10:21:19.9972,835.7,190.8,fixation
10:21:19.9977,836.1,189.4,fixation
10:21:19.9981,836.3,188.9,fixation
10:21:19.9986,836.7,188.0,fixation
10:21:19.9991,836.4,187.3,fixation
10:21:19.9995,836.1,187.1,fixation
10:21:20.,836.7,187.5,fixation
10:21:20.0005,837.7,188.2,fixation
10:21:20.0009,838.7,188.9,fixation
10:21:20.0014,838.8,189.4,fixation
10:21:20.0019,838.4,188.1,fixation
10:21:20.0023,837.5,186.5,fixation
10:21:20.0028,836.5,185.3,fixation
10:21:20.0033,835.8,186.1,fixation
10:21:20.0038,835.6,188.7,fixation
10:21:20.0042,835.5,190.8,fixation
10:21:20.0047,835.3,192.3,fixation
10:21:20.0052,835.4,192.2,fixation
10:21:20.0056,835.4,192.1,fixation
10:21:20.0061,835.2,192.0,fixation
10:21:20.0066,835.2,192.1,fixation
10:21:20.0070,835.3,192.3,fixation
10:21:20.0075,835.3,192.8,fixation
10:21:20.008,835.1,194.4,fixation
10:21:20.0084,834.7,195.9,fixation
10:21:20.0089,834.7,195.1,fixation
10:21:20.0094,835.2,192.5,fixation
10:21:20.0099,835.9,190.0,fixation
10:21:20.0103,836.9,189.6,fixation
10:21:20.0108,837.5,189.7,fixation
10:21:20.0113,838.1,189.8,fixation
10:21:20.0117,838.1,189.7,fixation
10:21:20.0122,837.8,189.6,fixation
10:21:20.0127,836.0,189.6,saccade
10:21:20.0131,834.9,189.9,saccade
10:21:20.0136,833.7,189.7,saccade
10:21:20.0141,833.5,189.4,saccade
10:21:20.0145,833.4,189.7,saccade
10:21:20.015,833.5,189.9,saccade
10:21:20.0155,833.6,190.1,saccade
10:21:20.016,833.8,190.8,saccade
10:21:20.0164,834.1,191.9,saccade
10:21:20.0169,834.6,193.2,saccade
10:21:20.0174,835.2,193.4,saccade
10:21:20.0178,836.0,191.7,saccade
10:21:20.0183,836.6,189.8,saccade
10:21:20.0188,838.4,189.3,saccade
10:21:20.0192,840.7,190.8,saccade
10:21:20.0197,843.9,192.4,saccade
10:21:20.0202,846.7,192.8,saccade
10:21:20.0206,849.3,193.1,saccade
10:21:20.0211,852.4,193.6,saccade
10:21:20.0216,856.0,194.1,saccade
10:21:20.0221,859.7,195.0,saccade
10:21:20.0225,863.1,195.8,saccade
10:21:20.023,865.5,196.5,saccade
10:21:20.0235,868.7,195.4,saccade
10:21:20.0239,871.2,194.2,saccade
10:21:20.0244,874.0,193.1,saccade
10:21:20.0249,875.8,193.6,saccade
10:21:20.0253,878.3,194.3,saccade
10:21:20.0258,880.2,194.9,saccade
10:21:20.0263,881.9,194.7,saccade
10:21:20.0267,882.6,192.4,saccade
10:21:20.0272,882.9,190.0,saccade
10:21:20.0277,883.4,188.0,saccade
10:21:20.0282,884.0,187.9,saccade
10:21:20.0286,886.1,189.2,saccade
10:21:20.0291,888.2,190.7,saccade
10:21:20.0296,890.1,192.2,saccade
10:21:20.0300,889.8,193.0,saccade
10:21:20.0305,889.1,193.6,saccade
10:21:20.031,888.2,194.4,fixation
10:21:20.0314,887.9,192.3,fixation
10:21:20.0319,887.6,190.2,fixation
10:21:20.0324,887.2,189.0,fixation
10:21:20.0328,886.3,189.7,fixation
10:21:20.0333,885.5,190.5,fixation
10:21:20.0338,884.7,190.3,fixation
10:21:20.0342,883.7,191.1,fixation
10:21:20.0346,882.8,191.8,fixation
10:21:20.0351,881.4,192.4,fixation
10:21:20.0356,879.4,192.1,fixation
10:21:20.0360,877.4,191.8,fixation
10:21:20.0365,876.0,191.6,fixation
10:21:20.037,876.5,191.8,fixation
10:21:20.0374,876.9,192.1,fixation
10:21:20.0379,877.2,192.3,fixation
10:21:20.0384,878.0,192.8,fixation
10:21:20.0388,878.8,193.3,fixation
10:21:20.0392,879.4,192.6,fixation
10:21:20.0397,879.0,191.6,fixation
10:21:20.0402,877.9,190.5,fixation
10:21:20.0406,877.1,190.1,fixation
10:21:20.0411,876.3,189.6,fixation
10:21:20.0416,876.2,189.1,fixation
10:21:20.0420,876.0,189.1,fixation
10:21:20.0425,875.5,189.2,fixation
10:21:20.043,874.9,189.2,fixation
10:21:20.0434,874.8,189.3,fixation
10:21:20.0438,875.3,189.2,fixation
10:21:20.0443,875.7,189.2,fixation
10:21:20.0448,875.6,189.1,fixation
10:21:20.0452,875.4,188.9,fixation
10:21:20.0457,875.1,188.1,fixation
10:21:20.0462,874.8,187.3,fixation
10:21:20.0466,874.5,186.0,fixation
10:21:20.0471,874.7,185.3,fixation
10:21:20.0476,874.8,185.9,fixation
10:21:20.0480,875.0,187.2,fixation
10:21:20.0484,875.0,188.8,fixation
10:21:20.0489,875.2,189.3,fixation
10:21:20.0494,875.4,189.8,fixation
10:21:20.0498,875.6,190.3,fixation
10:21:20.0503,875.2,190.7,fixation
10:21:20.0508,874.6,191.1,fixation
10:21:20.0512,874.0,191.3,fixation
10:21:20.0517,874.1,190.4,fixation
10:21:20.0522,874.4,189.6,fixation
10:21:20.0526,875.2,190.1,fixation
10:21:20.0531,875.9,190.8,fixation
10:21:20.0536,876.4,191.7,fixation
10:21:20.0541,876.4,191.4,fixation
10:21:20.0545,875.9,191.6,fixation
10:21:20.055,875.4,192.2,fixation
10:21:20.0555,874.7,192.6,fixation
10:21:20.0559,874.2,192.9,fixation
10:21:20.0564,873.7,192.5,fixation
10:21:20.0569,873.1,191.5,fixation
10:21:20.0573,872.6,190.6,fixation
10:21:20.0578,872.6,189.4,fixation
10:21:20.0583,873.1,188.9,fixation
10:21:20.0587,873.6,188.4,fixation
10:21:20.0592,874.0,188.4,fixation
10:21:20.0597,874.3,188.7,fixation
10:21:20.0602,874.5,189.0,fixation
10:21:20.0606,874.3,189.5,fixation
10:21:20.0611,874.0,189.6,fixation
10:21:20.0616,873.5,189.6,fixation
10:21:20.0620,873.2,189.1,fixation
10:21:20.0625,873.1,188.6,fixation
10:21:20.063,873.4,188.2,fixation
10:21:20.0634,874.0,188.6,fixation
10:21:20.0639,874.7,189.1,fixation
10:21:20.0644,875.1,189.6,fixation
10:21:20.0648,875.3,189.2,fixation
10:21:20.0653,875.4,188.4,fixation
10:21:20.0658,875.4,186.5,fixation
10:21:20.0663,875.3,185.1,fixation
10:21:20.0667,875.3,184.5,fixation
10:21:20.0672,874.2,184.7,fixation
10:21:20.0677,873.1,184.9,fixation
10:21:20.0681,872.9,184.8,fixation
10:21:20.0686,873.6,185.3,fixation
10:21:20.0691,874.3,186.2,fixation
10:21:20.0695,874.5,187.2,fixation
10:21:20.07,875.4,188.1,fixation
10:21:20.0705,876.4,188.2,fixation
10:21:20.0709,876.0,187.3,fixation
10:21:20.0714,874.9,186.8,fixation
10:21:20.0719,874.4,186.7,fixation
10:21:20.0724,875.0,187.3,fixation
10:21:20.0728,875.4,187.4,fixation
10:21:20.0733,875.0,187.9,fixation
10:21:20.0738,874.7,188.3,fixation
10:21:20.0742,874.7,188.5,fixation
10:21:20.0747,874.7,187.4,fixation
10:21:20.0752,874.7,185.9,fixation
10:21:20.0756,874.7,184.8,fixation
10:21:20.0761,875.1,184.6,fixation
10:21:20.0766,875.3,185.0,fixation
10:21:20.0770,875.5,185.5,fixation
10:21:20.0775,874.3,185.5,fixation
10:21:20.078,873.2,185.1,fixation
10:21:20.0785,873.1,184.2,fixation
10:21:20.0789,874.0,183.6,fixation
10:21:20.0794,874.9,183.5,fixation
10:21:20.0799,874.9,183.7,fixation
10:21:20.0803,874.8,183.8,fixation
10:21:20.0808,874.8,183.1,fixation
10:21:20.0813,874.7,182.9,fixation
10:21:20.0817,874.5,182.6,fixation
10:21:20.0822,874.1,182.9,fixation
10:21:20.0827,873.8,182.6,fixation
10:21:20.0831,873.8,181.7,fixation
10:21:20.0836,874.2,181.0,fixation
10:21:20.0841,874.6,180.4,fixation
10:21:20.0846,875.0,180.5,fixation
10:21:20.0850,875.0,180.7,fixation
10:21:20.0855,875.0,180.8,fixation
10:21:20.086,875.0,181.1,fixation
10:21:20.0864,875.1,180.8,fixation
10:21:20.0869,875.1,180.4,fixation
10:21:20.0874,874.9,180.3,fixation
10:21:20.0878,874.5,180.7,fixation
10:21:20.0883,874.0,181.0,fixation
10:21:20.0888,873.8,181.8,fixation
10:21:20.0892,873.9,182.6,fixation
10:21:20.0897,874.3,184.6,fixation
10:21:20.0902,874.8,185.8,fixation
10:21:20.0907,875.4,185.3,fixation
10:21:20.0911,875.6,183.9,fixation
10:21:20.0916,875.9,182.7,fixation
10:21:20.0921,875.9,183.1,fixation
10:21:20.0925,875.9,182.8,fixation
10:21:20.093,876.1,182.3,fixation
10:21:20.0935,876.2,183.0,fixation
10:21:20.0939,875.7,184.1,fixation
10:21:20.0944,875.1,184.3,fixation
10:21:20.0949,874.5,183.1,fixation
10:21:20.0953,874.3,181.9,fixation
10:21:20.0958,874.7,181.7,fixation
10:21:20.0963,875.1,181.6,fixation
10:21:20.0967,875.5,181.6,fixation
10:21:20.0971,875.0,183.2,fixation
10:21:20.0976,874.7,184.9,fixation
10:21:20.0981,875.0,185.3,fixation
10:21:20.0985,876.4,183.4,fixation
10:21:20.099,877.8,181.7,fixation
10:21:20.0995,878.3,181.5,fixation
10:21:20.0999,878.1,183.3,fixation
10:21:20.1004,877.8,184.8,fixation
10:21:20.1009,878.0,186.2,fixation
10:21:20.1013,878.2,186.1,fixation
10:21:20.1017,878.2,186.0,fixation
10:21:20.1022,878.5,185.1,fixation
10:21:20.1027,878.7,184.4,fixation
10:21:20.1031,879.0,184.0,fixation
10:21:20.1036,878.7,184.2,fixation
10:21:20.1041,878.6,184.5,fixation
10:21:20.1045,878.6,185.4,fixation
10:21:20.105,878.7,185.9,fixation
10:21:20.1055,878.4,186.5,fixation
10:21:20.1059,877.7,186.2,fixation
10:21:20.1063,876.9,186.4,fixation
10:21:20.1068,876.1,186.4,fixation
10:21:20.1073,875.4,186.3,fixation
10:21:20.1077,874.8,186.0,fixation
10:21:20.1082,874.6,186.7,fixation
10:21:20.1087,874.3,188.3,fixation
10:21:20.1091,874.3,189.3,fixation
10:21:20.1096,874.2,189.7,fixation
10:21:20.1101,874.3,189.3,fixation
10:21:20.1105,874.0,189.5,fixation
10:21:20.1109,873.6,189.4,fixation
10:21:20.1114,873.5,189.4,fixation
10:21:20.1119,873.6,188.4,fixation
10:21:20.1123,873.6,187.9,fixation
10:21:20.1128,874.1,188.0,fixation
10:21:20.1133,875.1,189.2,fixation
10:21:20.1137,876.1,189.8,fixation
10:21:20.1142,876.1,189.6,fixation
10:21:20.1147,875.5,188.7,fixation
10:21:20.1151,874.8,187.9,fixation
10:21:20.1156,874.7,187.3,fixation
10:21:20.1161,874.5,187.2,fixation
10:21:20.1166,874.5,186.2,fixation
10:21:20.1170,873.8,185.1,fixation
10:21:20.1175,873.1,184.1,fixation
10:21:20.118,873.1,184.2,fixation
10:21:20.1184,873.6,184.7,fixation
10:21:20.1189,874.2,185.2,fixation
10:21:20.1194,874.2,185.8,fixation
10:21:20.1198,874.9,186.3,fixation
10:21:20.1203,875.5,187.0,fixation
10:21:20.1208,876.0,187.5,fixation
10:21:20.1212,875.8,187.7,fixation
10:21:20.1217,875.7,186.4,fixation
10:21:20.1222,875.6,185.0,fixation
10:21:20.1227,875.4,183.8,fixation
10:21:20.1231,875.2,184.2,fixation
10:21:20.1236,875.0,184.2,fixation
10:21:20.1241,875.1,184.1,fixation
10:21:20.1245,875.2,184.0,fixation
10:21:20.125,875.4,183.7,fixation
10:21:20.1255,875.6,183.3,fixation
10:21:20.1259,875.5,184.7,fixation
10:21:20.1264,875.2,186.6,fixation
10:21:20.1269,874.9,187.2,fixation
10:21:20.1273,874.9,185.5,fixation
10:21:20.1278,874.9,183.5,fixation
10:21:20.1283,874.9,182.8,fixation
10:21:20.1288,874.8,182.9,fixation
10:21:20.1292,874.6,183.2,fixation
10:21:20.1297,874.6,183.0,fixation
10:21:20.1302,874.7,182.6,fixation
10:21:20.1306,874.7,183.2,fixation
10:21:20.1311,873.9,184.1,fixation
10:21:20.1316,873.1,184.9,fixation
10:21:20.1320,872.4,184.4,fixation
10:21:20.1325,872.5,182.4,fixation
10:21:20.133,872.6,180.6,fixation
10:21:20.1334,872.6,179.1,fixation
10:21:20.1339,872.5,179.3,fixation
10:21:20.1344,872.8,179.4,fixation
10:21:20.1349,873.1,179.4,fixation
10:21:20.1353,873.6,179.6,fixation
10:21:20.1358,873.7,180.3,fixation
10:21:20.1363,874.3,181.1,fixation
10:21:20.1367,874.7,181.5,fixation
10:21:20.1372,874.9,181.6,fixation
10:21:20.1377,874.7,181.7,fixation
10:21:20.1381,874.6,182.0,fixation
10:21:20.1386,874.7,182.2,fixation
10:21:20.1391,875.0,180.7,fixation
10:21:20.1395,875.3,179.2,fixation
10:21:20.14,875.6,177.7,fixation
10:21:20.1405,875.6,177.8,fixation
10:21:20.141,875.5,178.2,fixation
10:21:20.1414,875.4,178.4,fixation
10:21:20.1419,875.4,178.6,fixation
10:21:20.1424,875.1,178.2,fixation
10:21:20.1428,874.8,177.5,fixation
10:21:20.1433,875.4,176.8,fixation
10:21:20.1438,876.2,176.2,fixation
10:21:20.1442,876.3,175.3,fixation
10:21:20.1447,875.5,174.3,fixation
10:21:20.1452,874.9,174.8,fixation
10:21:20.1456,875.4,176.2,fixation
10:21:20.1461,876.0,177.7,fixation
10:21:20.1466,876.3,177.7,fixation
10:21:20.1471,876.3,177.9,fixation
10:21:20.1475,876.2,178.1,fixation
10:21:20.148,876.2,177.7,fixation
10:21:20.1485,876.4,176.7,fixation
10:21:20.1489,877.0,175.5,fixation
10:21:20.1494,877.3,174.9,fixation
10:21:20.1499,877.5,175.7,fixation
10:21:20.1503,877.4,177.8,fixation
10:21:20.1508,877.3,180.4,fixation
10:21:20.1513,876.5,181.9,fixation
10:21:20.1517,875.8,183.1,fixation
10:21:20.1522,875.1,183.9,fixation
10:21:20.1527,874.9,184.8,fixation
10:21:20.1532,874.9,183.6,fixation
10:21:20.1536,874.8,182.4,fixation
10:21:20.1541,875.2,181.2,fixation
10:21:20.1546,875.3,181.9,fixation
10:21:20.1550,874.9,182.5,fixation
10:21:20.1555,873.8,183.0,fixation
10:21:20.156,872.4,181.8,fixation
10:21:20.1564,871.5,181.7,fixation
10:21:20.1569,871.9,182.9,fixation
10:21:20.1574,872.7,185.3,fixation
10:21:20.1578,873.7,186.0,fixation
10:21:20.1583,873.7,185.4,fixation
10:21:20.1588,874.2,184.8,fixation
10:21:20.1592,874.7,184.9,fixation
10:21:20.1596,874.5,184.8,fixation
10:21:20.1601,873.8,184.6,fixation
10:21:20.1606,873.2,184.1,fixation
10:21:20.1610,873.6,184.4,fixation
10:21:20.1615,874.0,184.8,fixation
10:21:20.162,874.5,184.5,fixation
10:21:20.1624,874.2,183.5,fixation
10:21:20.1629,874.0,182.8,fixation
10:21:20.1634,873.7,183.1,fixation
10:21:20.1638,873.5,184.0,fixation
10:21:20.1642,873.3,184.8,fixation
10:21:20.1647,874.0,185.5,fixation
10:21:20.1652,874.6,185.6,fixation
10:21:20.1656,875.2,185.7,fixation
10:21:20.1661,875.5,185.8,fixation
10:21:20.1666,876.0,185.9,fixation
10:21:20.1670,876.6,186.0,fixation
10:21:20.1675,876.7,185.7,fixation
10:21:20.168,876.7,185.4,fixation
10:21:20.1684,877.3,185.1,fixation
10:21:20.1688,877.9,185.0,fixation
10:21:20.1693,878.1,185.6,fixation
10:21:20.1698,877.5,186.1,fixation
10:21:20.1702,876.9,187.1,fixation
10:21:20.1707,876.5,187.5,fixation
10:21:20.1712,876.6,187.0,fixation
10:21:20.1716,876.8,186.1,fixation
10:21:20.1721,876.7,185.1,fixation
10:21:20.1726,876.5,185.1,fixation
10:21:20.1730,876.3,184.9,fixation
10:21:20.1734,876.3,184.7,fixation
10:21:20.1739,876.2,184.4,fixation
10:21:20.1744,875.9,184.3,fixation
10:21:20.1748,876.0,183.7,fixation
10:21:20.1753,876.3,182.5,fixation
10:21:20.1758,875.8,181.2,fixation
10:21:20.1762,875.1,180.9,fixation
10:21:20.1767,874.5,181.3,fixation
10:21:20.1772,874.8,181.7,fixation
10:21:20.1776,875.0,181.5,fixation
10:21:20.1781,875.0,181.3,fixation
10:21:20.1786,875.1,181.8,fixation
10:21:20.1791,875.3,182.0,fixation
10:21:20.1795,875.6,182.1,fixation
10:21:20.18,875.4,181.6,fixation
10:21:20.1805,875.2,181.7,fixation
10:21:20.1809,875.4,182.1,fixation
10:21:20.1814,875.8,182.8,fixation
10:21:20.1819,875.9,183.3,fixation
10:21:20.1823,875.5,184.7,fixation
10:21:20.1828,875.1,185.9,fixation
10:21:20.1833,875.1,186.5,fixation
10:21:20.1837,875.3,185.0,fixation
10:21:20.1842,875.6,183.4,fixation
10:21:20.1847,875.8,182.3,fixation
10:21:20.1852,875.9,182.1,fixation
10:21:20.1856,876.1,182.3,fixation
10:21:20.1861,876.3,182.5,fixation
10:21:20.1866,876.6,182.9,fixation
10:21:20.1870,876.7,183.2,fixation
10:21:20.1875,876.2,183.2,fixation
10:21:20.188,875.7,183.1,fixation
10:21:20.1884,875.4,182.9,fixation
10:21:20.1889,875.6,183.2,fixation
10:21:20.1894,875.7,183.5,fixation
10:21:20.1898,875.3,183.6,fixation
10:21:20.1903,875.0,182.0,fixation
10:21:20.1908,875.3,180.3,fixation
10:21:20.1913,876.3,178.8,fixation
10:21:20.1917,877.2,179.1,fixation
10:21:20.1922,877.4,180.1,fixation
10:21:20.1927,877.3,181.0,fixation
10:21:20.1931,877.2,181.7,fixation
10:21:20.1936,877.1,182.2,fixation
10:21:20.1941,877.1,182.7,fixation
10:21:20.1945,877.2,183.4,fixation
10:21:20.195,877.3,184.1,fixation
10:21:20.1955,877.3,184.7,fixation
10:21:20.1959,877.3,185.1,fixation
10:21:20.1964,877.7,185.3,fixation
10:21:20.1969,877.9,186.0,fixation
10:21:20.1974,878.1,186.6,fixation
10:21:20.1978,878.2,186.7,fixation
10:21:20.1983,878.5,186.3,fixation
10:21:20.1988,878.9,185.9,fixation
10:21:20.1992,878.9,186.8,fixation
10:21:20.1997,878.8,187.7,fixation
10:21:20.2002,878.5,188.7,fixation
10:21:20.2006,878.6,187.5,fixation
10:21:20.2011,879.2,186.5,fixation
10:21:20.2016,879.8,185.2,fixation
10:21:20.2020,880.5,184.6,fixation
10:21:20.2025,880.6,183.9,fixation
10:21:20.203,880.1,183.6,fixation
10:21:20.2035,879.5,183.8,fixation
10:21:20.2039,878.8,183.9,fixation
10:21:20.2044,878.8,183.8,fixation
10:21:20.2049,878.8,184.3,fixation
10:21:20.2053,878.8,184.9,fixation
10:21:20.2058,878.7,185.3,fixation
10:21:20.2063,879.0,185.2,fixation
10:21:20.2067,879.4,185.2,fixation
10:21:20.2072,879.0,185.2,fixation
10:21:20.2077,878.3,185.2,fixation
10:21:20.2081,877.9,185.2,fixation
10:21:20.2086,878.1,185.3,fixation
10:21:20.2091,878.1,185.2,fixation
10:21:20.2096,877.8,185.1,fixation
10:21:20.2100,878.3,185.3,fixation
10:21:20.2105,878.9,185.2,fixation
10:21:20.211,879.6,185.0,fixation
10:21:20.2114,879.6,184.7,fixation
10:21:20.2119,879.5,185.3,fixation
10:21:20.2124,879.4,186.0,fixation
10:21:20.2128,879.3,187.4,fixation
10:21:20.2133,879.2,187.6,fixation
10:21:20.2138,879.1,187.3,fixation
10:21:20.2142,879.1,186.3,fixation
10:21:20.2147,879.2,186.0,fixation
10:21:20.2152,879.3,186.5,fixation
10:21:20.2157,879.4,186.9,fixation
10:21:20.2161,879.3,187.2,fixation
10:21:20.2166,879.3,187.2,fixation
10:21:20.2171,879.0,187.6,fixation
10:21:20.2175,878.8,188.0,fixation
10:21:20.218,878.4,188.5,fixation
10:21:20.2185,878.3,188.7,fixation
10:21:20.2189,878.2,189.4,fixation
10:21:20.2194,878.1,189.8,fixation
10:21:20.2199,877.9,190.2,fixation
10:21:20.2203,877.7,190.0,fixation
10:21:20.2208,877.6,189.9,fixation
10:21:20.2213,877.6,189.8,fixation
10:21:20.2217,877.6,189.7,fixation
10:21:20.2221,877.7,189.1,fixation
10:21:20.2226,877.8,188.5,fixation
10:21:20.2231,877.9,187.9,fixation
10:21:20.2235,877.9,188.3,fixation
10:21:20.224,877.8,189.1,fixation
10:21:20.2245,877.7,189.1,fixation
10:21:20.2249,877.5,188.6,fixation
10:21:20.2254,877.3,187.7,fixation
10:21:20.2259,878.2,187.7,fixation
10:21:20.2263,879.3,187.0,fixation
10:21:20.2267,878.9,186.1,fixation
10:21:20.2272,877.5,185.2,fixation
10:21:20.2277,876.0,185.2,fixation
10:21:20.2281,875.9,185.7,fixation
10:21:20.2286,875.9,186.3,fixation
10:21:20.2291,876.2,186.6,fixation
10:21:20.2295,876.9,186.9,fixation
10:21:20.23,877.2,187.0,fixation
10:21:20.2305,877.4,187.1,fixation
10:21:20.2309,877.2,187.3,fixation
10:21:20.2313,877.3,186.6,fixation
10:21:20.2318,877.6,185.7,fixation
10:21:20.2323,878.0,187.1,fixation
10:21:20.2327,878.2,189.2,fixation
10:21:20.2332,878.1,190.4,fixation
10:21:20.2337,877.9,189.5,fixation
10:21:20.2341,877.8,188.7,fixation
10:21:20.2346,877.9,188.9,fixation
10:21:20.2351,878.1,188.8,fixation
10:21:20.2355,878.3,188.6,fixation
10:21:20.2359,878.5,188.3,fixation
10:21:20.2364,879.0,188.0,fixation
10:21:20.2369,879.4,188.0,fixation
10:21:20.2373,879.8,188.1,fixation
10:21:20.2378,879.8,188.1,fixation
10:21:20.2383,879.6,188.4,fixation
10:21:20.2387,879.2,190.3,fixation
10:21:20.2392,878.6,192.1,fixation
10:21:20.2397,878.3,192.6,fixation
10:21:20.2401,878.2,191.7,fixation
10:21:20.2406,878.6,190.4,fixation
10:21:20.2411,878.9,190.0,fixation
10:21:20.2416,879.2,189.6,fixation
10:21:20.2420,879.4,188.5,fixation
10:21:20.2425,879.7,187.4,fixation
10:21:20.243,880.0,186.4,fixation
10:21:20.2434,880.3,186.2,fixation
10:21:20.2439,880.5,185.8,fixation
10:21:20.2444,879.3,185.2,fixation
10:21:20.2448,878.1,184.7,fixation
10:21:20.2453,877.0,184.5,fixation
10:21:20.2458,877.2,184.3,fixation
10:21:20.2462,877.2,183.8,fixation
10:21:20.2467,877.1,183.1,fixation
10:21:20.2472,876.9,182.6,fixation
10:21:20.2477,877.4,182.4,fixation
10:21:20.2481,877.8,182.4,fixation
10:21:20.2486,878.3,182.2,fixation
10:21:20.2491,878.4,181.9,fixation
10:21:20.2495,878.5,183.4,fixation
10:21:20.25,878.3,185.4,fixation
10:21:20.2505,878.1,187.3,fixation
10:21:20.2509,878.1,187.5,fixation
10:21:20.2514,877.9,187.2,fixation
10:21:20.2519,877.8,186.9,fixation
10:21:20.2523,877.6,187.0,fixation
10:21:20.2528,877.3,186.8,fixation
10:21:20.2533,877.1,186.6,fixation
10:21:20.2538,877.4,187.5,fixation
10:21:20.2542,878.1,188.7,fixation
10:21:20.2547,879.0,190.0,fixation
10:21:20.2552,879.6,190.3,fixation
10:21:20.2556,880.0,190.6,fixation
10:21:20.2561,880.1,190.6,fixation
10:21:20.2566,880.1,190.4,fixation
10:21:20.2570,880.1,190.1,fixation
10:21:20.2575,880.1,189.8,fixation
10:21:20.258,880.3,187.8,fixation
10:21:20.2584,880.4,185.8,fixation
10:21:20.2589,880.3,186.9,fixation
10:21:20.2594,880.0,189.9,fixation
10:21:20.2599,879.8,192.8,fixation
10:21:20.2603,879.9,192.5,fixation
10:21:20.2608,880.0,192.2,fixation
10:21:20.2613,880.2,191.1,fixation
10:21:20.2617,880.0,190.1,fixation
10:21:20.2622,879.8,189.1,fixation
10:21:20.2627,879.4,189.8,fixation
10:21:20.2631,879.4,190.8,fixation
10:21:20.2636,878.8,191.5,fixation
10:21:20.2641,878.6,191.2,fixation
10:21:20.2645,878.5,190.2,fixation
10:21:20.265,879.1,189.5,fixation
10:21:20.2655,879.3,189.1,fixation
10:21:20.266,879.4,189.7,fixation
10:21:20.2664,879.3,190.8,fixation
10:21:20.2669,879.2,193.0,fixation
10:21:20.2674,879.1,195.0,fixation
10:21:20.2678,879.1,195.2,fixation
10:21:20.2683,879.3,194.1,fixation
10:21:20.2688,879.5,192.9,fixation
10:21:20.2692,879.7,191.9,fixation
10:21:20.2697,879.4,190.7,fixation
10:21:20.2702,879.1,190.6,fixation
10:21:20.2706,878.6,191.5,fixation
10:21:20.2711,878.6,192.5,fixation
10:21:20.2716,878.9,192.5,fixation
10:21:20.2721,879.1,193.0,fixation
10:21:20.2725,879.2,194.3,fixation
10:21:20.273,879.2,195.5,fixation
10:21:20.2735,878.9,195.1,fixation
10:21:20.2739,878.9,194.2,fixation
10:21:20.2744,878.8,193.4,fixation
10:21:20.2749,878.8,193.6,fixation
10:21:20.2753,878.4,193.6,fixation
10:21:20.2758,878.3,193.5,fixation
10:21:20.2763,878.8,193.7,fixation
10:21:20.2767,879.2,194.0,fixation
10:21:20.2772,879.4,194.3,fixation
10:21:20.2777,879.6,194.3,fixation
10:21:20.2782,879.9,194.3,fixation
10:21:20.2786,879.5,194.2,fixation
10:21:20.2791,878.9,194.1,fixation
10:21:20.2796,879.0,192.5,fixation
10:21:20.2800,879.6,191.0,fixation
10:21:20.2805,880.1,189.5,fixation
10:21:20.281,879.9,189.4,fixation
10:21:20.2814,879.7,189.5,fixation
10:21:20.2819,879.4,189.6,fixation
10:21:20.2824,879.1,189.7,fixation
10:21:20.2828,879.0,189.6,fixation
10:21:20.2833,879.0,189.5,fixation
10:21:20.2838,878.8,189.5,fixation
10:21:20.2842,878.6,189.6,fixation
10:21:20.2846,878.5,189.7,fixation
10:21:20.2851,878.5,189.8,fixation
10:21:20.2856,878.6,189.8,fixation
10:21:20.2860,878.7,189.9,fixation
10:21:20.2865,878.6,189.7,fixation
10:21:20.287,878.4,189.4,fixation
10:21:20.2874,878.7,189.0,fixation
10:21:20.2879,878.9,188.9,fixation
10:21:20.2884,879.2,188.8,fixation
10:21:20.2888,879.4,188.9,fixation
10:21:20.2892,879.6,191.3,fixation
10:21:20.2897,879.9,193.7,fixation
10:21:20.2902,880.0,194.0,fixation
10:21:20.2906,880.3,192.0,fixation
10:21:20.2911,880.7,190.8,fixation
10:21:20.2916,881.0,191.6,fixation
10:21:20.2920,881.2,192.9,fixation
10:21:20.2925,881.4,193.9,fixation
10:21:20.293,881.5,194.8,fixation
10:21:20.2934,881.7,195.2,fixation
10:21:20.2938,881.7,194.9,fixation
10:21:20.2943,881.4,194.6,fixation
10:21:20.2948,881.1,194.1,fixation
10:21:20.2952,880.8,193.8,fixation
10:21:20.2957,880.8,194.8,fixation
10:21:20.2962,879.8,195.9,fixation
10:21:20.2966,878.6,197.2,fixation
10:21:20.2971,878.1,197.3,fixation
10:21:20.2976,878.5,197.5,fixation
10:21:20.2980,879.1,197.2,fixation
10:21:20.2984,879.0,196.8,fixation
10:21:20.2989,879.0,196.6,fixation
10:21:20.2994,878.9,197.0,fixation
10:21:20.2998,878.9,197.3,fixation
10:21:20.3003,878.9,197.5,fixation
10:21:20.3008,878.2,197.3,fixation
10:21:20.3012,877.4,197.5,fixation
10:21:20.3017,876.6,197.8,fixation
10:21:20.3022,877.3,196.1,fixation
10:21:20.3026,878.0,194.1,fixation
10:21:20.3031,878.7,193.3,fixation
10:21:20.3036,878.6,194.6,fixation
10:21:20.3041,878.6,195.2,fixation
10:21:20.3045,878.7,194.6,fixation
10:21:20.305,878.5,193.6,fixation
10:21:20.3055,878.4,193.3,fixation
10:21:20.3059,878.2,194.6,fixation
10:21:20.3064,878.3,196.2,fixation
10:21:20.3069,878.0,197.1,fixation
10:21:20.3073,877.7,195.8,fixation
10:21:20.3078,877.4,195.0,fixation
10:21:20.3083,877.2,195.6,fixation
10:21:20.3087,877.1,196.5,fixation
10:21:20.3092,877.0,196.6,fixation
10:21:20.3097,877.2,196.3,fixation
10:21:20.3102,877.6,195.7,fixation
10:21:20.3106,878.0,195.0,fixation
10:21:20.3111,878.3,194.4,fixation
10:21:20.3116,878.2,194.7,fixation
10:21:20.3120,878.0,195.4,fixation
10:21:20.3125,878.0,196.1,fixation
10:21:20.313,878.0,196.4,fixation
10:21:20.3134,878.0,196.6,fixation
10:21:20.3139,877.7,196.6,fixation
10:21:20.3144,877.6,195.2,fixation
10:21:20.3148,877.5,193.8,fixation
10:21:20.3153,877.7,192.6,fixation
10:21:20.3158,877.9,192.6,fixation
10:21:20.3163,877.9,194.4,fixation
10:21:20.3167,877.9,196.3,fixation
10:21:20.3172,878.1,197.6,fixation
10:21:20.3177,878.4,196.7,fixation
10:21:20.3181,878.8,195.7,fixation
10:21:20.3186,879.0,194.4,fixation
10:21:20.3191,879.2,193.5,fixation
10:21:20.3195,879.3,192.7,fixation
10:21:20.32,879.5,192.8,fixation
10:21:20.3205,879.9,193.0,fixation
10:21:20.3209,880.2,194.4,fixation
10:21:20.3214,879.9,195.6,fixation
10:21:20.3219,879.6,195.5,fixation
10:21:20.3224,879.5,194.0,fixation
10:21:20.3228,879.8,192.6,fixation
10:21:20.3233,880.0,194.8,fixation
10:21:20.3238,880.0,197.1,fixation
10:21:20.3242,879.4,198.1,fixation
10:21:20.3247,878.8,197.0,fixation
10:21:20.3252,878.6,196.1,fixation
10:21:20.3256,878.9,196.4,fixation
10:21:20.3261,879.2,196.7,fixation
10:21:20.3266,879.2,196.8,fixation
10:21:20.3270,879.1,197.4,fixation
10:21:20.3275,879.0,197.6,fixation
10:21:20.328,878.9,197.7,fixation
10:21:20.3285,878.9,196.2,fixation
10:21:20.3289,879.4,195.3,fixation
10:21:20.3294,880.0,194.4,fixation
10:21:20.3299,880.6,194.7,fixation
10:21:20.3303,880.7,195.1,fixation
10:21:20.3308,880.6,195.7,fixation
10:21:20.3313,880.4,196.6,fixation
10:21:20.3317,880.2,196.6,fixation
10:21:20.3322,880.3,196.3,fixation
10:21:20.3327,880.3,195.7,fixation
10:21:20.3331,880.3,194.8,fixation
10:21:20.3336,880.6,194.1,fixation
10:21:20.3341,880.8,193.4,fixation
10:21:20.3346,881.1,193.4,fixation
10:21:20.3350,881.2,193.4,fixation
10:21:20.3355,881.2,193.9,fixation
10:21:20.336,881.0,194.5,fixation
10:21:20.3364,880.6,195.3,fixation
10:21:20.3369,880.3,195.8,fixation
10:21:20.3374,880.5,196.3,fixation
10:21:20.3378,880.7,196.9,fixation
10:21:20.3383,881.0,197.0,fixation
10:21:20.3388,881.1,196.8,fixation
10:21:20.3392,881.2,196.0,fixation
10:21:20.3397,881.2,195.7,fixation
10:21:20.3402,881.5,196.8,fixation
10:21:20.3407,881.7,198.1,fixation
10:21:20.3411,880.7,198.9,fixation
10:21:20.3416,879.5,199.4,fixation
10:21:20.3421,878.2,200.1,fixation
10:21:20.3425,878.1,202.1,fixation
10:21:20.343,877.9,202.9,fixation
10:21:20.3435,877.6,204.0,fixation
10:21:20.3439,877.2,204.2,fixation
10:21:20.3444,877.0,204.3,fixation
10:21:20.3449,877.1,204.2,fixation
10:21:20.3453,877.6,203.5,fixation
10:21:20.3458,878.5,203.2,fixation
10:21:20.3463,879.0,203.0,fixation
10:21:20.3467,879.2,203.2,fixation
10:21:20.3471,879.1,203.2,fixation
10:21:20.3476,878.9,203.8,fixation
10:21:20.3481,878.6,204.6,fixation
10:21:20.3485,878.3,205.3,fixation
10:21:20.349,878.0,205.9,fixation
10:21:20.3495,877.9,206.7,fixation
10:21:20.3499,877.9,205.1,fixation
10:21:20.3504,878.1,202.7,fixation
10:21:20.3509,878.4,200.3,fixation
10:21:20.3513,878.2,200.2,fixation
10:21:20.3517,877.8,200.8,fixation
10:21:20.3522,877.4,201.3,fixation
10:21:20.3527,877.2,201.9,fixation
10:21:20.3531,877.8,202.0,fixation
10:21:20.3536,878.5,202.7,fixation
10:21:20.3541,879.2,203.4,fixation
10:21:20.3545,879.1,204.0,fixation
10:21:20.355,878.8,203.2,fixation
10:21:20.3555,878.5,202.0,fixation
10:21:20.3559,878.2,200.8,fixation
10:21:20.3563,878.2,200.5,fixation
10:21:20.3568,877.9,200.2,fixation
10:21:20.3573,877.6,199.9,fixation
10:21:20.3577,877.6,199.9,fixation
10:21:20.3582,877.8,200.2,fixation
10:21:20.3587,878.2,200.5,fixation
10:21:20.3591,878.2,201.3,fixation
10:21:20.3596,878.1,202.8,fixation
10:21:20.3601,877.8,204.2,fixation
10:21:20.3605,877.4,205.1,fixation
10:21:20.3609,877.6,205.3,fixation
10:21:20.3614,878.2,203.6,fixation
10:21:20.3619,878.7,201.8,fixation
10:21:20.3623,878.8,199.2,fixation
10:21:20.3628,878.6,198.9,fixation
10:21:20.3633,879.0,199.4,saccade
10:21:20.3637,879.6,199.8,saccade
10:21:20.3642,880.5,200.1,saccade
10:21:20.3647,880.9,200.8,saccade
10:21:20.3651,881.2,201.4,saccade
10:21:20.3656,880.3,201.5,saccade
10:21:20.3661,879.4,201.1,saccade
10:21:20.3666,878.5,201.0,saccade
10:21:20.3670,877.8,201.0,saccade
10:21:20.3675,876.9,201.1,saccade
10:21:20.368,875.8,201.1,saccade
10:21:20.3684,874.5,201.0,saccade
10:21:20.3689,873.4,200.8,saccade
10:21:20.3694,871.3,200.4,saccade
10:21:20.3698,869.1,199.9,saccade
10:21:20.3703,866.9,199.4,saccade
10:21:20.3708,862.7,198.5,saccade
10:21:20.3712,859.4,198.2,saccade
10:21:20.3717,855.6,197.7,saccade
10:21:20.3722,853.8,196.7,saccade
10:21:20.3727,851.3,195.1,saccade
10:21:20.3731,848.0,193.4,saccade
10:21:20.3736,845.3,191.0,saccade
10:21:20.3741,842.6,188.5,saccade
10:21:20.3745,839.1,186.7,saccade
10:21:20.375,835.7,186.9,saccade
10:21:20.3755,832.7,187.2,saccade
10:21:20.3759,830.8,184.9,saccade
10:21:20.3764,829.3,182.7,saccade
10:21:20.3769,827.9,180.5,saccade
10:21:20.3773,825.7,180.0,saccade
10:21:20.3778,823.2,179.4,saccade
10:21:20.3783,820.6,180.6,saccade
10:21:20.3788,819.2,182.1,saccade
10:21:20.3792,818.0,183.2,saccade
10:21:20.3797,817.3,182.6,saccade
10:21:20.3802,817.6,182.2,saccade
10:21:20.3806,818.4,181.3,saccade
10:21:20.3811,819.1,180.2,saccade
10:21:20.3816,819.8,179.3,saccade
10:21:20.3820,819.9,179.5,saccade
10:21:20.3825,820.3,179.7,fixation
10:21:20.383,820.7,179.8,fixation
10:21:20.3834,821.5,179.2,fixation
10:21:20.3839,822.3,178.5,fixation
10:21:20.3844,823.8,181.1,fixation
10:21:20.3849,824.9,184.5,fixation
10:21:20.3853,826.1,188.2,fixation
10:21:20.3858,826.1,188.5,fixation
10:21:20.3863,826.2,188.4,fixation
10:21:20.3867,826.0,188.1,fixation
10:21:20.3872,825.6,187.9,fixation
10:21:20.3877,825.4,187.5,fixation
10:21:20.3881,825.5,187.1,fixation
10:21:20.3886,826.1,186.6,fixation
10:21:20.3891,826.9,186.6,fixation
10:21:20.3895,827.8,188.2,fixation
10:21:20.39,828.4,189.8,fixation
10:21:20.3905,828.8,191.3,fixation
10:21:20.391,829.1,191.4,fixation
10:21:20.3914,829.5,191.4,fixation
10:21:20.3919,829.8,191.4,fixation
10:21:20.3924,829.8,191.3,fixation
10:21:20.3928,829.1,193.3,fixation
10:21:20.3933,828.4,195.3,fixation
10:21:20.3938,828.2,196.2,fixation
10:21:20.3942,828.7,195.1,fixation
10:21:20.3947,830.0,192.8,fixation
10:21:20.3952,831.2,191.7,fixation
10:21:20.3956,832.1,191.5,fixation
10:21:20.3961,831.5,192.3,fixation
10:21:20.3966,830.5,193.5,fixation
10:21:20.3971,830.2,193.9,fixation
10:21:20.3975,830.8,195.0,fixation
10:21:20.398,831.3,195.6,fixation
10:21:20.3985,831.3,194.1,fixation
10:21:20.3989,831.6,192.0,fixation
10:21:20.3994,832.1,189.9,fixation
10:21:20.3999,832.8,192.2,fixation
10:21:20.4003,833.3,194.6,fixation
10:21:20.4008,833.8,196.9,fixation
10:21:20.4013,833.8,196.7,fixation
10:21:20.4017,833.8,197.2,fixation
10:21:20.4022,833.7,197.8,fixation
10:21:20.4027,833.8,196.6,fixation
10:21:20.4032,833.4,194.7,fixation
10:21:20.4036,832.9,192.8,fixation
10:21:20.4041,832.0,193.0,fixation
10:21:20.4046,831.5,193.1,fixation
10:21:20.4050,831.3,193.4,fixation
10:21:20.4055,831.2,193.2,fixation
10:21:20.406,831.2,193.2,fixation
10:21:20.4064,831.0,193.4,fixation
10:21:20.4069,830.8,193.7,fixation
10:21:20.4074,830.6,194.1,fixation
10:21:20.4078,830.6,194.1,fixation
10:21:20.4083,831.1,194.4,fixation
10:21:20.4088,831.6,194.4,fixation
10:21:20.4092,831.9,194.8,fixation
10:21:20.4096,831.6,194.9,fixation
10:21:20.4101,831.2,193.5,fixation
10:21:20.4106,830.2,191.7,fixation
10:21:20.4110,829.2,190.0,fixation
10:21:20.4115,828.4,190.2,fixation
10:21:20.412,828.6,190.5,fixation
10:21:20.4124,828.8,190.8,fixation
10:21:20.4129,828.3,192.3,fixation
10:21:20.4134,827.8,193.7,fixation
10:21:20.4138,827.2,195.2,fixation
10:21:20.4142,827.3,194.8,fixation
10:21:20.4147,827.5,194.3,fixation
10:21:20.4152,827.8,193.7,fixation
10:21:20.4156,828.4,193.6,fixation
10:21:20.4161,829.1,193.5,fixation
10:21:20.4166,829.6,194.0,fixation
10:21:20.4170,829.5,194.7,fixation
10:21:20.4175,829.3,195.3,fixation
10:21:20.418,829.0,195.5,fixation
10:21:20.4184,828.7,194.9,fixation
10:21:20.4188,828.7,194.3,fixation
10:21:20.4193,828.7,193.7,fixation
10:21:20.4198,828.2,193.5,fixation
10:21:20.4202,827.5,193.2,fixation
10:21:20.4207,827.7,192.2,fixation
10:21:20.4212,828.6,191.5,fixation
10:21:20.4216,829.6,191.0,fixation
10:21:20.4221,829.8,191.1,fixation
10:21:20.4226,829.9,192.7,fixation
10:21:20.4230,829.9,194.2,fixation
10:21:20.4234,830.0,195.0,fixation
10:21:20.4239,829.7,194.5,fixation
10:21:20.4244,828.4,193.7,fixation
10:21:20.4248,827.2,193.0,fixation
10:21:20.4253,827.0,192.2,fixation
10:21:20.4258,827.6,191.7,fixation
10:21:20.4262,828.2,192.4,fixation
10:21:20.4267,828.3,193.5,fixation
10:21:20.4272,828.8,194.4,fixation
10:21:20.4276,829.2,194.9,fixation
10:21:20.4281,829.6,195.0,fixation
10:21:20.4286,829.3,195.0,fixation
10:21:20.4291,829.1,195.1,fixation
10:21:20.4295,828.8,195.2,fixation
10:21:20.43,827.8,195.1,fixation
10:21:20.4305,826.8,194.7,fixation
10:21:20.4309,826.1,194.1,fixation
10:21:20.4314,826.7,192.7,fixation
10:21:20.4319,827.5,191.5,fixation
10:21:20.4323,828.2,191.0,fixation
10:21:20.4328,828.4,191.9,fixation
10:21:20.4333,828.4,193.2,fixation
10:21:20.4337,828.1,194.1,fixation
10:21:20.4342,827.1,194.5,fixation
10:21:20.4347,826.3,193.3,fixation
10:21:20.4352,825.5,192.2,fixation
10:21:20.4356,825.7,190.6,fixation
10:21:20.4361,826.6,190.2,fixation
10:21:20.4366,827.5,189.6,fixation
10:21:20.4370,828.2,189.4,fixation
10:21:20.4375,828.1,189.1,fixation
10:21:20.438,828.2,189.0,fixation
10:21:20.4384,828.8,187.8,fixation
10:21:20.4389,829.4,186.7,fixation
10:21:20.4394,829.6,186.2,fixation
10:21:20.4398,829.0,187.5,fixation
10:21:20.4403,828.5,188.8,fixation
10:21:20.4408,828.0,189.6,fixation
10:21:20.4413,828.0,189.8,fixation
10:21:20.4417,828.9,190.6,fixation
10:21:20.4422,830.0,191.7,fixation
10:21:20.4427,831.1,192.8,fixation
10:21:20.4431,830.4,193.2,fixation
10:21:20.4436,829.5,193.2,fixation
10:21:20.4441,828.2,192.8,fixation
10:21:20.4445,827.7,192.4,fixation
10:21:20.445,827.3,192.1,fixation
10:21:20.4455,827.5,191.5,fixation
10:21:20.4459,827.8,189.5,fixation
10:21:20.4464,827.2,187.2,fixation
10:21:20.4469,826.3,186.5,fixation
10:21:20.4474,825.3,187.5,fixation
10:21:20.4478,825.2,189.0,fixation
10:21:20.4483,825.0,188.8,fixation
10:21:20.4488,824.9,187.8,fixation
10:21:20.4492,824.6,186.6,fixation
10:21:20.4497,824.4,186.2,fixation
10:21:20.4502,824.1,187.3,fixation
10:21:20.4506,824.2,188.4,fixation
10:21:20.4511,824.9,189.8,fixation
10:21:20.4516,826.0,190.3,fixation
10:21:20.4520,827.4,190.8,fixation
10:21:20.4525,828.6,191.0,fixation
10:21:20.453,829.4,191.1,fixation
10:21:20.4535,829.1,190.4,fixation
10:21:20.4539,828.8,189.8,fixation
10:21:20.4544,828.5,189.0,fixation
10:21:20.4549,828.3,188.8,fixation
10:21:20.4553,827.7,188.5,fixation
10:21:20.4558,826.8,189.2,fixation
10:21:20.4563,825.9,189.8,fixation
10:21:20.4567,826.0,188.8,fixation
10:21:20.4572,826.6,186.8,fixation
10:21:20.4577,827.0,184.8,fixation
10:21:20.4581,826.4,184.5,fixation
10:21:20.4586,825.9,184.4,fixation
10:21:20.4591,825.4,184.3,fixation
10:21:20.4596,825.3,185.5,fixation
10:21:20.4600,825.4,186.7,fixation
10:21:20.4605,825.7,185.9,fixation
10:21:20.461,826.0,184.0,fixation
10:21:20.4614,826.0,183.4,fixation
10:21:20.4619,825.9,185.2,fixation
10:21:20.4624,825.8,188.4,fixation
10:21:20.4628,825.8,190.2,fixation
10:21:20.4633,825.8,191.3,fixation
10:21:20.4638,825.9,190.8,fixation
10:21:20.4642,826.1,189.5,fixation
10:21:20.4647,826.2,188.3,fixation
10:21:20.4652,826.1,187.3,fixation
10:21:20.4657,825.6,187.1,fixation
10:21:20.4661,825.1,185.8,fixation
10:21:20.4666,824.9,184.4,fixation
10:21:20.4671,825.6,183.2,fixation
10:21:20.4675,826.0,183.2,fixation
10:21:20.468,826.5,183.4,fixation
10:21:20.4685,827.0,185.5,fixation
10:21:20.4689,827.7,187.6,fixation
10:21:20.4694,828.4,189.7,fixation
10:21:20.4699,828.7,187.7,fixation
10:21:20.4703,828.9,185.6,fixation
10:21:20.4708,829.0,183.8,fixation
10:21:20.4713,828.8,184.6,fixation
10:21:20.4717,828.7,185.5,fixation
10:21:20.4721,828.7,185.7,fixation
10:21:20.4726,828.9,185.5,fixation
10:21:20.4731,828.1,187.8,fixation
10:21:20.4735,827.1,190.3,fixation
10:21:20.474,826.4,192.8,fixation
10:21:20.4745,826.6,192.8,fixation
10:21:20.4749,826.8,192.7,fixation
10:21:20.4754,826.8,192.5,fixation
10:21:20.4759,826.9,191.8,fixation
10:21:20.4763,827.0,191.0,fixation
10:21:20.4767,826.3,189.9,fixation
10:21:20.4772,825.1,189.1,fixation
10:21:20.4777,823.9,188.7,fixation
10:21:20.4781,824.0,188.5,fixation
10:21:20.4786,824.9,188.0,fixation
10:21:20.4791,825.8,187.5,fixation
10:21:20.4795,826.3,187.7,fixation
10:21:20.48,826.4,188.5,fixation
10:21:20.4805,826.9,188.8,fixation
10:21:20.4809,827.5,188.4,fixation
10:21:20.4813,828.0,188.1,fixation
10:21:20.4818,828.8,188.4,fixation
10:21:20.4823,829.4,189.2,fixation
10:21:20.4827,828.9,189.2,fixation
10:21:20.4832,827.4,189.2,fixation
10:21:20.4837,826.0,188.5,fixation
10:21:20.4841,826.4,189.4,fixation
10:21:20.4846,826.9,191.0,fixation
10:21:20.4851,827.4,192.6,fixation
10:21:20.4855,827.5,192.6,fixation
10:21:20.4859,827.6,191.8,fixation
10:21:20.4864,827.8,191.5,fixation
10:21:20.4869,827.6,191.7,fixation
10:21:20.4873,827.1,191.8,fixation
10:21:20.4878,826.5,193.0,fixation
10:21:20.4883,825.9,194.4,fixation
10:21:20.4887,825.7,195.0,fixation
10:21:20.4892,825.7,194.1,fixation
10:21:20.4897,826.3,193.5,fixation
10:21:20.4901,826.8,193.8,fixation
10:21:20.4906,826.9,193.6,fixation
10:21:20.4911,825.7,192.7,fixation
10:21:20.4916,824.5,191.8,fixation
10:21:20.4920,823.9,191.7,fixation
10:21:20.4925,824.3,192.0,fixation
10:21:20.493,825.3,193.7,fixation
10:21:20.4934,826.1,195.2,fixation
10:21:20.4939,826.7,196.6,fixation
10:21:20.4944,826.6,196.3,fixation
10:21:20.4948,826.0,195.7,fixation
10:21:20.4953,825.3,195.0,fixation
10:21:20.4958,824.6,194.5,fixation
10:21:20.4962,824.5,195.4,fixation
10:21:20.4967,825.0,196.5,fixation
10:21:20.4972,826.1,197.1,fixation
10:21:20.4977,827.4,195.9,fixation
10:21:20.4981,827.8,194.6,fixation
10:21:20.4986,827.7,193.8,fixation
10:21:20.4991,827.6,193.8,fixation
10:21:20.4995,827.9,192.7,fixation
10:21:20.5,828.0,191.5,fixation
10:21:20.5005,827.7,190.8,fixation
10:21:20.5009,827.1,191.6,fixation
10:21:20.5014,826.5,193.5,fixation
10:21:20.5019,826.2,195.0,fixation
10:21:20.5023,826.0,195.1,fixation
10:21:20.5028,826.4,194.1,fixation
10:21:20.5033,827.0,192.7,fixation
10:21:20.5038,827.6,192.1,fixation
10:21:20.5042,827.6,191.8,fixation
10:21:20.5047,827.7,191.8,fixation
10:21:20.5052,827.7,191.6,fixation
10:21:20.5056,827.3,190.9,fixation
10:21:20.5061,826.9,191.1,fixation
10:21:20.5066,827.1,191.9,fixation
10:21:20.5070,827.6,193.4,fixation
10:21:20.5075,828.1,194.5,fixation
10:21:20.508,828.0,196.2,fixation
10:21:20.5084,827.8,197.3,fixation
10:21:20.5089,827.8,196.5,fixation
10:21:20.5094,827.8,194.1,fixation
10:21:20.5099,828.0,191.9,fixation
10:21:20.5103,828.0,191.3,fixation
10:21:20.5108,827.9,191.8,fixation
10:21:20.5113,828.1,192.5,fixation
10:21:20.5117,828.2,194.4,fixation
10:21:20.5122,828.0,195.9,fixation
10:21:20.5127,827.8,197.0,fixation
10:21:20.5131,827.9,194.8,fixation
10:21:20.5136,827.3,192.4,fixation
10:21:20.5141,826.5,191.5,fixation
10:21:20.5145,826.0,192.8,fixation
10:21:20.515,826.3,193.9,fixation
10:21:20.5155,826.8,193.7,fixation
10:21:20.516,826.7,193.5,fixation
10:21:20.5164,826.5,193.1,fixation
10:21:20.5169,826.3,192.7,fixation
10:21:20.5174,826.1,191.8,fixation
10:21:20.5178,825.9,191.4,fixation
10:21:20.5183,825.9,192.2,fixation
10:21:20.5188,826.1,193.5,fixation
10:21:20.5192,826.9,192.4,fixation
10:21:20.5197,827.5,190.2,fixation
10:21:20.5202,828.1,189.1,fixation
10:21:20.5206,828.0,190.3,fixation
10:21:20.5211,827.6,191.4,fixation
10:21:20.5216,827.1,191.0,fixation
10:21:20.5221,826.9,190.3,fixation
10:21:20.5225,826.9,189.5,fixation
10:21:20.523,826.8,189.2,fixation
10:21:20.5235,826.5,189.2,fixation
10:21:20.5239,825.9,189.2,fixation
10:21:20.5244,825.7,189.2,fixation
10:21:20.5249,825.5,188.5,fixation
10:21:20.5253,825.6,187.8,fixation
10:21:20.5258,825.6,187.4,fixation
10:21:20.5263,825.3,188.1,fixation
10:21:20.5267,825.1,189.4,fixation
10:21:20.5272,825.3,190.4,fixation
10:21:20.5277,825.6,191.2,fixation
10:21:20.5282,826.0,191.4,fixation
10:21:20.5286,826.1,191.3,fixation
10:21:20.5291,826.3,190.6,fixation
10:21:20.5296,826.5,189.9,fixation
10:21:20.5300,826.7,189.6,fixation
10:21:20.5305,826.0,189.7,fixation
10:21:20.531,825.3,189.4,fixation
10:21:20.5314,824.5,188.6,fixation
10:21:20.5319,824.4,187.4,fixation
10:21:20.5324,824.3,186.5,fixation
10:21:20.5328,824.3,186.0,fixation
10:21:20.5333,824.7,186.2,fixation
10:21:20.5338,825.4,186.4,fixation
10:21:20.5342,826.1,186.5,fixation
10:21:20.5346,826.4,188.1,fixation
10:21:20.5351,826.9,189.7,fixation
10:21:20.5356,827.4,191.3,fixation
10:21:20.5360,827.5,190.7,fixation
10:21:20.5365,827.0,189.9,fixation
10:21:20.537,826.4,189.4,fixation
10:21:20.5374,826.1,189.5,fixation
10:21:20.5379,825.8,189.6,fixation
10:21:20.5384,826.2,190.1,fixation
10:21:20.5388,826.7,190.6,fixation
10:21:20.5392,827.2,191.1,fixation
10:21:20.5397,827.1,191.0,fixation
10:21:20.5402,826.9,190.8,fixation
10:21:20.5406,826.9,190.8,fixation
10:21:20.5411,827.1,190.2,fixation
10:21:20.5416,827.4,189.7,fixation
10:21:20.5420,827.6,189.3,fixation
10:21:20.5425,827.5,189.7,fixation
10:21:20.543,827.2,190.9,fixation
10:21:20.5434,827.6,192.1,fixation
10:21:20.5438,828.2,191.6,fixation
10:21:20.5443,828.8,190.1,fixation
10:21:20.5448,828.5,190.7,fixation
10:21:20.5452,827.8,192.9,fixation
10:21:20.5457,827.1,195.1,fixation
10:21:20.5462,826.2,194.7,fixation
10:21:20.5466,825.6,194.5,fixation
10:21:20.5471,824.8,195.9,fixation
10:21:20.5476,824.7,197.6,fixation
10:21:20.5480,824.8,199.5,fixation
10:21:20.5484,825.1,199.8,fixation
10:21:20.5489,825.0,199.3,fixation
10:21:20.5494,824.7,198.5,fixation
10:21:20.5498,824.3,198.1,fixation
10:21:20.5503,824.1,198.5,fixation
10:21:20.5508,823.9,198.5,fixation
10:21:20.5512,824.1,197.9,fixation
10:21:20.5517,824.8,196.8,fixation
10:21:20.5522,825.4,195.7,fixation
10:21:20.5526,825.7,195.0,fixation
10:21:20.5531,825.8,194.7,fixation
10:21:20.5536,825.7,194.7,fixation
10:21:20.5541,825.4,196.5,fixation
10:21:20.5545,825.0,198.2,fixation
10:21:20.555,824.8,200.0,fixation
10:21:20.5555,824.8,198.9,fixation
10:21:20.5559,824.8,198.5,fixation
10:21:20.5564,825.0,198.0,fixation
10:21:20.5569,825.0,198.7,fixation
10:21:20.5573,824.0,198.4,fixation
10:21:20.5578,823.0,197.7,fixation
10:21:20.5583,822.9,197.2,fixation
10:21:20.5587,823.9,199.0,fixation
10:21:20.5592,824.8,201.3,fixation
10:21:20.5597,824.4,202.2,fixation
10:21:20.5602,824.2,201.1,fixation
10:21:20.5606,824.3,200.6,fixation
10:21:20.5611,824.7,201.2,fixation
10:21:20.5616,825.1,201.7,fixation
10:21:20.5620,825.3,201.9,fixation
10:21:20.5625,825.4,202.0,fixation
10:21:20.563,825.5,202.3,fixation
10:21:20.5634,825.5,202.4,fixation
10:21:20.5639,825.8,201.4,fixation
10:21:20.5644,826.2,199.6,fixation
10:21:20.5648,826.4,197.8,fixation
10:21:20.5653,826.4,197.0,fixation
10:21:20.5658,826.2,197.0,fixation
10:21:20.5663,826.4,197.3,fixation
10:21:20.5667,826.6,197.5,fixation
10:21:20.5672,826.8,197.7,fixation
10:21:20.5677,827.0,197.2,fixation
10:21:20.5681,827.3,196.3,fixation
10:21:20.5686,827.7,195.5,fixation
10:21:20.5691,827.4,195.5,fixation
10:21:20.5695,826.9,196.4,fixation
10:21:20.57,826.7,196.7,fixation
10:21:20.5705,826.9,196.7,fixation
10:21:20.5709,827.2,196.4,fixation
10:21:20.5714,826.9,196.9,fixation
10:21:20.5719,826.5,197.1,fixation
10:21:20.5724,826.0,197.1,fixation
10:21:20.5728,826.2,197.2,fixation
10:21:20.5733,826.8,197.4,fixation
10:21:20.5738,827.4,197.6,fixation
10:21:20.5742,827.8,197.6,fixation
10:21:20.5747,827.9,197.6,fixation
10:21:20.5752,827.5,196.4,fixation
10:21:20.5756,826.7,195.2,fixation
10:21:20.5761,825.9,193.7,fixation
10:21:20.5766,825.8,193.1,fixation
10:21:20.5770,826.1,192.7,fixation
10:21:20.5775,826.3,192.5,fixation
10:21:20.578,825.8,193.4,fixation
10:21:20.5785,825.1,193.8,fixation
10:21:20.5789,824.4,194.3,fixation
10:21:20.5794,823.9,194.5,fixation
10:21:20.5799,823.2,197.3,fixation
10:21:20.5803,822.8,200.2,fixation
10:21:20.5808,823.0,201.7,fixation
10:21:20.5813,823.8,200.7,fixation
10:21:20.5817,824.5,199.6,fixation
10:21:20.5822,824.8,198.8,fixation
10:21:20.5827,824.5,198.2,fixation
10:21:20.5831,824.1,197.9,fixation
10:21:20.5836,824.0,197.9,fixation
10:21:20.5841,824.0,197.4,fixation
10:21:20.5846,824.1,196.7,fixation
10:21:20.5850,824.2,195.6,fixation
10:21:20.5855,824.3,195.4,fixation
10:21:20.586,824.4,195.3,fixation
10:21:20.5864,824.5,195.6,fixation
10:21:20.5869,824.6,195.8,fixation
10:21:20.5874,824.7,195.3,fixation
10:21:20.5878,824.8,194.6,fixation
10:21:20.5883,825.0,193.9,fixation
10:21:20.5888,825.2,193.6,fixation
10:21:20.5892,824.8,193.3,fixation
10:21:20.5897,824.5,192.5,fixation
10:21:20.5902,824.0,192.0,fixation
10:21:20.5907,824.0,191.7,fixation
10:21:20.5911,824.5,192.0,fixation
10:21:20.5916,825.0,194.1,fixation
10:21:20.5921,825.1,196.2,fixation
10:21:20.5925,824.5,198.1,fixation
10:21:20.593,824.0,198.3,fixation
10:21:20.5935,823.8,197.8,fixation
10:21:20.5939,823.6,197.3,fixation
10:21:20.5944,823.3,196.9,fixation
10:21:20.5949,823.0,198.1,fixation
10:21:20.5953,823.2,199.3,fixation
10:21:20.5958,823.7,199.7,fixation
10:21:20.5963,823.7,198.8,fixation
10:21:20.5967,823.5,199.2,fixation
10:21:20.5971,823.2,200.6,fixation
10:21:20.5976,823.6,202.1,fixation
10:21:20.5981,823.8,201.1,fixation
10:21:20.5985,823.8,199.9,fixation
10:21:20.599,823.4,198.7,fixation
10:21:20.5995,823.0,198.7,fixation
10:21:20.5999,822.9,199.1,fixation
10:21:20.6004,823.3,199.6,fixation
10:21:20.6009,823.6,200.1,fixation
10:21:20.6013,823.6,200.1,fixation
10:21:20.6017,823.3,200.2,fixation
10:21:20.6022,823.4,200.4,fixation
10:21:20.6027,823.7,200.6,fixation
10:21:20.6031,824.0,200.5,fixation
10:21:20.6036,824.5,200.5,fixation
10:21:20.6041,825.0,200.5,fixation
10:21:20.6045,825.6,200.5,fixation
10:21:20.605,825.7,200.2,fixation
10:21:20.6055,824.9,200.0,fixation
10:21:20.6059,824.1,200.0,fixation
10:21:20.6063,823.5,199.9,fixation
10:21:20.6068,824.0,199.7,fixation
10:21:20.6073,824.5,199.2,fixation
10:21:20.6077,824.9,199.0,fixation
10:21:20.6082,825.2,199.0,fixation
10:21:20.6087,824.7,199.0,fixation
10:21:20.6091,823.9,199.0,fixation
10:21:20.6096,824.1,200.0,fixation
10:21:20.6101,824.9,201.1,fixation
10:21:20.6105,826.0,201.5,fixation
10:21:20.6109,826.1,200.8,fixation
10:21:20.6114,825.9,199.9,fixation
10:21:20.6119,825.4,199.6,fixation
10:21:20.6123,825.4,199.5,fixation
10:21:20.6128,825.7,200.3,fixation
10:21:20.6133,826.0,201.2,fixation
10:21:20.6137,825.9,201.7,fixation
10:21:20.6142,825.9,201.5,fixation
10:21:20.6147,825.2,200.9,fixation
10:21:20.6151,824.4,200.3,fixation
10:21:20.6156,824.1,199.9,fixation
10:21:20.6161,824.4,199.8,fixation
10:21:20.6166,824.8,200.0,fixation
10:21:20.6170,825.2,200.2,fixation
10:21:20.6175,825.7,200.8,fixation
10:21:20.618,826.2,201.3,fixation
10:21:20.6184,826.2,201.9,fixation
10:21:20.6189,826.1,202.7,fixation
10:21:20.6194,826.0,203.4,fixation
10:21:20.6198,825.7,202.8,fixation
10:21:20.6203,825.3,201.4,fixation
10:21:20.6208,824.9,200.0,fixation
10:21:20.6212,824.6,199.7,fixation
10:21:20.6217,824.7,198.7,fixation
10:21:20.6222,824.6,197.7,fixation
10:21:20.6227,824.6,196.8,fixation
10:21:20.6231,824.9,197.0,fixation
10:21:20.6236,825.3,197.3,fixation
10:21:20.6241,825.8,197.7,fixation
10:21:20.6245,825.8,197.9,fixation
10:21:20.625,825.3,197.8,fixation
10:21:20.6255,824.7,197.9,fixation
10:21:20.6259,824.5,198.5,fixation
10:21:20.6264,824.9,199.3,fixation
10:21:20.6269,824.9,200.2,fixation
10:21:20.6273,824.4,201.6,fixation
10:21:20.6278,824.2,203.1,fixation
10:21:20.6283,824.5,204.1,fixation
10:21:20.6288,824.8,204.7,fixation
10:21:20.6292,824.8,205.2,fixation
10:21:20.6297,824.9,206.0,fixation
10:21:20.6302,825.0,206.4,fixation
10:21:20.6306,825.3,205.3,fixation
10:21:20.6311,825.7,203.9,fixation
10:21:20.6316,825.8,202.6,fixation
10:21:20.6320,825.6,202.6,fixation
10:21:20.6325,825.7,201.7,fixation
10:21:20.633,825.9,200.7,fixation
10:21:20.6334,826.3,199.6,fixation
10:21:20.6339,826.3,199.8,fixation
10:21:20.6344,825.5,200.2,fixation
10:21:20.6349,824.7,200.6,fixation
10:21:20.6353,824.0,200.4,fixation
10:21:20.6358,824.6,200.1,fixation
10:21:20.6363,825.1,200.0,fixation
10:21:20.6367,825.4,200.0,fixation
10:21:20.6372,825.2,199.8,fixation
10:21:20.6377,824.7,198.6,fixation
10:21:20.6381,824.2,197.5,fixation
10:21:20.6386,824.0,198.8,fixation
10:21:20.6391,824.1,201.0,fixation
10:21:20.6395,824.3,202.5,fixation
10:21:20.64,824.4,202.1,fixation
10:21:20.6405,823.6,201.4,fixation
10:21:20.641,822.9,199.8,fixation
10:21:20.6414,822.1,198.0,fixation
10:21:20.6419,822.3,196.4,fixation
10:21:20.6424,822.1,196.7,fixation
10:21:20.6428,822.0,197.1,fixation
10:21:20.6433,822.6,197.8,fixation
10:21:20.6438,823.3,198.3,fixation
10:21:20.6442,823.9,198.8,fixation
10:21:20.6447,823.5,199.3,fixation
10:21:20.6452,823.1,199.6,fixation
10:21:20.6456,822.9,200.2,fixation
10:21:20.6461,823.0,200.5,fixation
10:21:20.6466,822.8,200.7,fixation
10:21:20.6471,822.4,199.6,fixation
10:21:20.6475,821.7,198.4,fixation
10:21:20.648,821.5,196.3,fixation
10:21:20.6485,821.9,195.4,fixation
10:21:20.6489,822.6,194.4,fixation
10:21:20.6494,823.4,194.4,fixation
10:21:20.6499,823.6,194.4,fixation
10:21:20.6503,823.5,194.6,fixation
10:21:20.6508,822.9,194.7,fixation
10:21:20.6513,822.5,195.2,fixation
10:21:20.6517,822.3,196.1,fixation
10:21:20.6522,822.4,197.1,fixation
10:21:20.6527,822.2,197.7,fixation
10:21:20.6532,822.0,197.7,fixation
10:21:20.6536,821.7,197.7,fixation
10:21:20.6541,821.6,197.4,fixation
10:21:20.6546,821.4,197.2,fixation
10:21:20.6550,821.4,197.2,fixation
10:21:20.6555,821.7,197.5,fixation
10:21:20.656,821.9,198.0,fixation
10:21:20.6564,822.2,198.3,fixation
10:21:20.6569,821.8,198.4,fixation
10:21:20.6574,821.3,198.3,fixation
10:21:20.6578,820.9,198.0,fixation
10:21:20.6583,820.8,197.6,fixation
10:21:20.6588,820.8,197.8,fixation
10:21:20.6592,820.7,198.0,fixation
10:21:20.6596,820.6,198.2,fixation
10:21:20.6601,820.6,198.1,fixation
10:21:20.6606,820.6,198.1,fixation
10:21:20.6610,821.1,198.3,fixation
10:21:20.6615,821.7,198.3,fixation
10:21:20.662,822.1,198.2,fixation
10:21:20.6624,821.8,198.0,fixation
10:21:20.6629,821.6,198.1,fixation
10:21:20.6634,821.4,198.4,fixation
10:21:20.6638,821.1,198.7,fixation
10:21:20.6642,820.8,199.2,fixation
10:21:20.6647,820.6,199.6,fixation
10:21:20.6652,820.7,199.4,fixation
10:21:20.6656,821.3,198.7,fixation
10:21:20.6661,821.9,198.1,fixation
10:21:20.6666,822.2,199.0,fixation
10:21:20.6670,822.1,199.9,fixation
10:21:20.6675,822.1,200.5,fixation
10:21:20.668,822.2,200.2,fixation
10:21:20.6684,822.1,199.8,fixation
10:21:20.6688,821.8,199.8,fixation
10:21:20.6693,821.5,199.7,fixation
10:21:20.6698,821.2,199.0,fixation
10:21:20.6702,821.0,198.4,fixation
10:21:20.6707,820.6,197.8,fixation
10:21:20.6712,820.5,197.7,fixation
10:21:20.6716,821.0,197.7,fixation
10:21:20.6721,821.6,198.8,fixation
10:21:20.6726,821.6,200.1,fixation
10:21:20.6730,821.0,201.1,fixation
10:21:20.6734,820.5,200.6,fixation
10:21:20.6739,820.6,199.4,fixation
10:21:20.6744,820.6,198.0,fixation
10:21:20.6748,820.7,197.3,fixation
10:21:20.6753,820.5,196.8,fixation
10:21:20.6758,820.4,196.5,fixation
10:21:20.6762,820.4,196.3,fixation
10:21:20.6767,820.4,196.1,fixation
10:21:20.6772,820.2,195.6,fixation
10:21:20.6776,820.0,195.4,fixation
10:21:20.6781,819.8,196.0,fixation
10:21:20.6786,819.7,196.9,fixation
10:21:20.6791,820.1,197.4,fixation
10:21:20.6795,820.6,197.5,fixation
10:21:20.68,820.7,197.5,fixation
10:21:20.6805,820.3,198.3,fixation
10:21:20.6809,820.5,199.3,fixation
10:21:20.6814,820.9,200.6,fixation
10:21:20.6819,821.0,200.9,fixation
10:21:20.6823,820.5,200.7,fixation
10:21:20.6828,820.2,199.7,fixation
10:21:20.6833,820.3,198.8,fixation
10:21:20.6837,820.9,198.3,fixation
10:21:20.6842,821.5,198.4,fixation
10:21:20.6847,822.1,198.1,fixation
10:21:20.6852,821.5,197.5,fixation
10:21:20.6856,820.8,198.3,fixation
10:21:20.6861,820.1,199.5,fixation
10:21:20.6866,819.8,200.8,fixation
10:21:20.6870,819.5,200.6,fixation
10:21:20.6875,820.4,200.7,fixation
10:21:20.688,821.4,201.6,fixation
10:21:20.6884,821.8,202.3,fixation
10:21:20.6889,821.0,202.8,fixation
10:21:20.6894,819.8,202.6,fixation
10:21:20.6898,819.2,202.0,fixation
10:21:20.6903,819.0,201.1,fixation
10:21:20.6908,820.5,200.9,fixation
10:21:20.6913,821.9,201.5,fixation
10:21:20.6917,822.4,202.2,fixation
10:21:20.6922,821.6,202.1,fixation
10:21:20.6927,820.6,201.7,fixation
10:21:20.6931,820.2,201.8,fixation
10:21:20.6936,820.1,202.3,fixation
10:21:20.6941,820.1,202.6,fixation
10:21:20.6945,820.5,202.6,fixation
10:21:20.695,820.9,202.5,fixation
10:21:20.6955,820.8,203.0,fixation
10:21:20.6959,820.3,203.4,fixation
10:21:20.6964,819.8,204.1,fixation
10:21:20.6969,819.6,204.2,fixation
10:21:20.6974,819.4,202.7,fixation
10:21:20.6978,819.3,201.0,fixation
10:21:20.6983,819.4,199.4,fixation
10:21:20.6988,819.6,199.5,fixation
10:21:20.6992,819.8,199.5,fixation
10:21:20.6997,820.3,199.5,fixation
10:21:20.7002,820.7,199.8,fixation
10:21:20.7006,820.9,200.8,fixation
10:21:20.7011,820.7,201.6,fixation
10:21:20.7016,820.6,199.9,fixation
10:21:20.7020,820.7,197.8,fixation
10:21:20.7025,821.0,195.8,fixation
10:21:20.703,821.1,196.2,fixation
10:21:20.7035,820.2,197.4,fixation
10:21:20.7039,819.2,199.0,fixation
10:21:20.7044,818.2,200.4,fixation
10:21:20.7049,817.8,200.9,fixation
10:21:20.7053,817.5,201.4,fixation
10:21:20.7058,817.4,202.1,fixation
10:21:20.7063,817.5,203.0,fixation
10:21:20.7067,817.8,203.4,fixation
10:21:20.7072,818.0,203.2,fixation
10:21:20.7077,818.1,202.2,fixation
10:21:20.7081,818.1,201.4,fixation
10:21:20.7086,818.2,201.2,fixation
10:21:20.7091,818.3,202.0,fixation
10:21:20.7096,818.2,202.5,fixation
10:21:20.7100,818.0,203.3,fixation
10:21:20.7105,818.9,203.9,fixation
10:21:20.711,820.2,201.8,fixation
10:21:20.7114,820.8,198.9,fixation
10:21:20.7119,820.4,195.8,fixation
10:21:20.7124,819.7,195.3,fixation
10:21:20.7128,819.9,195.9,fixation
10:21:20.7133,820.0,196.7,fixation
10:21:20.7138,819.7,197.5,fixation
10:21:20.7142,819.2,198.0,fixation
10:21:20.7147,819.4,200.6,fixation
10:21:20.7152,820.0,204.5,fixation
10:21:20.7157,820.6,208.1,fixation
10:21:20.7161,820.8,208.2,fixation
10:21:20.7166,820.9,206.8,fixation
10:21:20.7171,820.8,205.0,fixation
10:21:20.7175,820.4,204.2,fixation
10:21:20.718,819.9,203.6,fixation
10:21:20.7185,820.2,203.3,fixation
10:21:20.7189,820.8,203.3,fixation
10:21:20.7194,821.2,203.3,fixation
10:21:20.7199,821.0,203.3,fixation
10:21:20.7203,820.8,203.3,fixation
10:21:20.7208,820.6,203.4,fixation
10:21:20.7213,821.1,203.6,fixation
10:21:20.7217,821.6,203.8,fixation
10:21:20.7221,820.9,203.0,fixation
10:21:20.7226,818.6,200.4,saccade
10:21:20.7231,818.5,201.5,saccade
10:21:20.7235,818.3,202.9,saccade
10:21:20.724,818.4,204.1,saccade
10:21:20.7245,818.6,204.1,saccade
10:21:20.7249,819.4,204.7,saccade
10:21:20.7254,819.8,207.0,saccade
10:21:20.7259,820.4,209.1,saccade
10:21:20.7263,820.4,210.0,saccade
10:21:20.7267,820.7,209.4,saccade
10:21:20.7272,821.3,208.8,saccade
10:21:20.7277,822.0,207.5,saccade
10:21:20.7281,823.6,206.4,saccade
10:21:20.7286,826.2,204.9,saccade
10:21:20.7291,828.9,203.8,saccade
10:21:20.7295,832.6,203.0,saccade
10:21:20.73,835.0,202.9,saccade
10:21:20.7305,838.4,204.0,saccade
10:21:20.7309,841.2,205.0,saccade
10:21:20.7313,843.7,205.5,saccade
10:21:20.7318,846.9,206.0,saccade
10:21:20.7323,850.6,206.0,saccade
10:21:20.7327,855.7,205.6,saccade
10:21:20.7332,859.8,204.7,saccade
10:21:20.7337,863.0,203.2,saccade
10:21:20.7341,866.0,202.5,saccade
10:21:20.7346,868.4,200.9,saccade
10:21:20.7351,870.6,200.3,saccade
10:21:20.7355,873.3,201.4,saccade
10:21:20.7359,876.4,203.5,saccade
10:21:20.7364,879.3,205.3,saccade
10:21:20.7369,880.9,205.1,saccade
10:21:20.7373,882.9,204.9,saccade
10:21:20.7378,884.6,205.0,saccade
10:21:20.7383,885.9,205.3,saccade
10:21:20.7387,886.4,205.5,saccade
10:21:20.7392,886.7,205.5,saccade
10:21:20.7397,886.0,205.0,saccade
10:21:20.7401,884.9,204.2,saccade
10:21:20.7406,883.4,203.3,saccade
10:21:20.7411,882.9,202.7,saccade
10:21:20.7416,882.6,202.6,saccade
10:21:20.7420,881.6,202.5,saccade
10:21:20.7425,880.6,202.7,saccade
10:21:20.743,878.4,202.3,saccade
10:21:20.7434,876.4,201.8,saccade
10:21:20.7439,874.4,201.0,saccade
10:21:20.7444,873.4,200.0,fixation
10:21:20.7448,872.2,199.3,fixation
10:21:20.7453,871.0,198.7,fixation
10:21:20.7458,870.1,198.2,fixation
10:21:20.7462,870.2,198.0,fixation
10:21:20.7467,869.3,197.6,fixation
10:21:20.7472,868.2,197.1,fixation
10:21:20.7477,867.2,196.4,fixation
10:21:20.7481,867.4,195.5,fixation
10:21:20.7486,866.4,193.2,fixation
10:21:20.7491,865.2,191.4,fixation
10:21:20.7495,864.0,190.1,fixation
10:21:20.75,863.8,190.1,fixation
10:21:20.7505,863.8,190.4,fixation
10:21:20.7509,863.8,190.7,fixation
10:21:20.7514,863.7,191.5,fixation
10:21:20.7519,863.5,192.3,fixation
10:21:20.7523,863.3,193.3,fixation
10:21:20.7528,863.4,193.9,fixation
10:21:20.7533,863.7,194.4,fixation
10:21:20.7538,863.9,194.6,fixation
10:21:20.7542,862.9,195.9,fixation
10:21:20.7547,861.9,197.5,fixation
10:21:20.7552,861.0,199.0,fixation
10:21:20.7556,861.2,199.4,fixation
10:21:20.7561,861.5,199.5,fixation
10:21:20.7566,862.0,198.1,fixation
10:21:20.7570,862.2,196.7,fixation
10:21:20.7575,862.0,195.2,fixation
10:21:20.758,861.7,195.1,fixation
10:21:20.7584,861.4,195.0,fixation
10:21:20.7589,861.6,195.2,fixation
10:21:20.7594,861.9,195.6,fixation
10:21:20.7599,862.2,196.0,fixation
10:21:20.7603,862.0,198.2,fixation
10:21:20.7608,861.7,200.4,fixation
10:21:20.7613,861.5,200.9,fixation
10:21:20.7617,861.7,199.1,fixation
10:21:20.7622,863.0,197.5,fixation
10:21:20.7627,864.1,197.5,fixation
10:21:20.7631,865.2,197.5,fixation
10:21:20.7636,865.2,197.1,fixation
10:21:20.7641,865.2,196.9,fixation
10:21:20.7645,865.1,197.0,fixation
10:21:20.765,864.8,197.6,fixation
10:21:20.7655,864.5,198.3,fixation
10:21:20.766,865.1,198.0,fixation
10:21:20.7664,865.9,197.4,fixation
10:21:20.7669,866.9,196.8,fixation
10:21:20.7674,867.1,196.7,fixation
10:21:20.7678,866.8,196.6,fixation
10:21:20.7683,866.3,196.4,fixation
10:21:20.7688,866.1,196.4,fixation
10:21:20.7692,866.4,196.4,fixation
10:21:20.7697,866.7,196.6,fixation
10:21:20.7702,866.5,196.8,fixation
10:21:20.7706,866.1,197.0,fixation
10:21:20.7711,866.3,197.0,fixation
10:21:20.7716,867.2,195.6,fixation
10:21:20.7721,868.0,194.6,fixation
10:21:20.7725,868.2,193.8,fixation
10:21:20.773,867.8,195.3,fixation
10:21:20.7735,867.2,196.6,fixation
10:21:20.7739,866.5,197.8,fixation
10:21:20.7744,865.9,198.2,fixation
10:21:20.7749,865.6,198.3,fixation
10:21:20.7753,865.1,197.9,fixation
10:21:20.7758,864.7,198.0,fixation
10:21:20.7763,864.1,198.3,fixation
10:21:20.7767,863.8,198.8,fixation
10:21:20.7772,863.6,198.9,fixation
10:21:20.7777,863.5,199.1,fixation
10:21:20.7782,863.4,200.0,fixation
10:21:20.7786,863.4,200.9,fixation
10:21:20.7791,863.6,200.7,fixation
10:21:20.7796,863.8,198.4,fixation
10:21:20.7800,863.6,196.0,fixation
10:21:20.7805,863.2,196.9,fixation
10:21:20.781,862.8,199.2,fixation
10:21:20.7814,862.8,200.0,fixation
10:21:20.7819,862.4,198.2,fixation
10:21:20.7824,861.9,196.6,fixation
10:21:20.7828,861.3,196.7,fixation
10:21:20.7833,861.1,197.7,fixation
10:21:20.7838,861.0,198.6,fixation
10:21:20.7842,861.6,200.1,fixation
10:21:20.7846,862.4,200.8,fixation
10:21:20.7851,862.9,200.8,fixation
10:21:20.7856,862.7,199.7,fixation
10:21:20.7860,862.5,198.4,fixation
10:21:20.7865,862.5,197.8,fixation
10:21:20.787,863.5,197.7,fixation
10:21:20.7874,864.5,197.3,fixation
10:21:20.7879,865.5,196.6,fixation
10:21:20.7884,865.9,196.1,fixation
10:21:20.7888,866.2,195.6,fixation
10:21:20.7892,866.7,195.6,fixation
10:21:20.7897,866.9,197.5,fixation
10:21:20.7902,867.0,199.5,fixation
10:21:20.7906,866.1,201.5,fixation
10:21:20.7911,865.2,201.7,fixation
10:21:20.7916,864.8,201.9,fixation
10:21:20.7920,865.6,199.2,fixation
10:21:20.7925,866.4,196.4,fixation
10:21:20.793,866.5,195.1,fixation
10:21:20.7934,866.5,196.8,fixation
10:21:20.7938,866.5,198.4,fixation
10:21:20.7943,866.7,198.9,fixation
10:21:20.7948,866.7,199.3,fixation
10:21:20.7952,867.2,199.5,fixation
10:21:20.7957,867.7,199.3,fixation
10:21:20.7962,868.3,198.6,fixation
10:21:20.7966,868.2,198.1,fixation
10:21:20.7971,867.9,197.8,fixation
10:21:20.7976,867.7,198.1,fixation
10:21:20.7980,867.6,198.1,fixation
10:21:20.7984,867.7,197.8,fixation
10:21:20.7989,867.8,197.3,fixation
10:21:20.7994,867.7,198.3,fixation
10:21:20.7998,867.6,199.7,fixation
10:21:20.8003,867.3,201.1,fixation
10:21:20.8008,867.1,201.1,fixation
10:21:20.8012,866.7,200.9,fixation
10:21:20.8017,866.5,200.7,fixation
10:21:20.8022,866.1,201.9,fixation
10:21:20.8026,865.9,203.1,fixation
10:21:20.8031,865.7,202.8,fixation
10:21:20.8036,865.8,201.3,fixation
10:21:20.8041,866.8,199.9,fixation
10:21:20.8045,867.6,201.5,fixation
10:21:20.805,868.4,203.6,fixation
10:21:20.8055,867.4,205.7,fixation
10:21:20.8059,866.4,207.1,fixation
10:21:20.8064,865.8,208.6,fixation
10:21:20.8069,866.2,209.8,fixation
10:21:20.8073,866.7,210.0,fixation
10:21:20.8078,867.5,209.9,fixation
10:21:20.8083,868.3,209.8,fixation
10:21:20.8087,868.7,209.4,fixation
10:21:20.8092,868.3,209.1,fixation
10:21:20.8097,867.9,209.1,fixation
10:21:20.8102,867.6,210.7,saccade
10:21:20.8106,867.5,211.6,saccade
10:21:20.8111,867.2,213.0,saccade
10:21:20.8116,866.8,214.9,saccade
10:21:20.8120,866.3,216.5,saccade
10:21:20.8125,866.0,217.6,saccade
10:21:20.813,865.8,219.6,saccade
10:21:20.8134,864.3,222.0,saccade
10:21:20.8139,862.7,225.3,saccade
10:21:20.8144,861.3,226.5,saccade
10:21:20.8148,861.2,227.4,saccade
10:21:20.8153,861.2,228.3,saccade
10:21:20.8158,861.3,229.1,saccade
10:21:20.8163,860.8,231.2,saccade
10:21:20.8167,859.9,233.5,saccade
10:21:20.8172,859.0,235.8,saccade
10:21:20.8177,859.2,237.2,saccade
10:21:20.8181,859.8,238.0,saccade
10:21:20.8186,860.3,239.9,saccade
10:21:20.8191,860.0,242.0,saccade
10:21:20.8195,859.7,244.7,saccade
10:21:20.82,859.5,246.4,saccade
10:21:20.8205,858.7,249.3,saccade
10:21:20.8209,858.0,251.6,saccade
10:21:20.8214,857.5,254.2,saccade
10:21:20.8219,857.6,256.0,saccade
10:21:20.8224,857.9,258.2,saccade
10:21:20.8228,857.9,260.6,saccade
10:21:20.8233,857.5,263.7,saccade
10:21:20.8238,856.6,266.1,saccade
10:21:20.8242,854.9,267.8,saccade
10:21:20.8247,853.8,267.8,saccade
10:21:20.8252,853.0,268.2,saccade
10:21:20.8256,852.0,270.8,saccade
10:21:20.8261,851.1,273.1,saccade
10:21:20.8266,850.2,275.3,saccade
10:21:20.8270,850.9,276.8,saccade
10:21:20.8275,851.6,278.3,saccade
10:21:20.828,852.1,279.8,saccade
10:21:20.8285,851.9,280.7,saccade
10:21:20.8289,851.4,281.9,saccade
10:21:20.8294,851.1,283.5,saccade
10:21:20.8299,850.7,286.0,saccade
10:21:20.8303,850.4,288.0,saccade
10:21:20.8308,849.8,291.3,saccade
10:21:20.8313,848.9,294.0,saccade
10:21:20.8317,848.1,296.7,saccade
10:21:20.8322,847.3,297.6,saccade
10:21:20.8327,846.9,298.0,saccade
10:21:20.8331,846.2,300.7,saccade
10:21:20.8336,845.6,303.5,saccade
10:21:20.8341,845.3,306.5,saccade
10:21:20.8346,845.0,309.0,saccade
10:21:20.8350,845.0,314.2,saccade
10:21:20.8355,845.1,319.9,saccade
10:21:20.836,845.3,324.5,saccade
10:21:20.8364,845.5,326.4,saccade
10:21:20.8369,845.5,327.3,saccade
10:21:20.8374,845.3,327.3,saccade
10:21:20.8378,845.2,327.3,saccade
10:21:20.8383,844.8,328.4,saccade
10:21:20.8388,844.3,329.5,saccade
10:21:20.8392,843.8,330.2,saccade
10:21:20.8397,843.6,329.8,saccade
10:21:20.8402,844.1,329.5,saccade
10:21:20.8407,844.6,329.5,saccade
10:21:20.8411,845.0,329.6,saccade
10:21:20.8416,845.2,327.2,saccade
10:21:20.8421,845.4,324.9,saccade
10:21:20.8425,845.6,324.0,saccade
10:21:20.843,845.2,327.8,saccade
10:21:20.8435,844.7,331.7,saccade
10:21:20.8439,844.6,335.4,saccade
10:21:20.8444,844.8,337.3,saccade
10:21:20.8449,845.1,339.8,saccade
10:21:20.8453,845.1,342.2,saccade
10:21:20.8458,846.7,345.4,saccade
10:21:20.8463,848.7,349.0,saccade
10:21:20.8467,852.8,358.4,saccade
10:21:20.8471,856.9,374.7,saccade
10:21:20.8476,867.5,423.1,saccade
10:21:20.8481,878.2,474.2,saccade
10:21:20.8485,895.3,561.5,saccade
10:21:20.849,905.0,623.2,saccade
10:21:20.8495,914.6,679.9,saccade
10:21:20.8499,915.0,748.8,saccade
10:21:20.8504,916.4,813.2,saccade
10:21:20.8509,914.9,941.7,saccade
10:21:20.8513,911.7,1030.8,saccade
10:21:20.8517,907.2,1135.7,saccade
10:21:20.8522,902.9,1191.2,saccade
10:21:20.8527,898.6,1245.8,saccade
10:21:20.8531,.,.,blink
10:21:20.8536,.,.,blink
10:21:20.8541,.,.,blink
10:21:20.8545,.,.,blink
10:21:20.855,.,.,blink
10:21:20.8555,.,.,blink
10:21:20.8559,.,.,blink
10:21:20.8563,.,.,blink
10:21:20.8568,.,.,blink
10:21:20.8573,.,.,blink
10:21:20.8577,.,.,blink
10:21:20.8582,.,.,blink
10:21:20.8587,.,.,blink
10:21:20.8591,.,.,blink
10:21:20.8596,.,.,blink
10:21:20.8601,.,.,blink
10:21:20.8605,.,.,blink
10:21:20.8609,.,.,blink
10:21:20.8614,.,.,blink
10:21:20.8619,.,.,blink
10:21:20.8623,.,.,blink
10:21:20.8628,.,.,blink
10:21:20.8633,.,.,blink
10:21:20.8637,.,.,blink
10:21:20.8642,.,.,blink
10:21:20.8647,.,.,blink
10:21:20.8651,.,.,blink
10:21:20.8656,.,.,blink
10:21:20.8661,.,.,blink
10:21:20.8666,.,.,blink
10:21:20.8670,.,.,blink
10:21:20.8675,.,.,blink
10:21:20.868,.,.,blink
10:21:20.8684,.,.,blink
10:21:20.8689,.,.,blink
10:21:20.8694,.,.,blink
10:21:20.8698,.,.,blink
10:21:20.8703,.,.,blink
10:21:20.8708,.,.,blink
10:21:20.8712,.,.,blink
10:21:20.8717,.,.,blink
10:21:20.8722,.,.,blink
10:21:20.8727,.,.,blink
10:21:20.8731,.,.,blink
10:21:20.8736,.,.,blink
10:21:20.8741,.,.,blink
10:21:20.8745,.,.,blink
10:21:20.875,.,.,blink
10:21:20.8755,.,.,blink
10:21:20.8759,.,.,blink
10:21:20.8764,.,.,blink
10:21:20.8769,.,.,blink
10:21:20.8773,.,.,blink
10:21:20.8778,.,.,blink
10:21:20.8783,.,.,blink
10:21:20.8788,.,.,blink
10:21:20.8792,.,.,blink
10:21:20.8797,.,.,blink
10:21:20.8802,.,.,blink
10:21:20.8806,.,.,blink
10:21:20.8811,.,.,blink
10:21:20.8816,.,.,blink
10:21:20.8820,.,.,blink
10:21:20.8825,.,.,blink
10:21:20.883,.,.,blink
10:21:20.8834,.,.,blink
10:21:20.8839,.,.,blink
10:21:20.8844,.,.,blink
10:21:20.8849,.,.,blink
10:21:20.8853,.,.,blink
10:21:20.8858,.,.,blink
10:21:20.8863,.,.,blink
10:21:20.8867,.,.,blink
10:21:20.8872,.,.,blink
10:21:20.8877,.,.,blink
10:21:20.8881,.,.,blink
10:21:20.8886,.,.,blink
10:21:20.8891,.,.,blink
10:21:20.8895,.,.,blink
10:21:20.89,.,.,blink
10:21:20.8905,.,.,blink
10:21:20.891,.,.,blink
10:21:20.8914,.,.,blink
10:21:20.8919,.,.,blink
10:21:20.8924,.,.,blink
10:21:20.8928,.,.,blink
10:21:20.8933,.,.,blink
10:21:20.8938,.,.,blink
10:21:20.8942,.,.,blink
10:21:20.8947,.,.,blink
10:21:20.8952,.,.,blink
10:21:20.8956,.,.,blink
10:21:20.8961,.,.,blink
10:21:20.8966,.,.,blink
10:21:20.8971,.,.,blink
10:21:20.8975,.,.,blink
10:21:20.898,.,.,blink
10:21:20.8985,.,.,blink
10:21:20.8989,.,.,blink
10:21:20.8994,.,.,blink
10:21:20.8999,.,.,blink
10:21:20.9003,.,.,blink
10:21:20.9008,.,.,blink
10:21:20.9013,.,.,blink
10:21:20.9017,.,.,blink
10:21:20.9022,.,.,blink
10:21:20.9027,.,.,blink
10:21:20.9032,.,.,blink
10:21:20.9036,.,.,blink
10:21:20.9041,.,.,blink
10:21:20.9046,.,.,blink
10:21:20.9050,.,.,blink
10:21:20.9055,.,.,blink
10:21:20.906,.,.,blink
10:21:20.9064,.,.,blink
10:21:20.9069,.,.,blink
10:21:20.9074,.,.,blink
10:21:20.9078,.,.,blink
10:21:20.9083,.,.,blink
10:21:20.9088,.,.,blink
10:21:20.9092,.,.,blink
10:21:20.9096,.,.,blink
10:21:20.9101,.,.,blink
10:21:20.9106,.,.,blink
10:21:20.9110,.,.,blink
10:21:20.9115,.,.,blink
10:21:20.912,.,.,blink
10:21:20.9124,.,.,blink
10:21:20.9129,.,.,blink
10:21:20.9134,.,.,blink
10:21:20.9138,.,.,blink
10:21:20.9142,.,.,blink
10:21:20.9147,.,.,blink
10:21:20.9152,.,.,blink
10:21:20.9156,.,.,blink
10:21:20.9161,.,.,blink
10:21:20.9166,.,.,blink
10:21:20.9170,.,.,blink
10:21:20.9175,.,.,blink
10:21:20.918,.,.,blink
10:21:20.9184,.,.,blink
10:21:20.9188,.,.,blink
10:21:20.9193,.,.,blink
10:21:20.9198,.,.,blink
10:21:20.9202,.,.,blink
10:21:20.9207,.,.,blink
10:21:20.9212,.,.,blink
10:21:20.9216,.,.,blink
10:21:20.9221,.,.,blink
10:21:20.9226,.,.,blink
10:21:20.9230,.,.,blink
10:21:20.9234,.,.,blink
10:21:20.9239,.,.,blink
10:21:20.9244,.,.,blink
10:21:20.9248,.,.,blink
10:21:20.9253,.,.,blink
10:21:20.9258,.,.,blink
10:21:20.9262,.,.,blink
10:21:20.9267,.,.,blink
10:21:20.9272,.,.,blink
10:21:20.9276,.,.,blink
10:21:20.9281,.,.,blink
10:21:20.9286,.,.,blink
10:21:20.9291,.,.,blink
10:21:20.9295,.,.,blink
10:21:20.93,.,.,blink
10:21:20.9305,.,.,blink
10:21:20.9309,.,.,blink
10:21:20.9314,.,.,blink
10:21:20.9319,.,.,blink
10:21:20.9323,.,.,blink
10:21:20.9328,.,.,blink
10:21:20.9333,.,.,blink
10:21:20.9337,.,.,blink
10:21:20.9342,.,.,blink
10:21:20.9347,.,.,blink
10:21:20.9352,.,.,blink
10:21:20.9356,.,.,blink
10:21:20.9361,.,.,blink
10:21:20.9366,.,.,blink
10:21:20.9370,.,.,blink
10:21:20.9375,.,.,blink
10:21:20.938,.,.,blink
10:21:20.9384,.,.,blink
10:21:20.9389,.,.,blink
10:21:20.9394,.,.,blink
10:21:20.9398,.,.,blink
10:21:20.9403,.,.,blink
10:21:20.9408,.,.,blink
10:21:20.9413,.,.,blink
10:21:20.9417,.,.,blink
10:21:20.9422,.,.,blink
10:21:20.9427,.,.,blink
10:21:20.9431,.,.,blink
10:21:20.9436,.,.,blink
10:21:20.9441,.,.,blink
10:21:20.9445,.,.,blink
10:21:20.945,.,.,blink
10:21:20.9455,.,.,blink
10:21:20.9459,867.2,205.0,fixation
10:21:20.9464,868.1,204.8,fixation
10:21:20.9469,869.3,204.3,fixation
10:21:20.9474,870.7,201.4,fixation
10:21:20.9478,871.3,198.6,fixation
10:21:20.9483,871.8,196.2,fixation
10:21:20.9488,872.7,197.9,fixation
10:21:20.9492,873.6,199.7,fixation
10:21:20.9497,874.6,198.8,fixation
10:21:20.9502,875.0,195.5,fixation
10:21:20.9506,875.2,191.8,fixation
10:21:20.9511,875.4,190.8,fixation
10:21:20.9516,875.7,189.8,fixation
10:21:20.9520,875.8,189.1,fixation
10:21:20.9525,875.5,189.1,fixation
10:21:20.953,875.2,189.8,fixation
10:21:20.9535,875.0,190.3,fixation
10:21:20.9539,875.0,190.0,fixation
10:21:20.9544,874.3,189.6,fixation
10:21:20.9549,873.5,189.9,fixation
10:21:20.9553,872.9,190.3,fixation
10:21:20.9558,872.2,190.7,fixation
10:21:20.9563,871.6,190.7,fixation
10:21:20.9567,871.1,190.4,fixation
10:21:20.9572,871.2,190.1,fixation
10:21:20.9577,870.5,189.7,fixation
10:21:20.9581,869.7,189.5,fixation
10:21:20.9586,868.6,189.3,fixation
10:21:20.9591,867.5,189.0,fixation
10:21:20.9596,865.8,188.6,fixation
10:21:20.9600,864.4,188.3,fixation
10:21:20.9605,863.7,189.1,fixation
10:21:20.961,863.6,189.9,fixation
10:21:20.9614,863.5,191.0,fixation
10:21:20.9619,862.8,191.1,fixation
10:21:20.9624,861.2,191.1,fixation
10:21:20.9628,859.6,190.9,fixation
10:21:20.9633,858.9,191.2,fixation
10:21:20.9638,859.6,192.6,fixation
10:21:20.9642,860.3,193.5,fixation
10:21:20.9647,860.9,193.8,fixation
10:21:20.9652,860.6,193.2,fixation
10:21:20.9657,859.8,194.1,fixation
10:21:20.9661,858.8,195.3,fixation
10:21:20.9666,858.5,197.7,fixation
10:21:20.9671,858.7,200.2,fixation
10:21:20.9675,858.4,202.5,fixation
10:21:20.968,857.9,202.9,fixation
10:21:20.9685,858.0,202.2,fixation
10:21:20.9689,858.5,203.9,fixation
10:21:20.9694,858.7,206.4,fixation
10:21:20.9699,858.2,208.8,fixation
10:21:20.9703,858.4,209.0,fixation
10:21:20.9708,858.9,209.2,fixation
10:21:20.9713,858.8,209.4,fixation
10:21:20.9717,858.3,209.8,fixation
10:21:20.9721,857.6,211.0,fixation
10:21:20.9726,857.5,212.3,fixation
10:21:20.9731,857.5,213.5,fixation
10:21:20.9735,857.6,213.8,fixation
10:21:20.974,857.7,213.9,fixation
10:21:20.9745,857.8,213.8,fixation
10:21:20.9749,857.8,214.3,fixation
10:21:20.9754,857.7,215.3,fixation
10:21:20.9759,857.8,216.4,fixation
10:21:20.9763,858.0,218.3,fixation
10:21:20.9767,858.2,219.7,fixation
10:21:20.9772,859.0,220.5,fixation
10:21:20.9777,859.9,218.6,fixation
10:21:20.9781,860.8,216.7,fixation
10:21:20.9786,860.8,217.3,fixation
10:21:20.9791,860.3,219.3,fixation
10:21:20.9795,859.9,220.2,fixation
10:21:20.98,859.9,219.2,fixation
10:21:20.9805,859.8,218.1,fixation
10:21:20.9809,859.8,217.5,fixation
10:21:20.9813,859.7,217.0,fixation
10:21:20.9818,859.6,218.5,fixation
10:21:20.9823,859.3,220.6,fixation
10:21:20.9827,859.4,220.7,fixation
10:21:20.9832,859.7,218.7,fixation
10:21:20.9837,859.9,216.3,fixation
10:21:20.9841,860.1,215.7,fixation
10:21:20.9846,860.2,215.2,fixation
10:21:20.9851,860.3,215.1,fixation
10:21:20.9855,860.1,213.6,fixation
10:21:20.9859,860.5,212.1,fixation
10:21:20.9864,861.1,209.6,fixation
10:21:20.9869,861.7,208.7,fixation
10:21:20.9873,861.6,209.4,fixation
10:21:20.9878,861.2,210.9,fixation
10:21:20.9883,861.2,208.9,fixation
10:21:20.9887,861.5,205.5,fixation
10:21:20.9892,862.1,203.2,fixation
10:21:20.9897,862.5,204.5,fixation
10:21:20.9901,862.5,206.7,fixation
10:21:20.9906,862.4,208.1,fixation
10:21:20.9911,862.2,209.6,fixation
10:21:20.9916,862.2,210.4,fixation
10:21:20.9920,862.2,212.1,fixation
10:21:20.9925,862.2,213.5,fixation
10:21:20.993,862.4,213.3,fixation
10:21:20.9934,862.5,211.9,fixation
10:21:20.9939,862.7,210.6,fixation
10:21:20.9944,862.6,210.7,fixation
10:21:20.9948,862.6,211.9,fixation
10:21:20.9953,862.5,213.1,fixation
10:21:20.9958,862.4,214.5,fixation
10:21:20.9962,862.3,214.7,fixation
10:21:20.9967,862.5,213.1,fixation
10:21:20.9972,862.6,211.2,fixation
10:21:20.9977,863.8,210.2,fixation
10:21:20.9981,864.7,211.2,fixation
10:21:20.9986,865.5,212.1,fixation
10:21:20.9991,864.9,212.6,fixation
10:21:20.9995,864.2,213.3,fixation
10:21:21.,863.7,214.0,fixation
10:21:21.0005,863.3,214.4,fixation
10:21:21.0009,863.1,214.5,fixation
10:21:21.0014,863.1,214.7,fixation
10:21:21.0019,863.3,214.8,fixation
10:21:21.0023,863.4,214.0,fixation
10:21:21.0028,863.3,212.4,fixation
10:21:21.0033,863.6,210.8,fixation
10:21:21.0038,863.7,210.2,fixation
10:21:21.0042,863.4,210.3,fixation
10:21:21.0047,862.8,209.7,fixation
10:21:21.0052,862.6,209.0,fixation
10:21:21.0056,863.3,208.9,fixation
10:21:21.0061,863.9,209.7,fixation
10:21:21.0066,864.5,210.4,fixation
10:21:21.0070,864.2,210.3,fixation
10:21:21.0075,863.8,210.2,fixation
10:21:21.008,863.5,210.0,fixation
10:21:21.0084,863.5,209.9,fixation
10:21:21.0089,863.4,209.8,fixation
10:21:21.0094,864.0,209.8,fixation
10:21:21.0099,864.7,209.4,fixation
10:21:21.0103,865.5,208.4,fixation
10:21:21.0108,865.5,207.3,fixation
10:21:21.0113,865.2,207.6,fixation
10:21:21.0117,864.9,209.5,fixation
10:21:21.0122,865.2,211.4,fixation
10:21:21.0127,865.6,212.0,fixation
10:21:21.0131,865.9,210.8,fixation
10:21:21.0136,866.0,209.7,fixation
10:21:21.0141,865.8,209.0,fixation
10:21:21.0145,865.6,209.2,fixation
10:21:21.015,865.6,209.4,fixation
10:21:21.0155,865.8,209.3,fixation
10:21:21.016,866.0,209.1,fixation
10:21:21.0164,866.3,208.9,fixation
10:21:21.0169,866.9,207.9,fixation
10:21:21.0174,867.5,205.9,fixation
10:21:21.0178,867.5,203.8,fixation
10:21:21.0183,866.9,203.2,fixation
10:21:21.0188,866.4,203.9,fixation
10:21:21.0192,865.9,205.3,fixation
10:21:21.0197,865.9,206.5,fixation
10:21:21.0202,866.5,207.5,fixation
10:21:21.0206,867.5,206.5,fixation
10:21:21.0211,868.3,205.6,fixation
10:21:21.0216,868.4,204.4,fixation
10:21:21.0221,868.3,204.3,fixation
10:21:21.0225,867.6,204.0,fixation
10:21:21.023,866.5,203.5,fixation
10:21:21.0235,865.3,203.4,fixation
10:21:21.0239,864.5,203.4,fixation
10:21:21.0244,864.2,202.5,fixation
10:21:21.0249,863.7,201.4,fixation
10:21:21.0253,863.4,200.9,fixation
10:21:21.0258,862.8,201.3,fixation
10:21:21.0263,862.4,202.1,fixation
10:21:21.0267,862.0,202.2,fixation
10:21:21.0272,862.1,200.7,fixation
10:21:21.0277,862.5,199.1,fixation
10:21:21.0282,863.5,198.2,fixation
10:21:21.0286,864.3,199.2,fixation
10:21:21.0291,864.5,200.1,fixation
10:21:21.0296,864.0,200.1,fixation
10:21:21.0300,863.2,199.9,fixation
10:21:21.0305,862.6,198.9,fixation
10:21:21.031,862.3,197.9,fixation
10:21:21.0314,862.6,197.5,fixation
10:21:21.0319,862.8,198.0,fixation
10:21:21.0324,862.8,198.2,fixation
10:21:21.0328,862.5,197.9,fixation
10:21:21.0333,862.6,197.7,fixation
10:21:21.0338,862.8,197.8,fixation
10:21:21.0342,863.1,197.9,fixation
10:21:21.0346,863.0,198.5,fixation
10:21:21.0351,863.2,199.2,fixation
10:21:21.0356,863.3,200.4,fixation
10:21:21.0360,863.7,201.0,fixation
10:21:21.0365,863.9,200.2,fixation
10:21:21.037,863.6,198.8,fixation
10:21:21.0374,863.1,197.3,fixation
10:21:21.0379,862.6,197.2,fixation
10:21:21.0384,863.0,199.5,fixation
10:21:21.0388,863.4,201.8,fixation
10:21:21.0392,863.7,203.6,fixation
10:21:21.0397,863.9,201.8,fixation
10:21:21.0402,863.2,199.8,fixation
10:21:21.0406,862.5,198.2,fixation
10:21:21.0411,861.4,197.9,fixation
10:21:21.0416,860.9,197.7,fixation
10:21:21.0420,860.3,197.4,fixation
10:21:21.0425,860.1,197.8,fixation
10:21:21.043,860.0,199.5,fixation
10:21:21.0434,859.9,201.2,fixation
10:21:21.0438,860.2,202.2,fixation
10:21:21.0443,860.7,202.0,fixation
10:21:21.0448,860.9,200.8,fixation
10:21:21.0452,860.2,199.6,fixation
10:21:21.0457,859.4,199.3,fixation
10:21:21.0462,859.0,200.0,fixation
10:21:21.0466,859.2,200.2,fixation
10:21:21.0471,859.2,199.6,fixation
10:21:21.0476,859.3,198.7,fixation
10:21:21.0480,859.3,198.4,fixation
10:21:21.0484,859.4,198.0,fixation
10:21:21.0489,859.2,197.8,fixation
10:21:21.0494,859.2,197.8,fixation
10:21:21.0498,859.5,197.9,fixation
10:21:21.0503,859.7,198.1,fixation
10:21:21.0508,859.4,197.9,fixation
10:21:21.0512,859.0,196.6,fixation
10:21:21.0517,858.6,195.4,fixation
10:21:21.0522,858.5,194.5,fixation
10:21:21.0526,858.4,194.7,fixation
10:21:21.0531,858.2,194.9,fixation
10:21:21.0536,858.1,194.4,fixation
10:21:21.0541,858.1,194.2,fixation
10:21:21.0545,858.3,194.5,fixation
10:21:21.055,858.5,195.4,fixation
10:21:21.0555,858.8,194.4,fixation
10:21:21.0559,858.7,192.9,fixation
10:21:21.0564,858.7,192.4,fixation
10:21:21.0569,858.6,193.4,fixation
10:21:21.0573,857.9,194.5,fixation
10:21:21.0578,857.1,194.5,fixation
10:21:21.0583,856.4,194.5,fixation
10:21:21.0587,856.4,194.4,fixation
10:21:21.0592,856.5,194.3,fixation
10:21:21.0597,856.6,192.7,fixation
10:21:21.0602,856.8,191.2,fixation
10:21:21.0606,856.8,191.1,fixation
10:21:21.0611,856.7,192.5,fixation
10:21:21.0616,856.7,193.6,fixation
10:21:21.0620,857.1,194.1,fixation
10:21:21.0625,857.5,194.5,fixation
10:21:21.063,857.1,194.7,fixation
10:21:21.0634,856.3,193.7,fixation
10:21:21.0639,855.4,192.3,fixation
10:21:21.0644,855.1,192.2,fixation
10:21:21.0648,854.7,192.8,fixation
10:21:21.0653,854.4,193.6,fixation
10:21:21.0658,854.1,193.7,fixation
10:21:21.0663,854.2,193.8,fixation
10:21:21.0667,854.6,193.9,fixation
10:21:21.0672,855.0,194.0,fixation
10:21:21.0677,855.2,193.6,fixation
10:21:21.0681,855.1,193.2,fixation
10:21:21.0686,855.0,192.4,fixation
10:21:21.0691,855.0,192.0,fixation
10:21:21.0695,854.7,192.3,fixation
10:21:21.07,854.2,193.9,fixation
10:21:21.0705,853.6,195.4,fixation
10:21:21.0709,853.4,196.6,fixation
10:21:21.0714,853.3,197.0,fixation
10:21:21.0719,853.5,195.2,fixation
10:21:21.0724,853.8,193.0,fixation
10:21:21.0728,853.8,192.1,fixation
10:21:21.0733,853.5,193.3,fixation
10:21:21.0738,853.3,194.3,fixation
10:21:21.0742,854.1,194.2,fixation
10:21:21.0747,854.9,195.0,fixation
10:21:21.0752,854.9,195.9,fixation
10:21:21.0756,854.0,196.4,fixation
10:21:21.0761,853.3,195.7,fixation
10:21:21.0766,853.6,194.1,fixation
10:21:21.0770,854.1,192.8,fixation
10:21:21.0775,854.5,191.9,fixation
10:21:21.078,854.6,192.2,fixation
10:21:21.0785,854.5,192.2,fixation
10:21:21.0789,854.5,191.8,fixation
10:21:21.0794,854.5,191.2,fixation
10:21:21.0799,855.1,190.8,fixation
10:21:21.0803,855.8,190.4,fixation
10:21:21.0808,857.0,190.3,fixation
10:21:21.0813,857.8,190.5,fixation
10:21:21.0817,858.4,191.0,fixation
10:21:21.0822,858.3,191.3,fixation
10:21:21.0827,857.6,191.2,fixation
10:21:21.0831,856.9,191.2,fixation
10:21:21.0836,856.3,191.1,fixation
10:21:21.0841,855.4,190.3,fixation
10:21:21.0846,854.6,189.4,fixation
10:21:21.0850,853.8,188.5,fixation
10:21:21.0855,853.9,188.8,fixation
10:21:21.086,854.0,189.4,fixation
10:21:21.0864,854.0,190.4,fixation
10:21:21.0869,854.0,191.2,fixation
10:21:21.0874,853.9,191.7,fixation
10:21:21.0878,853.8,191.9,fixation
10:21:21.0883,853.7,192.0,fixation
10:21:21.0888,853.9,192.2,fixation
10:21:21.0892,854.2,192.1,fixation
10:21:21.0897,854.4,192.2,fixation
10:21:21.0902,854.0,192.3,fixation
10:21:21.0907,853.5,192.5,fixation
10:21:21.0911,853.0,192.7,fixation
10:21:21.0916,852.6,193.4,fixation
10:21:21.0921,852.2,194.0,fixation
10:21:21.0925,851.9,194.5,fixation
10:21:21.093,852.5,194.7,fixation
10:21:21.0935,853.1,194.5,fixation
10:21:21.0939,854.2,193.6,fixation
10:21:21.0944,854.8,192.8,fixation
10:21:21.0949,855.3,192.1,fixation
10:21:21.0953,855.5,191.7,fixation
10:21:21.0958,855.6,191.2,fixation
10:21:21.0963,855.7,191.2,fixation
10:21:21.0967,855.7,191.7,fixation
10:21:21.0971,855.5,192.2,fixation
10:21:21.0976,855.3,192.2,fixation
10:21:21.0981,855.1,192.3,fixation
10:21:21.0985,855.2,191.9,fixation
10:21:21.099,855.3,191.5,fixation
10:21:21.0995,854.6,190.9,fixation
10:21:21.0999,853.9,190.7,fixation
10:21:21.1004,853.1,190.4,fixation
10:21:21.1009,853.0,190.2,fixation
10:21:21.1013,853.0,190.2,fixation
10:21:21.1017,853.1,190.4,fixation
10:21:21.1022,853.1,190.8,fixation
10:21:21.1027,853.2,191.1,fixation
10:21:21.1031,852.8,188.9,saccade
10:21:21.1036,852.6,189.3,saccade
10:21:21.1041,853.0,190.6,saccade
10:21:21.1045,853.3,191.9,saccade
10:21:21.105,853.4,193.7,saccade
10:21:21.1055,854.3,196.3,saccade
10:21:21.1059,855.3,198.7,saccade
10:21:21.1063,856.5,199.2,saccade
10:21:21.1068,857.2,201.3,saccade
10:21:21.1073,857.9,203.6,saccade
10:21:21.1077,858.6,206.1,saccade
10:21:21.1082,858.8,207.5,saccade
10:21:21.1087,859.2,209.8,saccade
10:21:21.1091,860.5,212.3,saccade
10:21:21.1096,861.5,214.1,saccade
10:21:21.1101,863.0,215.2,saccade
10:21:21.1105,864.0,218.1,saccade
10:21:21.1109,865.2,221.1,saccade
10:21:21.1114,865.7,223.7,saccade
10:21:21.1119,865.8,225.1,saccade
10:21:21.1123,865.8,226.2,saccade
10:21:21.1128,866.2,227.5,saccade
10:21:21.1133,866.6,229.8,saccade
10:21:21.1137,867.0,231.9,saccade
10:21:21.1142,866.9,233.9,saccade
10:21:21.1147,866.9,236.3,saccade
10:21:21.1151,867.3,239.1,saccade
10:21:21.1156,867.6,241.8,saccade
10:21:21.1161,867.7,242.1,saccade
10:21:21.1166,867.4,242.6,saccade
10:21:21.1170,866.8,244.5,saccade
10:21:21.1175,865.5,247.4,fixation
10:21:21.118,864.8,247.4,fixation
10:21:21.1184,864.3,247.3,fixation
10:21:21.1189,863.2,247.1,fixation
10:21:21.1194,862.4,245.7,fixation
10:21:21.1198,861.8,244.2,fixation
10:21:21.1203,861.5,243.1,fixation
10:21:21.1208,861.1,243.4,fixation
10:21:21.1212,860.9,242.4,fixation
10:21:21.1217,860.9,241.0,fixation
10:21:21.1222,861.0,239.9,fixation
10:21:21.1227,861.1,240.1,fixation
10:21:21.1231,861.4,237.8,fixation
10:21:21.1236,861.8,234.4,fixation
10:21:21.1241,862.0,230.9,fixation
10:21:21.1245,862.4,230.2,fixation
10:21:21.125,863.4,231.0,fixation
10:21:21.1255,864.2,233.7,fixation
10:21:21.1259,864.6,236.1,fixation
10:21:21.1264,864.3,238.8,fixation
10:21:21.1269,864.3,239.6,fixation
10:21:21.1273,864.7,240.5,fixation
10:21:21.1278,865.3,240.9,fixation
10:21:21.1283,865.9,241.2,fixation
10:21:21.1288,866.0,241.4,fixation
10:21:21.1292,866.0,241.9,fixation
10:21:21.1297,865.9,242.4,fixation
10:21:21.1302,865.7,241.7,fixation
10:21:21.1306,865.5,240.4,fixation
10:21:21.1311,865.4,239.3,fixation
10:21:21.1316,865.2,239.5,fixation
10:21:21.1320,865.2,239.7,fixation
10:21:21.1325,865.3,239.9,fixation
10:21:21.133,865.4,239.8,fixation
10:21:21.1334,865.5,239.3,fixation
10:21:21.1339,866.0,238.5,fixation
10:21:21.1344,866.7,237.4,fixation
10:21:21.1349,867.4,236.8,fixation
10:21:21.1353,867.7,236.2,fixation
10:21:21.1358,867.9,236.4,fixation
10:21:21.1363,867.0,236.3,fixation
10:21:21.1367,866.0,236.3,fixation
10:21:21.1372,865.1,235.9,fixation
10:21:21.1377,865.2,235.5,fixation
10:21:21.1381,865.2,235.1,fixation
10:21:21.1386,865.1,234.7,fixation
10:21:21.1391,865.0,234.5,fixation
10:21:21.1395,865.1,234.5,fixation
10:21:21.14,865.4,234.6,fixation
10:21:21.1405,866.3,234.8,fixation
10:21:21.141,867.1,234.6,fixation
10:21:21.1414,867.2,234.3,fixation
10:21:21.1419,866.3,236.0,fixation
10:21:21.1424,865.1,238.0,fixation
10:21:21.1428,864.2,242.2,fixation
10:21:21.1433,864.7,244.3,fixation
10:21:21.1438,865.5,246.3,fixation
10:21:21.1442,865.2,245.8,fixation
10:21:21.1447,863.8,245.3,fixation
10:21:21.1452,862.7,244.5,fixation
10:21:21.1456,863.2,244.1,fixation
10:21:21.1461,863.6,243.5,fixation
10:21:21.1466,863.8,243.4,fixation
10:21:21.1471,864.0,243.2,fixation
10:21:21.1475,864.4,242.2,fixation
10:21:21.148,864.7,241.2,fixation
10:21:21.1485,864.9,240.2,fixation
10:21:21.1489,864.9,240.1,fixation
10:21:21.1494,865.3,240.1,fixation
10:21:21.1499,865.4,239.9,fixation
10:21:21.1503,865.2,239.7,fixation
10:21:21.1508,864.6,238.5,fixation
10:21:21.1513,864.3,237.3,fixation
10:21:21.1517,864.1,236.2,fixation
10:21:21.1522,863.9,236.4,fixation
10:21:21.1527,864.4,236.9,fixation
10:21:21.1532,865.1,237.4,fixation
10:21:21.1536,865.8,237.6,fixation
10:21:21.1541,865.8,237.6,fixation
10:21:21.1546,865.9,238.0,fixation
10:21:21.1550,865.9,238.3,fixation
10:21:21.1555,866.4,238.8,fixation
10:21:21.156,866.9,240.0,fixation
10:21:21.1564,867.4,241.4,fixation
10:21:21.1569,867.3,242.3,fixation
10:21:21.1574,867.5,242.0,fixation
10:21:21.1578,867.6,241.8,fixation
10:21:21.1583,867.0,241.8,fixation
10:21:21.1588,866.5,241.4,fixation
10:21:21.1592,865.3,240.7,fixation
10:21:21.1596,864.7,240.4,fixation
10:21:21.1601,864.0,240.2,fixation
10:21:21.1606,864.2,240.4,fixation
10:21:21.1610,864.4,240.8,fixation
10:21:21.1615,864.6,241.1,fixation
10:21:21.162,864.5,241.5,fixation
10:21:21.1624,864.2,241.6,fixation
10:21:21.1629,864.1,241.9,fixation
10:21:21.1634,863.9,242.0,fixation
10:21:21.1638,864.1,241.8,fixation
10:21:21.1642,864.2,241.1,fixation
10:21:21.1647,864.4,240.3,fixation
10:21:21.1652,864.5,239.7,fixation
10:21:21.1656,864.6,239.4,fixation
10:21:21.1661,864.8,239.2,fixation
10:21:21.1666,866.1,242.2,fixation
10:21:21.1670,867.3,245.3,fixation
10:21:21.1675,868.2,245.6,fixation
10:21:21.168,867.0,242.7,fixation
10:21:21.1684,865.8,239.9,fixation
10:21:21.1688,865.5,240.3,fixation
10:21:21.1693,866.5,241.5,fixation
10:21:21.1698,867.5,242.4,fixation
10:21:21.1702,868.0,243.2,fixation
10:21:21.1707,867.6,243.3,fixation
10:21:21.1712,866.8,243.4,fixation
10:21:21.1716,865.7,244.9,fixation
10:21:21.1721,864.9,246.4,fixation
10:21:21.1726,863.6,247.8,fixation
10:21:21.1730,862.4,246.9,fixation
10:21:21.1734,861.4,246.1,fixation
10:21:21.1739,861.0,245.0,fixation
10:21:21.1744,860.9,244.8,fixation
10:21:21.1748,861.2,244.7,fixation
10:21:21.1753,862.4,245.0,fixation
10:21:21.1758,863.5,245.2,fixation
10:21:21.1762,864.2,244.6,fixation
10:21:21.1767,864.2,243.9,fixation
10:21:21.1772,864.5,243.4,fixation
10:21:21.1776,864.9,243.4,fixation
10:21:21.1781,865.5,243.0,fixation
10:21:21.1786,865.8,242.5,fixation
10:21:21.1791,865.0,242.3,fixation
10:21:21.1795,864.1,242.9,fixation
10:21:21.18,863.4,243.5,fixation
10:21:21.1805,863.6,244.0,fixation
10:21:21.1809,863.8,244.0,fixation
10:21:21.1814,863.9,243.9,fixation
10:21:21.1819,863.8,243.8,fixation
10:21:21.1823,863.8,243.8,fixation
10:21:21.1828,863.4,243.7,fixation
10:21:21.1833,862.4,243.5,fixation
10:21:21.1837,861.3,243.2,fixation
10:21:21.1842,860.7,243.6,fixation
10:21:21.1847,860.8,244.3,fixation
10:21:21.1852,860.9,245.2,fixation
10:21:21.1856,860.9,245.4,fixation
10:21:21.1861,861.0,244.9,fixation
10:21:21.1866,861.3,244.2,fixation
10:21:21.1870,862.6,245.6,fixation
10:21:21.1875,863.8,247.8,fixation
10:21:21.188,865.0,249.9,fixation
10:21:21.1884,865.3,249.6,fixation
10:21:21.1889,865.6,249.1,fixation
10:21:21.1894,865.8,247.4,fixation
10:21:21.1898,865.1,245.6,fixation
10:21:21.1903,864.3,243.9,fixation
10:21:21.1908,863.2,243.9,fixation
10:21:21.1913,862.8,244.7,fixation
10:21:21.1917,862.4,245.7,fixation
10:21:21.1922,862.3,246.8,fixation
10:21:21.1927,862.2,247.5,fixation
10:21:21.1931,861.8,246.9,fixation
10:21:21.1936,861.4,245.7,fixation
10:21:21.1941,860.7,243.6,fixation
10:21:21.1945,860.4,242.6,fixation
10:21:21.195,860.1,241.6,fixation
10:21:21.1955,860.5,241.8,fixation
10:21:21.1959,861.2,242.9,fixation
10:21:21.1964,862.2,244.1,fixation
10:21:21.1969,863.8,244.9,fixation
10:21:21.1974,865.2,244.9,fixation
10:21:21.1978,866.2,244.8,fixation
10:21:21.1983,866.0,245.6,fixation
10:21:21.1988,865.8,246.7,fixation
10:21:21.1992,864.8,247.6,fixation
10:21:21.1997,863.4,246.7,fixation
10:21:21.2002,862.1,245.5,fixation
10:21:21.2006,861.9,243.0,fixation
10:21:21.2011,862.4,241.5,fixation
10:21:21.2016,862.9,241.0,fixation
10:21:21.2020,862.2,242.4,fixation
10:21:21.2025,861.2,243.8,fixation
10:21:21.203,860.7,244.1,fixation
10:21:21.2035,861.2,243.8,fixation
10:21:21.2039,861.9,243.4,fixation
10:21:21.2044,862.4,243.2,fixation
10:21:21.2049,863.2,241.1,fixation
10:21:21.2053,864.4,239.2,fixation
10:21:21.2058,865.8,237.5,fixation
10:21:21.2063,866.5,238.4,fixation
10:21:21.2067,866.6,239.0,fixation
10:21:21.2072,866.4,239.5,fixation
10:21:21.2077,866.3,239.6,fixation
10:21:21.2081,866.1,239.9,fixation
10:21:21.2086,865.9,240.1,fixation
10:21:21.2091,865.8,240.2,fixation
10:21:21.2096,864.8,240.0,fixation
10:21:21.2100,863.9,239.8,fixation
10:21:21.2105,863.0,240.5,fixation
10:21:21.211,863.0,241.5,fixation
10:21:21.2114,863.0,242.6,fixation
10:21:21.2119,863.6,242.8,fixation
10:21:21.2124,864.4,245.1,fixation
10:21:21.2128,865.1,247.4,fixation
10:21:21.2133,866.0,249.4,fixation
10:21:21.2138,867.1,249.5,fixation
10:21:21.2142,868.3,249.5,fixation
10:21:21.2147,868.5,247.6,fixation
10:21:21.2152,868.3,245.5,fixation
10:21:21.2157,868.1,243.6,fixation
10:21:21.2161,868.0,243.7,fixation
10:21:21.2166,868.0,243.8,fixation
10:21:21.2171,867.8,243.6,fixation
10:21:21.2175,867.3,243.6,fixation
10:21:21.218,866.7,243.3,fixation
10:21:21.2185,866.3,243.0,fixation
10:21:21.2189,866.1,242.6,fixation
10:21:21.2194,866.0,242.5,fixation
10:21:21.2199,865.9,242.5,fixation
10:21:21.2203,866.0,240.7,fixation
10:21:21.2208,866.7,238.9,fixation
10:21:21.2213,867.9,237.2,fixation
10:21:21.2217,868.9,238.3,fixation
10:21:21.2221,869.3,239.3,fixation
10:21:21.2226,869.2,240.2,fixation
10:21:21.2231,869.1,240.3,fixation
10:21:21.2235,869.2,239.8,fixation
10:21:21.224,869.3,239.2,fixation
10:21:21.2245,869.2,238.5,fixation
10:21:21.2249,868.8,237.8,fixation
10:21:21.2254,868.3,237.1,fixation
10:21:21.2259,868.2,236.3,fixation
10:21:21.2263,867.7,236.0,fixation
10:21:21.2267,867.3,235.7,fixation
10:21:21.2272,866.8,236.7,fixation
10:21:21.2277,867.6,238.1,fixation
10:21:21.2281,868.3,239.1,fixation
10:21:21.2286,869.2,238.8,fixation
10:21:21.2291,870.1,238.6,fixation
10:21:21.2295,871.2,238.7,fixation
10:21:21.23,872.2,240.2,fixation
10:21:21.2305,872.6,241.5,fixation
10:21:21.2309,872.9,241.9,fixation
10:21:21.2313,872.5,241.2,fixation
10:21:21.2318,871.4,240.6,fixation
10:21:21.2323,870.0,241.9,fixation
10:21:21.2327,869.0,242.8,fixation
10:21:21.2332,868.4,243.4,fixation
10:21:21.2337,868.0,242.2,fixation
10:21:21.2341,867.7,241.2,fixation
10:21:21.2346,867.7,240.6,fixation
10:21:21.2351,868.1,241.1,fixation
10:21:21.2355,869.4,241.7,fixation
10:21:21.2359,870.9,241.2,fixation
10:21:21.2364,872.7,240.8,fixation
10:21:21.2369,874.1,240.4,fixation
10:21:21.2373,875.5,241.0,fixation
10:21:21.2378,876.1,240.9,fixation
10:21:21.2383,875.4,240.2,fixation
10:21:21.2387,874.1,239.3,fixation
10:21:21.2392,872.3,238.6,fixation
10:21:21.2397,871.0,238.2,fixation
10:21:21.2401,870.3,238.0,fixation
10:21:21.2406,870.1,238.0,fixation
10:21:21.2411,870.1,239.9,fixation
10:21:21.2416,869.7,242.8,fixation
10:21:21.2420,869.3,245.7,fixation
10:21:21.2425,869.3,244.7,fixation
10:21:21.243,870.2,241.6,fixation
10:21:21.2434,871.6,238.5,fixation
10:21:21.2439,873.1,237.5,fixation
10:21:21.2444,874.3,237.7,fixation
10:21:21.2448,875.2,237.6,fixation
10:21:21.2453,875.8,237.1,fixation
10:21:21.2458,875.9,236.6,fixation
10:21:21.2462,875.7,236.1,fixation
10:21:21.2467,875.4,236.1,fixation
10:21:21.2472,875.2,236.0,fixation
10:21:21.2477,874.6,235.8,fixation
10:21:21.2481,873.9,235.4,fixation
10:21:21.2486,873.2,235.0,fixation
10:21:21.2491,873.2,234.8,fixation
10:21:21.2495,873.7,234.6,fixation
10:21:21.25,874.4,234.0,fixation
10:21:21.2505,875.2,233.5,fixation
10:21:21.2509,876.4,232.9,fixation
10:21:21.2514,877.9,232.8,fixation
10:21:21.2519,879.3,232.7,fixation
10:21:21.2523,879.7,232.6,fixation
10:21:21.2528,879.4,232.3,fixation
10:21:21.2533,879.0,232.5,fixation
10:21:21.2538,877.7,232.7,fixation
10:21:21.2542,876.6,233.1,fixation
10:21:21.2547,875.0,233.8,fixation
10:21:21.2552,874.1,234.5,fixation
10:21:21.2556,873.2,235.2,fixation
10:21:21.2561,873.1,235.4,fixation
10:21:21.2566,873.5,235.4,fixation
10:21:21.2570,874.1,235.1,fixation
10:21:21.2575,875.3,234.5,fixation
10:21:21.258,876.6,233.7,fixation
10:21:21.2584,878.5,232.1,fixation
10:21:21.2589,879.8,231.0,fixation
10:21:21.2594,880.7,230.6,fixation
10:21:21.2599,880.5,231.2,fixation
10:21:21.2603,879.9,231.3,fixation
10:21:21.2608,878.7,230.8,fixation
10:21:21.2613,878.0,230.5,fixation
10:21:21.2617,876.4,227.7,fixation
10:21:21.2622,875.5,225.2,fixation
10:21:21.2627,875.6,222.4,fixation
10:21:21.2631,876.8,221.9,fixation
10:21:21.2636,878.0,221.3,fixation
10:21:21.2641,878.1,220.8,fixation
10:21:21.2645,880.1,221.0,fixation
10:21:21.265,881.8,223.5,fixation
10:21:21.2655,883.5,226.2,fixation
10:21:21.266,883.3,228.0,fixation
10:21:21.2664,883.4,226.1,fixation
10:21:21.2669,882.8,223.9,fixation
10:21:21.2674,881.8,222.2,fixation
10:21:21.2678,879.8,221.2,fixation
10:21:21.2683,878.5,220.5,fixation
10:21:21.2688,877.3,220.9,fixation
10:21:21.2692,877.1,221.9,fixation
10:21:21.2697,876.9,221.9,fixation
10:21:21.2702,877.1,220.9,fixation
10:21:21.2706,878.3,220.1,fixation
10:21:21.2711,879.8,222.1,fixation
10:21:21.2716,882.0,224.2,fixation
10:21:21.2721,883.9,225.9,fixation
10:21:21.2725,885.4,225.5,fixation
10:21:21.273,885.7,224.4,fixation
10:21:21.2735,884.6,223.6,fixation
10:21:21.2739,883.3,223.4,fixation
10:21:21.2744,882.6,223.5,fixation
10:21:21.2749,881.8,223.0,fixation
10:21:21.2753,880.9,222.3,fixation
10:21:21.2758,879.8,222.1,fixation
10:21:21.2763,879.4,221.7,fixation
10:21:21.2767,879.2,221.2,fixation
10:21:21.2772,880.4,221.4,fixation
10:21:21.2777,881.7,222.2,fixation
10:21:21.2782,883.3,221.5,fixation
10:21:21.2786,885.0,220.5,fixation
10:21:21.2791,886.5,221.2,fixation
10:21:21.2796,887.3,223.1,fixation
10:21:21.2800,886.6,224.6,fixation
10:21:21.2805,886.1,224.4,fixation
10:21:21.281,884.9,224.1,fixation
10:21:21.2814,883.6,223.7,fixation
10:21:21.2819,881.9,222.9,fixation
10:21:21.2824,881.2,220.9,fixation
10:21:21.2828,880.6,218.8,fixation
10:21:21.2833,881.4,216.8,fixation
10:21:21.2838,882.4,216.3,fixation
10:21:21.2842,884.1,215.3,fixation
10:21:21.2846,885.8,215.0,fixation
10:21:21.2851,888.3,215.0,fixation
10:21:21.2856,889.9,215.9,fixation
10:21:21.2860,890.5,216.5,fixation
10:21:21.2865,889.4,216.1,fixation
10:21:21.287,888.2,215.2,fixation
10:21:21.2874,886.2,215.0,fixation
10:21:21.2879,885.2,215.2,fixation
10:21:21.2884,884.5,215.5,fixation
10:21:21.2888,884.4,215.1,fixation
10:21:21.2892,884.4,214.0,fixation
10:21:21.2897,884.5,212.5,fixation
10:21:21.2902,884.7,211.0,fixation
10:21:21.2906,886.2,212.9,fixation
10:21:21.2911,887.8,216.0,fixation
10:21:21.2916,890.4,219.4,fixation
10:21:21.2920,891.8,219.1,fixation
10:21:21.2925,893.0,217.7,fixation
10:21:21.293,892.7,216.1,fixation
10:21:21.2934,891.7,216.1,fixation
10:21:21.2938,890.4,216.1,fixation
10:21:21.2943,889.6,215.4,fixation
10:21:21.2948,888.3,213.9,fixation
10:21:21.2952,887.4,212.5,fixation
10:21:21.2957,887.0,212.0,fixation
10:21:21.2962,887.5,213.1,fixation
10:21:21.2966,888.0,214.2,fixation
10:21:21.2971,889.2,215.0,fixation
10:21:21.2976,890.6,214.8,fixation
10:21:21.2980,892.6,214.0,fixation
10:21:21.2984,894.3,213.5,fixation
10:21:21.2989,895.9,213.0,fixation
10:21:21.2994,895.9,212.0,fixation
10:21:21.2998,894.9,209.0,fixation
10:21:21.3003,893.9,206.1,fixation
10:21:21.3008,893.6,207.3,fixation
10:21:21.3012,892.6,210.1,fixation
10:21:21.3017,890.8,211.7,fixation
10:21:21.3022,889.3,210.1,fixation
10:21:21.3026,889.3,208.5,fixation
10:21:21.3031,891.3,208.3,fixation
10:21:21.3036,893.3,208.1,fixation
10:21:21.3041,894.8,208.2,fixation
10:21:21.3045,895.3,208.3,fixation
10:21:21.305,896.0,207.8,fixation
10:21:21.3055,896.1,207.1,fixation
10:21:21.3059,896.2,206.5,fixation
10:21:21.3064,896.1,206.8,fixation
10:21:21.3069,895.3,206.0,fixation
10:21:21.3073,894.5,204.9,fixation
10:21:21.3078,893.9,204.1,fixation
10:21:21.3083,894.1,204.2,fixation
10:21:21.3087,893.4,204.3,fixation
10:21:21.3092,892.7,204.2,fixation
10:21:21.3097,893.2,203.4,fixation
10:21:21.3102,894.6,203.2,fixation
10:21:21.3106,895.9,203.1,fixation
10:21:21.3111,897.5,204.0,fixation
10:21:21.3116,899.2,203.7,fixation
10:21:21.3120,900.5,203.2,fixation
10:21:21.3125,899.7,201.8,fixation
10:21:21.313,898.7,201.0,fixation
10:21:21.3134,898.0,201.5,fixation
10:21:21.3139,897.8,202.8,fixation
10:21:21.3144,897.8,204.7,fixation
10:21:21.3148,897.9,205.3,fixation
10:21:21.3153,897.8,205.9,fixation
10:21:21.3158,898.2,205.8,fixation
10:21:21.3163,898.7,205.5,fixation
10:21:21.3167,899.7,205.2,fixation
10:21:21.3172,900.1,204.9,fixation
10:21:21.3177,900.5,205.1,fixation
10:21:21.3181,900.4,205.3,fixation
10:21:21.3186,900.1,205.5,fixation
10:21:21.3191,900.1,204.1,fixation
10:21:21.3195,899.6,202.7,fixation
10:21:21.32,899.3,201.4,fixation
10:21:21.3205,898.8,201.4,fixation
10:21:21.3209,898.7,202.0,fixation
10:21:21.3214,898.6,202.5,fixation
10:21:21.3219,899.4,203.0,fixation
10:21:21.3224,900.3,202.8,fixation
10:21:21.3228,902.1,202.8,fixation
10:21:21.3233,903.0,202.8,fixation
10:21:21.3238,903.8,203.4,fixation
10:21:21.3242,903.4,204.0,fixation
10:21:21.3247,902.1,205.4,fixation
10:21:21.3252,900.0,206.7,fixation
10:21:21.3256,898.4,207.6,fixation
10:21:21.3261,897.6,207.7,fixation
10:21:21.3266,897.4,208.5,fixation
10:21:21.3270,897.5,209.4,fixation
10:21:21.3275,898.0,209.6,fixation
10:21:21.328,899.2,209.0,fixation
10:21:21.3285,900.1,208.6,fixation
10:21:21.3289,901.1,209.1,fixation
10:21:21.3294,901.8,209.6,fixation
10:21:21.3299,902.5,209.7,fixation
10:21:21.3303,902.0,209.5,fixation
10:21:21.3308,900.9,209.0,fixation
10:21:21.3313,899.8,208.6,fixation
10:21:21.3317,898.8,208.4,fixation
10:21:21.3322,898.1,208.5,fixation
10:21:21.3327,897.2,208.5,fixation
10:21:21.3331,897.2,208.4,fixation
10:21:21.3336,898.7,208.6,fixation
10:21:21.3341,901.5,209.4,fixation
10:21:21.3346,904.2,210.5,fixation
10:21:21.3350,904.4,211.6,fixation
10:21:21.3355,903.6,212.1,fixation
10:21:21.336,902.4,210.4,fixation
10:21:21.3364,901.3,208.4,fixation
10:21:21.3369,899.7,206.4,fixation
10:21:21.3374,898.6,206.2,fixation
10:21:21.3378,898.0,206.1,fixation
10:21:21.3383,898.8,206.2,fixation
10:21:21.3388,899.4,207.0,fixation
10:21:21.3392,900.0,207.9,fixation
10:21:21.3397,901.1,209.0,fixation
10:21:21.3402,902.4,209.6,fixation
10:21:21.3407,903.6,210.2,fixation
10:21:21.3411,902.9,208.3,fixation
10:21:21.3416,902.1,206.4,fixation
10:21:21.3421,901.3,204.4,fixation
10:21:21.3425,900.8,204.3,fixation
10:21:21.343,900.6,204.1,fixation
10:21:21.3435,900.4,203.9,fixation
10:21:21.3439,900.5,204.0,fixation
10:21:21.3444,900.6,204.5,fixation
10:21:21.3449,901.6,205.7,fixation
10:21:21.3453,903.0,206.9,fixation
10:21:21.3458,904.4,207.7,fixation
10:21:21.3463,904.7,207.8,fixation
10:21:21.3467,904.7,206.2,fixation
10:21:21.3471,904.0,204.4,fixation
10:21:21.3476,903.3,203.6,fixation
10:21:21.3481,902.5,204.4,fixation
10:21:21.3485,902.6,205.3,fixation
10:21:21.349,903.0,205.1,fixation
10:21:21.3495,903.5,205.0,fixation
10:21:21.3499,904.9,206.0,fixation
10:21:21.3504,906.0,207.0,fixation
10:21:21.3509,906.1,208.3,fixation
10:21:21.3513,905.2,208.7,fixation
10:21:21.3517,904.3,209.1,fixation
10:21:21.3522,903.3,208.9,fixation
10:21:21.3527,901.8,208.6,fixation
10:21:21.3531,900.3,208.4,fixation
10:21:21.3536,899.8,208.3,fixation
10:21:21.3541,901.4,208.6,fixation
10:21:21.3545,903.2,209.9,fixation
10:21:21.355,905.0,211.2,fixation
10:21:21.3555,906.0,210.4,fixation
10:21:21.3559,906.8,208.5,fixation
10:21:21.3563,907.1,207.0,fixation
10:21:21.3568,905.5,207.3,fixation
10:21:21.3573,903.8,207.6,fixation
10:21:21.3577,902.3,209.0,fixation
10:21:21.3582,902.0,210.5,fixation
10:21:21.3587,902.4,212.8,fixation
10:21:21.3591,903.1,213.1,fixation
10:21:21.3596,904.9,213.5,fixation
10:21:21.3601,907.3,213.2,fixation
10:21:21.3605,909.8,213.0,fixation
10:21:21.3609,910.1,212.5,fixation
10:21:21.3614,906.9,213.5,fixation
10:21:21.3619,903.6,215.6,fixation
10:21:21.3623,900.7,217.7,fixation
10:21:21.3628,900.1,215.9,fixation
10:21:21.3633,900.9,213.8,fixation
10:21:21.3637,902.3,212.3,fixation
10:21:21.3642,904.2,213.1,fixation
10:21:21.3647,905.5,213.2,fixation
10:21:21.3651,906.6,212.8,fixation
10:21:21.3656,906.7,213.2,fixation
10:21:21.3661,905.5,214.0,fixation
10:21:21.3666,903.5,214.0,fixation
10:21:21.3670,901.8,214.0,fixation
10:21:21.3675,900.8,213.9,fixation
10:21:21.368,902.7,214.6,fixation
10:21:21.3684,905.0,214.4,fixation
10:21:21.3689,908.2,214.7,fixation
10:21:21.3694,909.6,215.0,fixation
10:21:21.3698,910.8,215.4,fixation
10:21:21.3703,910.4,215.3,fixation
10:21:21.3708,908.8,214.8,fixation
10:21:21.3712,906.7,213.2,fixation
10:21:21.3717,904.4,211.7,fixation
10:21:21.3722,903.4,211.1,fixation
10:21:21.3727,905.6,212.1,fixation
10:21:21.3731,908.3,213.4,fixation
10:21:21.3736,911.7,214.2,fixation
10:21:21.3741,912.3,215.3,fixation
10:21:21.3745,912.4,216.0,fixation
10:21:21.375,911.2,215.3,fixation
10:21:21.3755,909.9,213.8,fixation
10:21:21.3759,908.7,212.3,fixation
10:21:21.3764,908.3,211.7,fixation
10:21:21.3769,908.2,211.2,fixation
10:21:21.3773,909.5,211.3,fixation
10:21:21.3778,910.6,212.2,fixation
10:21:21.3783,911.6,214.8,fixation
10:21:21.3788,911.7,216.7,fixation
10:21:21.3792,912.4,218.4,fixation
10:21:21.3797,913.3,218.3,fixation
10:21:21.3802,912.2,216.3,fixation
10:21:21.3806,910.5,214.2,fixation
10:21:21.3811,909.3,212.2,fixation
10:21:21.3816,910.0,210.8,fixation
10:21:21.3820,910.7,209.5,fixation
10:21:21.3825,911.9,208.0,fixation
10:21:21.383,912.9,208.1,fixation
10:21:21.3834,913.8,208.1,fixation
10:21:21.3839,913.8,208.1,fixation
10:21:21.3844,913.7,209.3,fixation
10:21:21.3849,912.9,210.3,fixation
10:21:21.3853,911.5,210.4,fixation
10:21:21.3858,908.8,208.3,saccade
10:21:21.3863,910.2,208.5,saccade
10:21:21.3867,913.4,208.1,saccade
10:21:21.3872,916.6,207.3,saccade
10:21:21.3877,918.1,205.4,saccade
10:21:21.3881,918.2,203.5,saccade
10:21:21.3886,916.4,200.7,saccade
10:21:21.3891,914.4,198.7,saccade
10:21:21.3895,912.9,195.9,saccade
10:21:21.39,913.8,194.3,saccade
10:21:21.3905,916.1,193.0,saccade
10:21:21.391,917.9,193.1,saccade
10:21:21.3914,918.8,193.2,saccade
10:21:21.3919,917.0,194.7,saccade
10:21:21.3924,915.1,197.8,saccade
10:21:21.3928,910.6,201.4,saccade
10:21:21.3933,907.4,203.0,saccade
10:21:21.3938,904.3,203.0,saccade
10:21:21.3942,904.1,203.3,saccade
10:21:21.3947,902.0,206.8,saccade
10:21:21.3952,898.3,210.0,saccade
10:21:21.3956,893.1,212.6,saccade
10:21:21.3961,887.6,212.0,saccade
10:21:21.3966,882.1,213.6,saccade
10:21:21.3971,876.9,217.3,saccade
10:21:21.3975,871.8,222.7,saccade
10:21:21.398,865.6,231.4,saccade
10:21:21.3985,859.6,240.1,saccade
10:21:21.3989,855.0,249.6,saccade
10:21:21.3994,852.1,258.1,saccade
10:21:21.3999,847.3,265.4,saccade
10:21:21.4003,840.9,274.5,saccade
10:21:21.4008,833.5,281.1,saccade
10:21:21.4013,828.1,289.0,saccade
10:21:21.4017,823.8,299.0,saccade
10:21:21.4022,818.4,310.5,saccade
10:21:21.4027,812.6,319.3,saccade
10:21:21.4032,807.9,326.8,saccade
10:21:21.4036,805.2,335.6,saccade
10:21:21.4041,801.7,349.9,saccade
10:21:21.4046,797.5,366.0,saccade
10:21:21.4050,791.3,379.7,saccade
10:21:21.4055,787.1,395.8,saccade
10:21:21.406,783.6,408.3,saccade
10:21:21.4064,781.0,419.6,saccade
10:21:21.4069,777.7,426.2,saccade
10:21:21.4074,774.2,436.0,saccade
10:21:21.4078,771.6,450.9,saccade
10:21:21.4083,768.8,464.9,saccade
10:21:21.4088,763.3,478.5,saccade
10:21:21.4092,758.2,486.0,saccade
10:21:21.4096,754.2,491.4,saccade
10:21:21.4101,750.1,495.8,saccade
10:21:21.4106,744.9,506.2,saccade
10:21:21.4110,738.6,519.0,saccade
10:21:21.4115,733.9,530.4,saccade
10:21:21.412,730.6,538.1,saccade
10:21:21.4124,727.5,547.3,saccade
10:21:21.4129,723.2,553.6,saccade
10:21:21.4134,717.7,560.5,saccade
10:21:21.4138,712.7,570.2,saccade
10:21:21.4142,708.0,583.1,saccade
10:21:21.4147,703.6,595.4,saccade
10:21:21.4152,698.5,602.8,saccade
10:21:21.4156,696.0,613.6,saccade
10:21:21.4161,692.8,623.0,saccade
10:21:21.4166,688.4,632.1,saccade
10:21:21.4170,682.6,637.9,saccade
10:21:21.4175,677.9,646.7,saccade
10:21:21.418,674.4,658.2,saccade
10:21:21.4184,672.2,669.2,saccade
10:21:21.4188,671.4,679.0,saccade
10:21:21.4193,671.6,687.7,saccade
10:21:21.4198,671.8,693.5,saccade
10:21:21.4202,670.6,698.1,saccade
10:21:21.4207,669.3,699.6,saccade
10:21:21.4212,668.0,703.5,saccade
10:21:21.4216,668.0,709.1,saccade
10:21:21.4221,667.9,715.8,saccade
10:21:21.4226,670.2,721.4,saccade
10:21:21.4230,672.7,725.9,saccade
10:21:21.4234,675.6,732.0,saccade
10:21:21.4239,676.6,738.8,saccade
10:21:21.4244,678.9,745.4,saccade
10:21:21.4248,680.8,749.2,saccade
10:21:21.4253,682.4,750.9,saccade
10:21:21.4258,683.8,750.1,saccade
10:21:21.4262,685.2,749.3,saccade
10:21:21.4267,687.9,749.9,saccade
10:21:21.4272,689.7,751.5,saccade
10:21:21.4276,691.3,751.2,saccade
10:21:21.4281,692.0,749.6,saccade
10:21:21.4286,692.7,747.7,saccade
10:21:21.4291,693.3,745.5,saccade
10:21:21.4295,693.5,742.3,saccade
10:21:21.43,692.6,736.1,saccade
10:21:21.4305,691.1,732.0,saccade
10:21:21.4309,689.6,728.6,saccade
10:21:21.4314,689.0,726.6,saccade
10:21:21.4319,689.9,724.4,saccade
10:21:21.4323,691.0,719.8,saccade
10:21:21.4328,692.2,716.2,saccade
10:21:21.4333,692.1,711.2,saccade
10:21:21.4337,691.3,705.6,saccade
10:21:21.4342,690.2,700.9,saccade
10:21:21.4347,687.7,697.4,saccade
10:21:21.4352,684.4,696.6,saccade
10:21:21.4356,681.5,693.6,saccade
10:21:21.4361,680.2,690.9,saccade
10:21:21.4366,679.1,688.4,saccade
10:21:21.4370,677.7,688.5,saccade
10:21:21.4375,676.2,688.3,saccade
10:21:21.438,676.2,688.3,saccade
10:21:21.4384,677.2,689.0,saccade
10:21:21.4389,678.2,689.8,saccade
10:21:21.4394,678.0,690.4,saccade
10:21:21.4398,677.2,690.9,saccade
10:21:21.4403,676.3,691.7,saccade
10:21:21.4408,676.3,692.9,saccade
10:21:21.4413,674.9,694.1,fixation
10:21:21.4417,674.2,694.8,fixation
10:21:21.4422,674.1,695.3,fixation
10:21:21.4427,674.0,695.1,fixation
10:21:21.4431,675.3,695.0,fixation
10:21:21.4436,676.6,694.9,fixation
10:21:21.4441,678.0,697.8,fixation
10:21:21.4445,678.2,700.7,fixation
10:21:21.445,678.3,704.1,fixation
10:21:21.4455,678.1,704.9,fixation
10:21:21.4459,677.9,705.8,fixation
10:21:21.4464,677.7,706.2,fixation
10:21:21.4469,677.3,706.1,fixation
10:21:21.4474,676.8,705.9,fixation
10:21:21.4478,676.1,705.8,fixation
10:21:21.4483,675.7,705.7,fixation
10:21:21.4488,675.5,705.4,fixation
10:21:21.4492,675.7,705.2,fixation
10:21:21.4497,676.7,705.3,fixation
10:21:21.4502,677.7,706.0,fixation
10:21:21.4506,678.1,707.1,fixation
10:21:21.4511,677.7,708.5,fixation
10:21:21.4516,677.6,711.1,fixation
10:21:21.4520,677.8,713.3,fixation
10:21:21.4525,677.9,714.8,fixation
10:21:21.453,677.6,714.5,fixation
10:21:21.4535,677.5,712.9,fixation
10:21:21.4539,677.5,711.5,fixation
10:21:21.4544,677.7,712.1,fixation
10:21:21.4549,678.0,715.5,fixation
10:21:21.4553,677.3,718.6,fixation
10:21:21.4558,676.3,719.8,fixation
10:21:21.4563,676.8,719.6,fixation
10:21:21.4567,678.2,719.6,fixation
10:21:21.4572,679.4,720.7,fixation
10:21:21.4577,679.1,721.4,fixation
10:21:21.4581,678.8,722.2,fixation
10:21:21.4586,678.7,722.1,fixation
10:21:21.4591,678.8,722.3,fixation
10:21:21.4596,678.9,722.9,fixation
10:21:21.4600,679.0,723.8,fixation
10:21:21.4605,679.1,724.4,fixation
10:21:21.461,679.1,724.6,fixation
10:21:21.4614,679.1,724.4,fixation
10:21:21.4619,679.0,724.3,fixation
10:21:21.4624,679.0,726.1,fixation
10:21:21.4628,679.0,727.9,fixation
10:21:21.4633,678.0,729.9,fixation
10:21:21.4638,677.1,730.4,fixation
10:21:21.4642,676.2,731.9,fixation
10:21:21.4647,676.4,733.3,fixation
10:21:21.4652,677.6,732.8,fixation
10:21:21.4657,678.4,728.6,fixation
10:21:21.4661,679.1,724.4,fixation
10:21:21.4666,679.1,721.9,fixation
10:21:21.4671,678.9,724.3,fixation
10:21:21.4675,678.8,726.7,fixation
10:21:21.468,678.3,727.7,fixation
10:21:21.4685,677.8,726.5,fixation
10:21:21.4689,677.2,724.9,fixation
10:21:21.4694,676.7,723.9,fixation
10:21:21.4699,676.6,722.6,fixation
10:21:21.4703,677.0,721.5,fixation
10:21:21.4708,677.6,720.7,fixation
10:21:21.4713,678.2,720.1,fixation
10:21:21.4717,678.2,719.6,fixation
10:21:21.4721,677.7,718.9,fixation
10:21:21.4726,676.4,718.4,fixation
10:21:21.4731,675.2,718.1,fixation
10:21:21.4735,675.7,718.5,fixation
10:21:21.474,677.2,720.3,fixation
10:21:21.4745,678.6,722.1,fixation
10:21:21.4749,678.6,721.5,fixation
10:21:21.4754,678.5,718.9,fixation
10:21:21.4759,678.8,716.4,fixation
10:21:21.4763,679.2,717.4,fixation
10:21:21.4767,678.6,719.2,fixation
10:21:21.4772,677.6,721.3,fixation
10:21:21.4777,676.8,722.1,fixation
10:21:21.4781,677.0,722.7,fixation
10:21:21.4786,678.1,724.3,fixation
10:21:21.4791,679.4,726.0,fixation
10:21:21.4795,680.7,727.5,fixation
10:21:21.48,681.0,727.3,fixation
10:21:21.4805,681.1,727.0,fixation
10:21:21.4809,681.2,726.4,fixation
10:21:21.4813,680.6,726.0,fixation
10:21:21.4818,679.6,725.4,fixation
10:21:21.4823,678.6,725.1,fixation
10:21:21.4827,678.0,724.9,fixation
10:21:21.4832,678.0,725.0,fixation
10:21:21.4837,677.9,725.1,fixation
10:21:21.4841,677.9,722.8,fixation
10:21:21.4846,677.7,720.6,fixation
10:21:21.4851,677.4,718.6,fixation
10:21:21.4855,677.0,719.8,fixation
10:21:21.4859,676.7,721.5,fixation
10:21:21.4864,676.4,722.8,fixation
10:21:21.4869,676.3,721.9,fixation
10:21:21.4873,676.6,720.3,fixation
10:21:21.4878,677.9,719.1,fixation
10:21:21.4883,679.1,719.4,fixation
10:21:21.4887,680.1,719.6,fixation
10:21:21.4892,680.2,719.5,fixation
10:21:21.4897,680.3,719.5,fixation
10:21:21.4901,680.2,720.1,fixation
10:21:21.4906,680.1,722.0,fixation
10:21:21.4911,679.7,723.7,fixation
10:21:21.4916,679.2,724.9,fixation
10:21:21.4920,678.7,724.5,fixation
10:21:21.4925,678.4,722.9,fixation
10:21:21.493,678.1,721.3,fixation
10:21:21.4934,678.2,722.1,fixation
10:21:21.4939,679.4,724.5,fixation
10:21:21.4944,680.5,726.9,fixation
10:21:21.4948,680.1,727.0,fixation
10:21:21.4953,679.0,727.2,fixation
10:21:21.4958,677.8,729.3,fixation
10:21:21.4962,677.8,731.4,fixation
10:21:21.4967,678.5,733.5,fixation
10:21:21.4972,679.2,733.4,fixation
10:21:21.4977,680.2,733.1,fixation
10:21:21.4981,680.3,732.3,fixation
10:21:21.4986,680.3,730.0,fixation
10:21:21.4991,679.9,727.0,fixation
10:21:21.4995,679.7,724.4,fixation
10:21:21.5,679.6,722.7,fixation
10:21:21.5005,679.4,721.8,fixation
10:21:21.5009,678.5,723.5,fixation
10:21:21.5014,677.6,726.0,fixation
10:21:21.5019,677.3,728.7,fixation
10:21:21.5023,678.6,729.0,fixation
10:21:21.5028,679.9,729.2,fixation
10:21:21.5033,680.7,727.6,fixation
10:21:21.5038,680.5,725.7,fixation
10:21:21.5042,680.3,723.9,fixation
10:21:21.5047,680.4,724.1,fixation
10:21:21.5052,680.8,724.4,fixation
10:21:21.5056,681.2,725.2,fixation
10:21:21.5061,681.4,725.7,fixation
10:21:21.5066,682.1,726.3,fixation
10:21:21.5070,682.8,727.0,fixation
10:21:21.5075,683.5,728.3,fixation
10:21:21.508,684.1,729.6,fixation
10:21:21.5084,684.8,730.3,fixation
10:21:21.5089,685.1,730.6,fixation
10:21:21.5094,684.6,729.5,fixation
10:21:21.5099,684.0,727.7,fixation
10:21:21.5103,683.6,725.9,fixation
10:21:21.5108,683.5,725.4,fixation
10:21:21.5113,683.6,726.9,fixation
10:21:21.5117,684.0,728.4,fixation
10:21:21.5122,684.5,729.9,fixation
10:21:21.5127,684.7,728.2,fixation
10:21:21.5131,684.9,726.4,fixation
10:21:21.5136,685.2,727.6,fixation
10:21:21.5141,685.5,730.7,fixation
10:21:21.5145,685.6,732.7,fixation
10:21:21.515,685.8,731.6,fixation
10:21:21.5155,685.8,731.6,fixation
10:21:21.516,685.9,732.9,fixation
10:21:21.5164,685.8,733.0,fixation
10:21:21.5169,685.7,732.3,fixation
10:21:21.5174,685.5,731.6,fixation
10:21:21.5178,684.8,731.3,fixation
10:21:21.5183,684.1,730.5,fixation
10:21:21.5188,683.7,729.8,fixation
10:21:21.5192,684.5,729.9,fixation
10:21:21.5197,685.2,730.0,fixation
10:21:21.5202,685.5,730.2,fixation
10:21:21.5206,685.2,730.7,fixation
10:21:21.5211,684.9,730.6,fixation
10:21:21.5216,685.6,730.6,fixation
10:21:21.5221,686.6,729.7,fixation
10:21:21.5225,687.4,729.5,fixation
10:21:21.523,687.1,729.5,fixation
10:21:21.5235,686.8,730.4,fixation
10:21:21.5239,686.7,732.2,fixation
10:21:21.5244,686.7,733.8,fixation
10:21:21.5249,686.7,734.9,fixation
10:21:21.5253,686.5,735.5,fixation
10:21:21.5258,686.3,735.9,fixation
10:21:21.5263,685.1,734.9,fixation
10:21:21.5267,684.1,733.5,fixation
10:21:21.5272,683.7,732.2,fixation
10:21:21.5277,684.6,732.9,fixation
10:21:21.5282,685.5,733.7,fixation
10:21:21.5286,684.7,733.0,fixation
10:21:21.5291,683.4,731.0,fixation
10:21:21.5296,682.2,728.8,fixation
10:21:21.5300,682.3,728.0,fixation
10:21:21.5305,683.6,727.1,fixation
10:21:21.531,684.8,725.8,fixation
10:21:21.5314,686.2,724.6,fixation
10:21:21.5319,686.6,724.3,fixation
10:21:21.5324,687.0,724.9,fixation
10:21:21.5328,686.3,727.2,fixation
10:21:21.5333,685.4,729.2,fixation
10:21:21.5338,684.9,729.4,fixation
10:21:21.5342,686.2,728.4,fixation
10:21:21.5346,687.6,727.5,fixation
10:21:21.5351,688.2,728.1,fixation
10:21:21.5356,687.8,728.1,fixation
10:21:21.5360,687.5,728.1,fixation
10:21:21.5365,687.4,728.1,fixation
10:21:21.537,687.3,728.0,fixation
10:21:21.5374,687.1,728.0,fixation
10:21:21.5379,687.2,728.0,fixation
10:21:21.5384,687.7,728.9,fixation
10:21:21.5388,688.2,731.4,fixation
10:21:21.5392,688.6,733.8,fixation
10:21:21.5397,688.7,734.5,fixation
10:21:21.5402,689.0,733.6,fixation
10:21:21.5406,689.2,732.7,fixation
10:21:21.5411,689.3,733.5,fixation
10:21:21.5416,689.3,735.0,fixation
10:21:21.5420,689.4,737.3,fixation
10:21:21.5425,689.6,738.8,fixation
10:21:21.543,689.8,739.6,fixation
10:21:21.5434,689.9,739.6,fixation
10:21:21.5438,689.9,739.8,fixation
10:21:21.5443,689.9,740.0,fixation
10:21:21.5448,689.8,740.4,fixation
10:21:21.5452,689.7,740.6,fixation
10:21:21.5457,689.6,740.2,fixation
10:21:21.5462,689.7,739.9,fixation
10:21:21.5466,689.8,739.7,fixation
10:21:21.5471,690.2,740.6,fixation
10:21:21.5476,690.5,741.3,fixation
10:21:21.5480,690.7,741.3,fixation
10:21:21.5484,690.7,740.6,fixation
10:21:21.5489,691.0,739.7,fixation
10:21:21.5494,691.1,739.1,fixation
10:21:21.5498,691.2,738.4,fixation
10:21:21.5503,691.0,738.1,fixation
10:21:21.5508,690.9,738.0,fixation
10:21:21.5512,690.9,738.4,fixation
10:21:21.5517,690.8,739.0,fixation
10:21:21.5522,690.8,740.1,fixation
10:21:21.5526,690.5,740.7,fixation
10:21:21.5531,690.2,740.4,fixation
10:21:21.5536,689.9,739.7,fixation
10:21:21.5541,690.6,738.7,fixation
10:21:21.5545,691.5,738.2,fixation
10:21:21.555,692.4,737.7,fixation
10:21:21.5555,691.8,739.2,fixation
10:21:21.5559,691.3,740.9,fixation
10:21:21.5564,691.2,742.1,fixation
10:21:21.5569,691.6,740.8,fixation
10:21:21.5573,692.3,739.6,fixation
10:21:21.5578,692.6,738.7,fixation
10:21:21.5583,692.9,738.8,fixation
10:21:21.5587,692.5,737.0,fixation
10:21:21.5592,692.0,735.1,fixation
10:21:21.5597,691.9,735.8,fixation
10:21:21.5602,692.3,738.4,fixation
10:21:21.5606,692.8,740.9,fixation
10:21:21.5611,693.1,738.9,fixation
10:21:21.5616,693.1,736.8,fixation
10:21:21.5620,693.0,734.9,fixation
10:21:21.5625,692.7,734.9,fixation
10:21:21.563,692.4,734.6,fixation
10:21:21.5634,692.3,734.3,fixation
10:21:21.5639,692.3,733.9,fixation
10:21:21.5644,692.3,733.7,fixation
10:21:21.5648,692.3,733.5,fixation
10:21:21.5653,692.7,733.9,fixation
10:21:21.5658,693.2,734.8,fixation
10:21:21.5663,693.8,735.7,fixation
10:21:21.5667,693.9,734.9,fixation
10:21:21.5672,694.0,733.7,fixation
10:21:21.5677,694.1,732.5,fixation
10:21:21.5681,694.1,732.9,fixation
10:21:21.5686,694.1,733.3,fixation
10:21:21.5691,693.9,733.6,fixation
10:21:21.5695,693.3,733.4,fixation
10:21:21.57,692.7,733.1,fixation
10:21:21.5705,692.2,732.5,fixation
10:21:21.5709,692.0,732.0,fixation
10:21:21.5714,691.8,731.8,fixation
10:21:21.5719,691.6,732.0,fixation
10:21:21.5724,691.7,732.4,fixation
10:21:21.5728,691.7,732.8,fixation
10:21:21.5733,691.7,733.0,fixation
10:21:21.5738,692.3,734.1,fixation
10:21:21.5742,692.9,734.9,fixation
10:21:21.5747,693.5,735.4,fixation
10:21:21.5752,693.4,734.8,fixation
10:21:21.5756,693.1,734.2,fixation
10:21:21.5761,692.7,733.7,fixation
10:21:21.5766,692.5,734.1,fixation
10:21:21.5770,692.5,734.6,fixation
10:21:21.5775,692.6,735.0,fixation
10:21:21.578,692.6,735.1,fixation
10:21:21.5785,692.0,735.9,fixation
10:21:21.5789,691.0,736.7,fixation
10:21:21.5794,689.8,737.4,fixation
10:21:21.5799,689.1,736.5,fixation
10:21:21.5803,689.7,736.0,fixation
10:21:21.5808,690.4,735.4,fixation
10:21:21.5813,691.2,735.7,fixation
10:21:21.5817,691.7,736.2,fixation
10:21:21.5822,692.2,736.6,fixation
10:21:21.5827,692.7,736.9,fixation
10:21:21.5831,692.8,739.3,fixation
10:21:21.5836,692.9,741.8,fixation
10:21:21.5841,693.0,743.5,fixation
10:21:21.5846,692.9,742.1,fixation
10:21:21.5850,692.7,740.9,fixation
10:21:21.5855,692.5,740.4,fixation
10:21:21.586,692.5,739.5,fixation
10:21:21.5864,692.4,737.2,fixation
10:21:21.5869,692.4,734.8,fixation
10:21:21.5874,692.7,733.9,fixation
10:21:21.5878,692.9,734.1,fixation
10:21:21.5883,693.2,733.9,fixation
10:21:21.5888,693.1,733.2,fixation
10:21:21.5892,693.0,732.5,fixation
10:21:21.5897,692.9,732.3,fixation
10:21:21.5902,693.0,732.3,fixation
10:21:21.5907,693.1,732.7,fixation
10:21:21.5911,693.3,733.0,fixation
10:21:21.5916,693.5,733.3,fixation
10:21:21.5921,693.5,733.3,fixation
10:21:21.5925,693.4,733.8,fixation
10:21:21.593,693.2,734.8,fixation
10:21:21.5935,693.1,735.9,fixation
10:21:21.5939,693.0,736.5,fixation
10:21:21.5944,692.8,736.5,fixation
10:21:21.5949,692.7,736.5,fixation
10:21:21.5953,692.1,736.1,fixation
10:21:21.5958,691.5,735.7,fixation
10:21:21.5963,691.0,735.4,fixation
10:21:21.5967,691.1,735.6,fixation
10:21:21.5971,691.2,735.8,fixation
10:21:21.5976,691.3,735.9,fixation
10:21:21.5981,691.3,736.0,fixation
10:21:21.5985,691.3,736.2,fixation
10:21:21.599,691.4,736.2,fixation
10:21:21.5995,691.8,736.3,fixation
10:21:21.5999,692.2,736.6,fixation
10:21:21.6004,692.7,736.9,fixation
10:21:21.6009,692.7,737.1,fixation
10:21:21.6013,692.8,737.3,fixation
10:21:21.6017,693.0,736.6,fixation
10:21:21.6022,693.1,735.5,fixation
10:21:21.6027,693.0,734.3,fixation
10:21:21.6031,693.1,734.3,fixation
10:21:21.6036,693.2,735.2,fixation
10:21:21.6041,693.4,736.2,fixation
10:21:21.6045,693.3,736.6,fixation
10:21:21.605,693.2,736.6,fixation
10:21:21.6055,693.1,735.8,fixation
10:21:21.6059,693.1,734.6,fixation
10:21:21.6063,693.2,733.8,fixation
10:21:21.6068,693.4,734.3,fixation
10:21:21.6073,693.6,734.6,fixation
10:21:21.6077,693.6,734.0,fixation
10:21:21.6082,693.2,733.8,fixation
10:21:21.6087,692.4,733.6,fixation
10:21:21.6091,690.8,733.4,fixation
10:21:21.6096,689.4,732.7,fixation
10:21:21.6101,688.2,732.9,fixation
10:21:21.6105,687.9,733.7,fixation
10:21:21.6109,687.5,733.4,fixation
10:21:21.6114,688.1,732.8,fixation
10:21:21.6119,689.2,732.3,fixation
10:21:21.6123,690.6,732.5,fixation
10:21:21.6128,691.1,732.5,fixation
10:21:21.6133,691.7,732.5,fixation
10:21:21.6137,692.2,732.6,fixation
10:21:21.6142,692.6,733.0,fixation
10:21:21.6147,692.8,733.4,fixation
10:21:21.6151,693.0,734.0,fixation
10:21:21.6156,693.0,734.2,fixation
10:21:21.6161,692.9,734.7,fixation
10:21:21.6166,692.0,734.8,fixation
10:21:21.6170,691.5,735.0,fixation
10:21:21.6175,691.0,734.9,fixation
10:21:21.618,691.3,736.3,fixation
10:21:21.6184,690.3,737.4,fixation
10:21:21.6189,689.1,737.9,fixation
10:21:21.6194,687.7,737.1,fixation
10:21:21.6198,687.2,736.5,fixation
10:21:21.6203,686.6,736.5,fixation
10:21:21.6208,686.3,736.4,fixation
10:21:21.6212,685.9,736.4,fixation
10:21:21.6217,686.1,736.4,fixation
10:21:21.6222,686.3,737.0,fixation
10:21:21.6227,688.2,738.1,fixation
10:21:21.6231,689.9,739.0,fixation
10:21:21.6236,691.4,739.2,fixation
10:21:21.6241,691.2,738.5,fixation
10:21:21.6245,690.9,736.7,fixation
10:21:21.625,690.3,734.8,fixation
10:21:21.6255,689.2,733.4,fixation
10:21:21.6259,688.2,734.9,fixation
10:21:21.6264,687.7,736.5,fixation
10:21:21.6269,688.4,738.3,fixation
10:21:21.6273,689.0,738.5,fixation
10:21:21.6278,689.7,739.5,fixation
10:21:21.6283,689.6,741.0,fixation
10:21:21.6288,688.6,742.3,fixation
10:21:21.6292,687.5,742.7,fixation
10:21:21.6297,686.3,741.6,fixation
10:21:21.6302,685.9,740.5,fixation
10:21:21.6306,685.5,739.4,fixation
10:21:21.6311,687.3,739.8,fixation
10:21:21.6316,689.2,740.4,fixation
10:21:21.6320,691.0,740.9,fixation
10:21:21.6325,690.6,740.8,fixation
10:21:21.633,690.3,740.4,fixation
10:21:21.6334,690.3,740.0,fixation
10:21:21.6339,690.5,739.6,fixation
10:21:21.6344,690.8,739.3,fixation
10:21:21.6349,690.9,738.9,fixation
10:21:21.6353,691.0,738.9,fixation
10:21:21.6358,690.0,739.5,fixation
10:21:21.6363,688.3,740.4,fixation
10:21:21.6367,686.6,740.9,fixation
10:21:21.6372,685.9,741.1,fixation
10:21:21.6377,685.8,740.9,fixation
10:21:21.6381,686.3,740.6,fixation
10:21:21.6386,687.3,740.2,fixation
10:21:21.6391,688.2,739.8,fixation
10:21:21.6395,688.6,739.5,fixation
10:21:21.64,689.8,738.6,fixation
10:21:21.6405,691.3,737.7,fixation
10:21:21.641,692.4,738.2,fixation
10:21:21.6414,691.2,739.4,fixation
10:21:21.6419,690.1,740.5,fixation
10:21:21.6424,689.9,740.5,fixation
10:21:21.6428,690.5,740.7,fixation
10:21:21.6433,690.0,740.8,fixation
10:21:21.6438,687.7,740.5,fixation
10:21:21.6442,685.1,739.9,fixation
10:21:21.6447,683.6,739.4,fixation
10:21:21.6452,683.7,739.4,fixation
10:21:21.6456,684.1,739.0,fixation
10:21:21.6461,685.2,738.8,fixation
10:21:21.6466,687.8,739.7,fixation
10:21:21.6471,690.4,741.0,fixation
10:21:21.6475,692.5,742.0,fixation
10:21:21.648,691.9,741.0,fixation
10:21:21.6485,691.3,739.9,fixation
10:21:21.6489,690.5,739.0,fixation
10:21:21.6494,690.3,739.1,fixation
10:21:21.6499,689.7,739.0,fixation
10:21:21.6503,689.0,738.8,fixation
10:21:21.6508,688.4,739.0,fixation
10:21:21.6513,687.2,739.8,fixation
10:21:21.6517,686.2,740.6,fixation
10:21:21.6522,685.4,741.2,fixation
10:21:21.6527,685.5,741.6,fixation
10:21:21.6532,686.6,742.3,fixation
10:21:21.6536,687.7,742.7,fixation
10:21:21.6541,688.8,742.4,fixation
10:21:21.6546,689.2,741.1,fixation
10:21:21.6550,689.9,739.8,fixation
10:21:21.6555,690.5,736.8,fixation
10:21:21.656,690.6,734.6,fixation
10:21:21.6564,690.6,734.3,fixation
10:21:21.6569,690.6,736.8,fixation
10:21:21.6574,690.5,739.1,fixation
10:21:21.6578,690.2,739.5,fixation
10:21:21.6583,688.8,739.2,fixation
10:21:21.6588,687.5,738.9,fixation
10:21:21.6592,686.3,739.0,fixation
10:21:21.6596,686.2,739.4,fixation
10:21:21.6601,686.5,740.2,fixation
10:21:21.6606,687.9,740.7,fixation
10:21:21.6610,689.3,741.3,fixation
10:21:21.6615,690.2,741.3,fixation
10:21:21.662,690.1,741.1,fixation
10:21:21.6624,690.6,741.0,fixation
10:21:21.6629,691.0,741.2,fixation
10:21:21.6634,691.5,741.5,fixation
10:21:21.6638,690.3,741.3,fixation
10:21:21.6642,689.0,740.5,fixation
10:21:21.6647,687.7,739.7,fixation
10:21:21.6652,686.7,740.1,fixation
10:21:21.6656,685.8,741.2,fixation
10:21:21.6661,686.0,742.7,fixation
10:21:21.6666,687.1,743.2,fixation
10:21:21.6670,688.3,743.7,fixation
10:21:21.6675,688.3,743.9,fixation
10:21:21.668,688.2,743.3,fixation
10:21:21.6684,688.5,740.5,fixation
10:21:21.6688,688.8,737.6,fixation
10:21:21.6693,688.3,736.1,fixation
10:21:21.6698,687.6,736.8,fixation
10:21:21.6702,686.8,737.4,fixation
10:21:21.6707,686.4,737.3,fixation
10:21:21.6712,685.9,737.6,fixation
10:21:21.6716,685.4,738.3,fixation
10:21:21.6721,685.8,742.7,saccade
10:21:21.6726,686.9,745.2,saccade
10:21:21.6730,687.9,746.7,saccade
10:21:21.6734,688.9,746.7,saccade
10:21:21.6739,689.2,744.7,saccade
10:21:21.6744,689.3,742.7,saccade
10:21:21.6748,689.3,741.9,saccade
10:21:21.6753,689.3,742.9,saccade
10:21:21.6758,689.6,744.1,saccade
10:21:21.6762,689.8,743.7,saccade
10:21:21.6767,690.1,743.3,saccade
10:21:21.6772,690.3,742.9,saccade
10:21:21.6776,690.4,742.8,saccade
10:21:21.6781,690.4,741.0,saccade
10:21:21.6786,690.5,736.5,saccade
10:21:21.6791,690.8,728.1,saccade
10:21:21.6795,691.1,720.7,saccade
10:21:21.68,691.1,713.7,saccade
10:21:21.6805,690.7,709.1,saccade
10:21:21.6809,690.3,700.7,saccade
10:21:21.6814,689.6,692.8,saccade
10:21:21.6819,689.3,686.2,saccade
10:21:21.6823,688.9,679.0,saccade
10:21:21.6828,687.5,671.6,saccade
10:21:21.6833,685.7,658.5,saccade
10:21:21.6837,683.5,644.7,saccade
10:21:21.6842,682.5,629.9,saccade
10:21:21.6847,681.5,617.8,saccade
10:21:21.6852,680.4,606.6,saccade
10:21:21.6856,678.3,593.7,saccade
10:21:21.6861,675.7,582.8,saccade
10:21:21.6866,672.9,568.4,saccade
10:21:21.6870,670.2,555.8,saccade
10:21:21.6875,667.5,541.8,saccade
10:21:21.688,665.0,530.1,saccade
10:21:21.6884,662.8,518.4,saccade
10:21:21.6889,660.7,502.2,saccade
10:21:21.6894,659.1,487.1,saccade
10:21:21.6898,658.9,470.9,saccade
10:21:21.6903,659.6,456.4,saccade
10:21:21.6908,658.6,441.4,saccade
10:21:21.6913,657.2,426.9,saccade
10:21:21.6917,655.5,414.0,saccade
10:21:21.6922,655.4,401.8,saccade
10:21:21.6927,655.1,392.8,saccade
10:21:21.6931,655.2,381.6,saccade
10:21:21.6936,654.7,372.9,saccade
10:21:21.6941,654.4,360.4,saccade
10:21:21.6945,654.3,347.1,saccade
10:21:21.695,655.0,334.2,saccade
10:21:21.6955,655.5,324.3,saccade
10:21:21.6959,654.7,314.0,saccade
10:21:21.6964,653.6,302.6,saccade
10:21:21.6969,652.1,291.1,saccade
10:21:21.6974,651.1,279.9,saccade
10:21:21.6978,650.3,268.2,saccade
10:21:21.6983,650.0,253.6,saccade
10:21:21.6988,650.9,239.1,saccade
10:21:21.6992,652.1,223.8,saccade
10:21:21.6997,651.8,209.9,saccade
10:21:21.7002,651.0,197.8,saccade
10:21:21.7006,650.0,189.3,saccade
10:21:21.7011,650.6,180.0,saccade
10:21:21.7016,651.6,171.3,saccade
10:21:21.7020,653.1,158.4,saccade
10:21:21.7025,654.0,147.0,saccade
10:21:21.703,654.7,135.5,saccade
10:21:21.7035,655.4,124.3,saccade
10:21:21.7039,656.5,113.4,saccade
10:21:21.7044,657.7,103.9,saccade
10:21:21.7049,658.7,95.4,saccade
10:21:21.7053,658.6,85.8,saccade
10:21:21.7058,658.1,78.0,saccade
10:21:21.7063,658.2,71.7,saccade
10:21:21.7067,659.4,66.3,saccade
10:21:21.7072,660.5,61.3,saccade
10:21:21.7077,660.8,58.2,saccade
10:21:21.7081,661.9,55.9,saccade
10:21:21.7086,663.1,54.1,saccade
10:21:21.7091,664.4,52.4,saccade
10:21:21.7096,664.7,52.0,saccade
10:21:21.7100,664.9,51.6,saccade
10:21:21.7105,665.6,52.5,saccade
10:21:21.711,665.9,55.7,saccade
10:21:21.7114,666.1,60.0,saccade
10:21:21.7119,665.9,64.4,saccade
10:21:21.7124,667.2,68.6,saccade
10:21:21.7128,669.6,73.0,saccade
10:21:21.7133,671.8,77.7,saccade
10:21:21.7138,672.4,82.7,saccade
10:21:21.7142,672.2,87.0,saccade
10:21:21.7147,672.2,90.5,saccade
10:21:21.7152,672.1,93.5,saccade
10:21:21.7157,671.3,96.6,saccade
10:21:21.7161,669.9,104.0,saccade
10:21:21.7166,668.4,111.6,saccade
10:21:21.7171,668.0,119.3,saccade
10:21:21.7175,668.0,122.0,saccade
10:21:21.718,668.0,126.4,saccade
10:21:21.7185,667.8,131.0,saccade
10:21:21.7189,667.6,137.3,saccade
10:21:21.7194,666.5,141.6,saccade
10:21:21.7199,665.2,146.7,saccade
10:21:21.7203,662.9,150.3,saccade
10:21:21.7208,661.6,152.7,saccade
10:21:21.7213,661.0,155.4,saccade
10:21:21.7217,661.4,158.0,saccade
10:21:21.7221,661.2,160.0,saccade
10:21:21.7226,660.5,159.8,saccade
10:21:21.7231,659.5,160.0,saccade
10:21:21.7235,659.2,160.7,saccade
10:21:21.724,658.9,161.8,saccade
10:21:21.7245,658.9,163.0,saccade
10:21:21.7249,658.8,163.5,saccade
10:21:21.7254,657.5,163.4,saccade
10:21:21.7259,656.4,163.1,saccade
10:21:21.7263,655.7,163.0,saccade
10:21:21.7267,657.5,158.8,fixation
10:21:21.7272,658.8,156.7,fixation
10:21:21.7277,659.9,156.8,fixation
10:21:21.7281,660.3,156.8,fixation
10:21:21.7286,660.3,156.6,fixation
10:21:21.7291,660.5,156.5,fixation
10:21:21.7295,660.8,156.6,fixation
10:21:21.73,660.8,154.5,fixation
10:21:21.7305,660.5,151.6,fixation
10:21:21.7309,660.2,148.7,fixation
10:21:21.7313,660.4,146.3,fixation
10:21:21.7318,660.7,144.7,fixation
10:21:21.7323,661.1,143.3,fixation
10:21:21.7327,661.3,143.7,fixation
10:21:21.7332,661.5,143.7,fixation
10:21:21.7337,660.8,143.3,fixation
10:21:21.7341,660.1,143.0,fixation
10:21:21.7346,659.3,142.4,fixation
10:21:21.7351,659.3,142.0,fixation
10:21:21.7355,658.5,141.6,fixation
10:21:21.7359,657.8,141.7,fixation
10:21:21.7364,657.4,141.8,fixation
10:21:21.7369,657.9,142.0,fixation
10:21:21.7373,658.6,141.0,fixation
10:21:21.7378,658.9,139.8,fixation
10:21:21.7383,659.0,138.4,fixation
10:21:21.7387,658.9,139.1,fixation
10:21:21.7392,658.9,139.6,fixation
10:21:21.7397,658.9,140.3,fixation
10:21:21.7401,658.9,140.1,fixation
10:21:21.7406,658.7,138.1,fixation
10:21:21.7411,658.3,136.1,fixation
10:21:21.7416,657.9,134.6,fixation
10:21:21.7420,657.6,135.1,fixation
10:21:21.7425,657.1,136.3,fixation
10:21:21.743,656.8,137.0,fixation
10:21:21.7434,656.6,137.3,fixation
10:21:21.7439,656.6,136.8,fixation
10:21:21.7444,656.7,135.9,fixation
10:21:21.7448,656.7,135.3,fixation
10:21:21.7453,656.7,134.6,fixation
10:21:21.7458,657.0,135.4,fixation
10:21:21.7462,657.9,136.4,fixation
10:21:21.7467,658.8,137.4,fixation
10:21:21.7472,659.1,137.0,fixation
10:21:21.7477,658.7,136.2,fixation
10:21:21.7481,658.4,134.5,fixation
10:21:21.7486,658.4,133.2,fixation
10:21:21.7491,658.7,132.2,fixation
10:21:21.7495,658.8,133.5,fixation
10:21:21.75,658.6,135.0,fixation
10:21:21.7505,658.6,137.5,fixation
10:21:21.7509,658.6,138.4,fixation
10:21:21.7514,657.6,138.7,fixation
10:21:21.7519,656.6,137.8,fixation
10:21:21.7523,656.1,136.8,fixation
10:21:21.7528,656.8,136.3,fixation
10:21:21.7533,656.9,136.1,fixation
10:21:21.7538,656.5,135.8,fixation
10:21:21.7542,656.0,135.6,fixation
10:21:21.7547,655.5,135.4,fixation
10:21:21.7552,655.2,131.9,fixation
10:21:21.7556,656.2,128.6,fixation
10:21:21.7561,657.7,126.0,fixation
10:21:21.7566,658.1,126.8,fixation
10:21:21.7570,657.2,128.6,fixation
10:21:21.7575,656.4,130.4,fixation
10:21:21.758,656.1,132.1,fixation
10:21:21.7584,656.0,132.4,fixation
10:21:21.7589,655.9,133.4,fixation
10:21:21.7594,655.8,134.3,fixation
10:21:21.7599,655.1,134.8,fixation
10:21:21.7603,654.4,134.0,fixation
10:21:21.7608,653.6,133.2,fixation
10:21:21.7613,653.5,132.8,fixation
10:21:21.7617,653.5,132.6,fixation
10:21:21.7622,654.6,132.7,fixation
10:21:21.7627,655.7,133.0,fixation
10:21:21.7631,656.7,133.2,fixation
10:21:21.7636,656.7,133.1,fixation
10:21:21.7641,655.8,132.7,fixation
10:21:21.7645,654.9,132.4,fixation
10:21:21.765,653.8,132.5,fixation
10:21:21.7655,653.6,132.8,fixation
10:21:21.766,653.5,132.7,fixation
10:21:21.7664,652.7,131.9,fixation
10:21:21.7669,652.0,130.6,fixation
10:21:21.7674,651.2,130.2,fixation
10:21:21.7678,651.1,130.0,fixation
10:21:21.7683,650.9,130.4,fixation
10:21:21.7688,652.2,130.5,fixation
10:21:21.7692,654.9,130.9,fixation
10:21:21.7697,657.5,131.6,fixation
10:21:21.7702,658.0,130.8,fixation
10:21:21.7706,657.3,129.7,fixation
10:21:21.7711,656.8,127.7,fixation
10:21:21.7716,656.8,126.8,fixation
10:21:21.7721,656.8,125.3,fixation
10:21:21.7725,655.1,124.4,fixation
10:21:21.773,653.5,123.5,fixation
10:21:21.7735,651.8,123.2,fixation
10:21:21.7739,651.9,122.8,fixation
10:21:21.7744,651.9,122.4,fixation
10:21:21.7749,652.0,122.4,fixation
10:21:21.7753,652.7,123.1,fixation
10:21:21.7758,653.4,123.8,fixation
10:21:21.7763,654.0,124.2,fixation
10:21:21.7767,653.7,124.8,fixation
10:21:21.7772,653.6,124.8,fixation
10:21:21.7777,654.4,124.4,fixation
10:21:21.7782,655.2,123.7,fixation
10:21:21.7786,655.0,126.3,fixation
10:21:21.7791,654.0,129.3,fixation
10:21:21.7796,652.9,132.3,fixation
10:21:21.7800,651.7,130.7,fixation
10:21:21.7805,650.9,129.1,fixation
10:21:21.781,650.2,126.4,fixation
10:21:21.7814,650.7,125.5,fixation
10:21:21.7819,650.8,124.6,fixation
10:21:21.7824,650.6,124.7,fixation
10:21:21.7828,650.3,124.3,fixation
10:21:21.7833,650.2,121.8,fixation
10:21:21.7838,650.6,119.5,fixation
10:21:21.7842,650.8,118.5,fixation
